time,x,y,z,ref_x,ref_y,ref_z
0,0,0,0,0,0,0
0.01,0,0,0,0,0,0
0.02,0,0,0,0,0,0
0.03,0,0,0,0,0,0
0.04,0,0,0,0,0,0
0.05,0,0,0,0,0,0
0.06,0,0,0,0,0,0
0.07,0,0,0,0,0,0
0.08,0,0,0,0,0,0
0.09,0,0,0,0,0,0
0.1,0,0,0,0,0,0
0.11,0,0,0,0,0,0
0.12,0,0,0,0,0,0
0.13,0,0,0,0,0,0
0.14,0,0,0,0,0,0
0.15,0,0,0,0,0,0
0.16,0,0,0,0,0,0
0.17,0,0,0,0,0,0
0.18,0,0,0,0,0,0
0.19,0,0,0,0,0,0
0.2,0,0,0,0,0,0
0.21,0,0,0,0,0,0
0.22,0,0,0,0,0,0
0.23,0,0,0,0,0,0
0.24,0,0,0,0,0,0
0.25,0,0,0,0,0,0
0.26,0,0,0,0,0,0
0.27,0,0,0,0,0,0
0.28,0,0,0,0,0,0
0.29,0,0,0,0,0,0
0.3,0,0,0,0,0,0
0.31,0,0,0,0,0,0
0.32,0,0,0,0,0,0
0.33,0,0,0,0,0,0
0.34,0,0,0,0,0,0
0.35,0,0,0,0,0,0
0.36,0,0,0,0,0,0
0.37,0,0,0,0,0,0
0.38,0,0,0,0,0,0
0.39,0,0,0,0,0,0
0.4,0,0,0,0,0,0
0.41,0,0,0,0,0,0
0.42,0,0,0,0,0,0
0.43,0,0,0,0,0,0
0.44,0,0,0,0,0,0
0.45,0,0,0,0,0,0
0.46,0,0,0,0,0,0
0.47,0,0,0,0,0,0
0.48,0,0,0,0,0,0
0.49,0,0,0,0,0,0
0.5,0,0,0,0,0,0
0.51,0,0,0,0,0,0
0.52,0,0,0,0,0,0
0.53,0,0,0,0,0,0
0.54,0,0,0,0,0,0
0.55,0,0,0,0,0,0
0.56,0,0,0,0,0,0
0.57,0,0,0,0,0,0
0.58,0,0,0,0,0,0
0.59,0,0,0,0,0,0
0.6,0,0,0,0,0,0
0.61,0,0,0,0,0,0
0.62,0,0,0,0,0,0
0.63,0,0,0,0,0,0
0.64,0,0,0,0,0,0
0.65,0,0,0,0,0,0
0.66,0,0,0,0,0,0
0.67,0,0,0,0,0,0
0.68,0,0,0,0,0,0
0.69,0,0,0,0,0,0
0.7,0,0,0,0,0,0
0.71,0,0,0,0,0,0
0.72,0,0,0,0,0,0
0.73,0,0,0,0,0,0
0.74,0,0,0,0,0,0
0.75,0,0,0,0,0,0
0.76,0,0,0,0,0,0
0.77,0,0,0,0,0,0
0.78,0,0,0,0,0,0
0.79,0,0,0,0,0,0
0.8,0,0,0,0,0,0
0.81,0,0,0,0,0,0
0.82,0,0,0,0,0,0
0.83,0,0,0,0,0,0
0.839999,0,0,0,0,0,0
0.849999,0,0,0,0,0,0
0.859999,0,0,0,0,0,0
0.869999,0,0,0,0,0,0
0.879999,0,0,0,0,0,0
0.889999,0,0,0,0,0,0
0.899999,0,0,0,0,0,0
0.909999,0,0,0,0,0,0
0.919999,0,0,0,0,0,0
0.929999,0,0,0,0,0,0
0.939999,0,0,0,0,0,0
0.949999,0,0,0,0,0,0
0.959999,0,0,0,0,0,0
0.969999,0,0,0,0,0,0
0.979999,0,0,0,0,0,0
0.989999,0,0,0,0,0,0
0.999999,0,0,0,0,0,0
1.01,0,0,0,0,0,0
1.02,0,0,0,0,0,0
1.03,0,0,0,0,0,0
1.04,0,0,0,0,0,0
1.05,0,0,0,0,0,0
1.06,0,0,0,0,0,0
1.07,0,0,0,0,0,0
1.08,0,0,0,0,0,0
1.09,0,0,0,0,0,0
1.1,0,0,0,0,0,0
1.11,0,0,0,0,0,0
1.12,0,0,0,0,0,0
1.13,0,0,0,0,0,0
1.14,0,0,0,0,0,0
1.15,0,0,0,0,0,0
1.16,0,0,0,0,0,0
1.17,0,0,0,0,0,0
1.18,0,0,0,0,0,0
1.19,0,0,0,0,0,0
1.2,0,0,0,0,0,0
1.21,0,0,0,0,0,0
1.22,0,0,0,0,0,0
1.23,0,0,0,0,0,0
1.24,0,0,0,0,0,0
1.25,0,0,0,0,0,0
1.26,0,0,0,0,0,0
1.27,0,0,0,0,0,0
1.28,0,0,0,0,0,0
1.29,0,0,0,0,0,0
1.3,0,0,0,0,0,0
1.31,0,0,0,0,0,0
1.32,0,0,0,0,0,0
1.33,0,0,0,0,0,0
1.34,0,0,0,0,0,0
1.35,0,0,0,0,0,0
1.36,0,0,0,0,0,0
1.37,0,0,0,0,0,0
1.38,0,0,0,0,0,0
1.39,0,0,0,0,0,0
1.4,0,0,0,0,0,0
1.41,0,0,0,0,0,0
1.42,0,0,0,0,0,0
1.43,0,0,0,0,0,0
1.44,0,0,0,0,0,0
1.45,0,0,0,0,0,0
1.46,0,0,0,0,0,0
1.47,0,0,0,0,0,0
1.48,0,0,0,0,0,0
1.49,0,0,0,0,0,0
1.5,0,0,0,0,0,0
1.51,0,0,0,0,0,0
1.52,0,0,0,0,0,0
1.53,0,0,0,0,0,0
1.54,0,0,0,0,0,0
1.55,0,0,0,0,0,0
1.56,0,0,0,0,0,0
1.57,0,0,0,0,0,0
1.58,0,0,0,0,0,0
1.59,0,0,0,0,0,0
1.6,0,0,0,0,0,0
1.61,0,0,0,0,0,0
1.62,0,0,0,0,0,0
1.63,0,0,0,0,0,0
1.64,0,0,0,0,0,0
1.65,0,0,0,0,0,0
1.66,0,0,0,0,0,0
1.67,0,0,0,0,0,0
1.68,0,0,0,0,0,0
1.69,0,0,0,0,0,0
1.7,0,0,0,0,0,0
1.71,0,0,0,0,0,0
1.72,0,0,0,0,0,0
1.73,0,0,0,0,0,0
1.74,0,0,0,0,0,0
1.75,0,0,0,0,0,0
1.76,0,0,0,0,0,0
1.77,0,0,0,0,0,0
1.78,0,0,0,0,0,0
1.79,0,0,0,0,0,0
1.8,0,0,0,0,0,0
1.81,0,0,0,0,0,0
1.82,0,0,0,0,0,0
1.83,0,0,0,0,0,0
1.84,0,0,0,0,0,0
1.85,0,0,0,0,0,0
1.86,0,0,0,0,0,0
1.87,0,0,0,0,0,0
1.88,0,0,0,0,0,0
1.89,0,0,0,0,0,0
1.9,0,0,0,0,0,0
1.91,0,0,0,0,0,0
1.92,0,0,0,0,0,0
1.93,0,0,0,0,0,0
1.94,0,0,0,0,0,0
1.95,0,0,0,0,0,0
1.96,0,0,0,0,0,0
1.97,0,0,0,0,0,0
1.98,0,0,0,0,0,0
1.99,0,0,0,-3,-3,1.5
2,-4.90262e-06,-3.99616e-06,0.00148731,-3,-3,1.5
2.01,-6.21108e-05,-5.06105e-05,0.00542406,-3,-3,1.5
2.02,-0.000259001,-0.000211507,0.0111293,-3,-3,1.5
2.03,-0.000705487,-0.000583537,0.0185617,-3,-3,1.5
2.04,-0.00152329,-0.00127719,0.027935,-3,-3,1.5
2.05,-0.00269866,-0.00228121,0.0387045,-3,-3,1.5
2.06,-0.00413603,-0.00351014,0.0500975,-3,-3,1.5
2.07,-0.00583874,-0.00496436,0.0621449,-3,-3,1.5
2.08,-0.00776098,-0.00660749,0.0746363,-3,-3,1.5
2.09,-0.00981799,-0.00836667,0.0871097,-3,-3,1.5
2.1,-0.0119899,-0.0102138,0.0994894,-3,-3,1.5
2.11,-0.0142476,-0.0121177,0.111589,-3,-3,1.5
2.12,-0.0165606,-0.0140548,0.123191,-3,-3,1.5
2.13,-0.0189212,-0.0160193,0.134264,-3,-3,1.5
2.14,-0.021325,-0.0180074,0.144816,-3,-3,1.5
2.15,-0.0237817,-0.0200224,0.155031,-3,-3,1.5
2.16,-0.0262952,-0.0220649,0.165063,-3,-3,1.5
2.17,-0.0288533,-0.0241279,0.174848,-3,-3,1.5
2.18,-0.0314465,-0.0262066,0.184379,-3,-3,1.5
2.19,-0.0340659,-0.0282955,0.193615,-3,-3,1.5
2.2,-0.0367049,-0.0303908,0.202537,-3,-3,1.5
2.21,-0.039362,-0.0324922,0.211215,-3,-3,1.5
2.22,-0.0420335,-0.0346001,0.219591,-3,-3,1.5
2.23,-0.0447227,-0.0367195,0.227854,-3,-3,1.5
2.24,-0.0474334,-0.0388567,0.236095,-3,-3,1.5
2.25,-0.0501602,-0.0410109,0.244031,-3,-3,1.5
2.26,-0.0529085,-0.0431921,0.251842,-3,-3,1.5
2.27,-0.0556914,-0.0454174,0.259815,-3,-3,1.5
2.28,-0.0585223,-0.0477001,0.268018,-3,-3,1.5
2.29,-0.0614057,-0.0500424,0.276361,-3,-3,1.5
2.3,-0.0643569,-0.0524586,0.285012,-3,-3,1.5
2.31,-0.0673817,-0.0549484,0.293974,-3,-3,1.5
2.32,-0.0704676,-0.0574949,0.302963,-3,-3,1.5
2.33,-0.0736262,-0.0601073,0.312169,-3,-3,1.5
2.34,-0.0768432,-0.0627714,0.321382,-3,-3,1.5
2.35,-0.0800873,-0.0654584,0.33011,-3,-3,1.5
2.36,-0.08336,-0.0681683,0.338467,-3,-3,1.5
2.37,-0.0866682,-0.0709051,0.346683,-3,-3,1.5
2.38,-0.0900094,-0.0736641,0.354772,-3,-3,1.5
2.39,-0.0933823,-0.076442,0.362772,-3,-3,1.5
2.4,-0.0967823,-0.0792348,0.370676,-3,-3,1.5
2.41,-0.100205,-0.0820395,0.378477,-3,-3,1.5
2.42,-0.103645,-0.0848538,0.386104,-3,-3,1.5
2.43,-0.1071,-0.0876795,0.393685,-3,-3,1.5
2.44,-0.110574,-0.0905194,0.401344,-3,-3,1.5
2.45,-0.114064,-0.0933757,0.409038,-3,-3,1.5
2.46,-0.117567,-0.0962476,0.416514,-3,-3,1.5
2.47,-0.121082,-0.0991432,0.423775,-3,-3,1.5
2.48,-0.124615,-0.102079,0.431096,-3,-3,1.5
2.49,-0.128173,-0.105064,0.438551,-3,-3,1.5
2.5,-0.131761,-0.108104,0.446097,-3,-3,1.5
2.51,-0.135385,-0.111196,0.453679,-3,-3,1.5
2.52,-0.139049,-0.114345,0.461304,-3,-3,1.5
2.53,-0.142753,-0.117544,0.468881,-3,-3,1.5
2.54,-0.146508,-0.120801,0.476533,-3,-3,1.5
2.55,-0.150315,-0.124112,0.484208,-3,-3,1.5
2.56,-0.154179,-0.127483,0.49197,-3,-3,1.5
2.57,-0.158099,-0.130914,0.499865,-3,-3,1.5
2.58,-0.162057,-0.134386,0.507622,-3,-3,1.5
2.59,-0.166047,-0.137893,0.515245,-3,-3,1.5
2.6,-0.170065,-0.141431,0.522738,-3,-3,1.5
2.61,-0.174109,-0.145001,0.530158,-3,-3,1.5
2.62,-0.178176,-0.148602,0.537539,-3,-3,1.5
2.63,-0.182263,-0.152229,0.544798,-3,-3,1.5
2.64,-0.186363,-0.155877,0.551821,-3,-3,1.5
2.65,-0.190479,-0.159546,0.558796,-3,-3,1.5
2.66,-0.194611,-0.163238,0.565776,-3,-3,1.5
2.67,-0.198754,-0.166945,0.572509,-3,-3,1.5
2.68,-0.202911,-0.170672,0.579034,-3,-3,1.5
2.69,-0.207081,-0.174423,0.585416,-3,-3,1.5
2.7,-0.211266,-0.178203,0.59179,-3,-3,1.5
2.71,-0.215471,-0.182027,0.598402,-3,-3,1.5
2.72,-0.219695,-0.18589,0.605064,-3,-3,1.5
2.73,-0.223939,-0.189791,0.611606,-3,-3,1.5
2.74,-0.228212,-0.193739,0.618304,-3,-3,1.5
2.75,-0.232516,-0.197737,0.625164,-3,-3,1.5
2.76,-0.23685,-0.201778,0.631998,-3,-3,1.5
2.77,-0.241215,-0.205859,0.638752,-3,-3,1.5
2.78,-0.245614,-0.209981,0.645553,-3,-3,1.5
2.79,-0.250046,-0.21414,0.652379,-3,-3,1.5
2.8,-0.254502,-0.218324,0.658978,-3,-3,1.5
2.81,-0.258981,-0.222534,0.665394,-3,-3,1.5
2.82,-0.263484,-0.226775,0.671766,-3,-3,1.5
2.83,-0.268009,-0.231042,0.677957,-3,-3,1.5
2.84,-0.272552,-0.235336,0.683921,-3,-3,1.5
2.85,-0.277121,-0.239666,0.68987,-3,-3,1.5
2.86,-0.281718,-0.244037,0.695936,-3,-3,1.5
2.87,-0.286344,-0.248451,0.702105,-3,-3,1.5
2.88,-0.290997,-0.252903,0.708296,-3,-3,1.5
2.89,-0.295673,-0.257387,0.714378,-3,-3,1.5
2.9,-0.300368,-0.261896,0.720213,-3,-3,1.5
2.91,-0.305085,-0.266436,0.725984,-3,-3,1.5
2.92,-0.309824,-0.271006,0.731694,-3,-3,1.5
2.93,-0.314584,-0.275608,0.737336,-3,-3,1.5
2.94,-0.319371,-0.280249,0.743024,-3,-3,1.5
2.95,-0.324178,-0.284919,0.748506,-3,-3,1.5
2.96,-0.329014,-0.289624,0.754011,-3,-3,1.5
2.97,-0.333887,-0.29438,0.75989,-3,-3,1.5
2.98,-0.338786,-0.299176,0.76582,-3,-3,1.5
2.99,-0.34371,-0.304008,0.771685,-3,-3,1.5
3,-0.348657,-0.308874,0.777504,-3,-3,1.5
3.01,-0.353623,-0.313764,0.783086,-3,-3,1.5
3.02,-0.358606,-0.318677,0.788483,-3,-3,1.5
3.03,-0.363604,-0.323609,0.793578,-3,-3,1.5
3.04,-0.368614,-0.328561,0.798421,-3,-3,1.5
3.05,-0.373643,-0.333549,0.803448,-3,-3,1.5
3.06,-0.378686,-0.338566,0.808548,-3,-3,1.5
3.07,-0.383741,-0.343606,0.813475,-3,-3,1.5
3.08,-0.388807,-0.348667,0.818264,-3,-3,1.5
3.09,-0.393891,-0.353754,0.823065,-3,-3,1.5
3.1,-0.398995,-0.35887,0.827997,-3,-3,1.5
3.11,-0.404121,-0.364021,0.833127,-3,-3,1.5
3.12,-0.409268,-0.369205,0.838346,-3,-3,1.5
3.13,-0.41443,-0.374417,0.843452,-3,-3,1.5
3.14,-0.419605,-0.379655,0.848364,-3,-3,1.5
3.15,-0.424795,-0.384921,0.85315,-3,-3,1.5
3.16,-0.430001,-0.390223,0.858015,-3,-3,1.5
3.17,-0.435223,-0.395561,0.86286,-3,-3,1.5
3.18,-0.440462,-0.400932,0.867635,-3,-3,1.5
3.19,-0.445721,-0.406339,0.872473,-3,-3,1.5
3.2,-0.450995,-0.411771,0.877226,-3,-3,1.5
3.21,-0.456283,-0.417221,0.881692,-3,-3,1.5
3.22,-0.461589,-0.42269,0.886051,-3,-3,1.5
3.23,-0.46691,-0.428176,0.890282,-3,-3,1.5
3.24,-0.472246,-0.433681,0.894503,-3,-3,1.5
3.25,-0.477596,-0.439203,0.898774,-3,-3,1.5
3.26,-0.482956,-0.444737,0.902948,-3,-3,1.5
3.27,-0.488326,-0.450284,0.907032,-3,-3,1.5
3.28,-0.493707,-0.455845,0.911011,-3,-3,1.5
3.29,-0.499103,-0.461423,0.915148,-3,-3,1.5
3.3,-0.504508,-0.467014,0.919289,-3,-3,1.5
3.31,-0.509921,-0.472616,0.923305,-3,-3,1.5
3.32,-0.515343,-0.478228,0.92733,-3,-3,1.5
3.33,-0.520775,-0.483848,0.931331,-3,-3,1.5
3.34,-0.526217,-0.489475,0.93536,-3,-3,1.5
3.35,-0.531669,-0.495108,0.939291,-3,-3,1.5
3.36,-0.537127,-0.500746,0.943031,-3,-3,1.5
3.37,-0.54259,-0.506388,0.94674,-3,-3,1.5
3.38,-0.548054,-0.512038,0.950493,-3,-3,1.5
3.39,-0.553517,-0.517699,0.954316,-3,-3,1.5
3.4,-0.558979,-0.523373,0.958144,-3,-3,1.5
3.41,-0.56444,-0.529064,0.961925,-3,-3,1.5
3.42,-0.569902,-0.534779,0.965725,-3,-3,1.5
3.43,-0.575365,-0.54052,0.969422,-3,-3,1.5
3.44,-0.580824,-0.546293,0.973003,-3,-3,1.5
3.45,-0.58628,-0.552104,0.976515,-3,-3,1.5
3.46,-0.591731,-0.557959,0.980021,-3,-3,1.5
3.47,-0.597176,-0.563867,0.983674,-3,-3,1.5
3.48,-0.60262,-0.569826,0.987406,-3,-3,1.5
3.49,-0.608067,-0.575839,0.9913,-3,-3,1.5
3.5,-0.61352,-0.581906,0.99528,-3,-3,1.5
3.51,-0.618978,-0.588014,0.99915,-3,-3,1.5
3.52,-0.62444,-0.594166,1.00301,-3,-3,1.5
3.53,-0.62991,-0.600351,1.00676,-3,-3,1.5
3.54,-0.635394,-0.606562,1.01049,-3,-3,1.5
3.55,-0.640898,-0.612789,1.01412,-3,-3,1.5
3.56,-0.646422,-0.619023,1.01762,-3,-3,1.5
3.57,-0.651975,-0.625257,1.02112,-3,-3,1.5
3.58,-0.657557,-0.631486,1.02449,-3,-3,1.5
3.59,-0.66317,-0.637706,1.02769,-3,-3,1.5
3.6,-0.668814,-0.643917,1.03065,-3,-3,1.5
3.61,-0.674498,-0.650115,1.03355,-3,-3,1.5
3.62,-0.680235,-0.656296,1.03669,-3,-3,1.5
3.63,-0.686014,-0.66246,1.03996,-3,-3,1.5
3.64,-0.691821,-0.668611,1.04313,-3,-3,1.5
3.65,-0.697647,-0.674749,1.04622,-3,-3,1.5
3.66,-0.703486,-0.680874,1.04924,-3,-3,1.5
3.67,-0.709329,-0.686986,1.05217,-3,-3,1.5
3.68,-0.715173,-0.693086,1.05505,-3,-3,1.5
3.69,-0.721014,-0.699176,1.05784,-3,-3,1.5
3.7,-0.726845,-0.705255,1.06068,-3,-3,1.5
3.71,-0.732659,-0.711323,1.06359,-3,-3,1.5
3.72,-0.738452,-0.717382,1.06653,-3,-3,1.5
3.73,-0.744227,-0.723437,1.06932,-3,-3,1.5
3.74,-0.749987,-0.729493,1.07195,-3,-3,1.5
3.75,-0.755727,-0.735561,1.07483,-3,-3,1.5
3.76,-0.761455,-0.741646,1.07789,-3,-3,1.5
3.77,-0.767178,-0.747747,1.08083,-3,-3,1.5
3.78,-0.7729,-0.753871,1.08371,-3,-3,1.5
3.79,-0.778618,-0.76002,1.08656,-3,-3,1.5
3.8,-0.78433,-0.766197,1.08936,-3,-3,1.5
3.81,-0.790032,-0.772401,1.09203,-3,-3,1.5
3.82,-0.795725,-0.778638,1.09471,-3,-3,1.5
3.83,-0.801408,-0.784918,1.09761,-3,-3,1.5
3.84,-0.807086,-0.791235,1.10055,-3,-3,1.5
3.85,-0.812766,-0.797585,1.10345,-3,-3,1.5
3.86,-0.818454,-0.803969,1.10633,-3,-3,1.5
3.87,-0.824154,-0.810384,1.10906,-3,-3,1.5
3.88,-0.829875,-0.816839,1.11186,-3,-3,1.5
3.89,-0.835622,-0.823336,1.11481,-3,-3,1.5
3.9,-0.84139,-0.829862,1.11765,-3,-3,1.5
3.91,-0.847179,-0.836415,1.12043,-3,-3,1.5
3.92,-0.852989,-0.842996,1.1232,-3,-3,1.5
3.93,-0.858822,-0.849612,1.12613,-3,-3,1.5
3.94,-0.864676,-0.856264,1.12915,-3,-3,1.5
3.95,-0.870543,-0.862941,1.13197,-3,-3,1.5
3.96,-0.876425,-0.869643,1.13457,-3,-3,1.5
3.97,-0.882326,-0.876381,1.13726,-3,-3,1.5
3.98,-0.888249,-0.883151,1.14004,-3,-3,1.5
3.99,-0.894188,-0.889946,1.14274,-3,-3,1.5
4,-0.900144,-0.89676,1.14536,-3,-3,1.5
4.01,-0.906117,-0.903589,1.14774,-3,-3,1.5
4.02,-0.912115,-0.910435,1.15018,-3,-3,1.5
4.03,-0.918143,-0.917294,1.15275,-3,-3,1.5
4.04,-0.924203,-0.924158,1.1554,-3,-3,1.5
4.05,-0.930292,-0.931023,1.15802,-3,-3,1.5
4.06,-0.936405,-0.937881,1.16049,-3,-3,1.5
4.07,-0.942542,-0.944726,1.16289,-3,-3,1.5
4.08,-0.948699,-0.951552,1.16524,-3,-3,1.5
4.09,-0.954877,-0.958349,1.16761,-3,-3,1.5
4.1,-0.961068,-0.965117,1.16982,-3,-3,1.5
4.11,-0.967266,-0.971847,1.17188,-3,-3,1.5
4.12,-0.973469,-0.978531,1.17388,-3,-3,1.5
4.13,-0.979672,-0.985176,1.17562,-3,-3,1.5
4.14,-0.985874,-0.991777,1.17718,-3,-3,1.5
4.15,-0.992076,-0.998322,1.17879,-3,-3,1.5
4.16,-0.998276,-1.00482,1.18045,-3,-3,1.5
4.17,-1.00447,-1.01127,1.18209,-3,-3,1.5
4.18,-1.01067,-1.01769,1.18368,-3,-3,1.5
4.19,-1.01686,-1.02407,1.18524,-3,-3,1.5
4.2,-1.02305,-1.03042,1.18688,-3,-3,1.5
4.21,-1.02923,-1.03673,1.18863,-3,-3,1.5
4.22,-1.03541,-1.04302,1.19045,-3,-3,1.5
4.23,-1.04159,-1.04928,1.19225,-3,-3,1.5
4.24,-1.04776,-1.05551,1.19404,-3,-3,1.5
4.25,-1.05394,-1.06172,1.19589,-3,-3,1.5
4.26,-1.0601,-1.0679,1.19769,-3,-3,1.5
4.27,-1.06626,-1.07406,1.19944,-3,-3,1.5
4.28,-1.07242,-1.08019,1.20125,-3,-3,1.5
4.29,-1.07856,-1.0863,1.20308,-3,-3,1.5
4.3,-1.08469,-1.09238,1.2049,-3,-3,1.5
4.31,-1.09082,-1.09844,1.20672,-3,-3,1.5
4.32,-1.09693,-1.10448,1.20847,-3,-3,1.5
4.33,-1.10304,-1.1105,1.21017,-3,-3,1.5
4.34,-1.10915,-1.1165,1.21187,-3,-3,1.5
4.35,-1.11524,-1.12248,1.21354,-3,-3,1.5
4.36,-1.12132,-1.12845,1.21514,-3,-3,1.5
4.37001,-1.12739,-1.13439,1.21669,-3,-3,1.5
4.38001,-1.13345,-1.14031,1.21825,-3,-3,1.5
4.39001,-1.1395,-1.14622,1.21982,-3,-3,1.5
4.40001,-1.14554,-1.1521,1.22142,-3,-3,1.5
4.41001,-1.15156,-1.15796,1.22309,-3,-3,1.5
4.42001,-1.15758,-1.1638,1.22475,-3,-3,1.5
4.43001,-1.16359,-1.16963,1.22641,-3,-3,1.5
4.44001,-1.16959,-1.17543,1.22808,-3,-3,1.5
4.45001,-1.17559,-1.18122,1.22972,-3,-3,1.5
4.46001,-1.18158,-1.18699,1.23138,-3,-3,1.5
4.47001,-1.18756,-1.19274,1.23303,-3,-3,1.5
4.48001,-1.19354,-1.19847,1.23465,-3,-3,1.5
4.49001,-1.19951,-1.20419,1.23622,-3,-3,1.5
4.50001,-1.20547,-1.20989,1.23781,-3,-3,1.5
4.51001,-1.21143,-1.21556,1.23941,-3,-3,1.5
4.52001,-1.21737,-1.22122,1.24091,-3,-3,1.5
4.53001,-1.22331,-1.22687,1.24224,-3,-3,1.5
4.54001,-1.22923,-1.23249,1.24345,-3,-3,1.5
4.55001,-1.23515,-1.23809,1.24468,-3,-3,1.5
4.56001,-1.24104,-1.24367,1.24592,-3,-3,1.5
4.57001,-1.24693,-1.24923,1.24716,-3,-3,1.5
4.58001,-1.2528,-1.25476,1.24848,-3,-3,1.5
4.59001,-1.25865,-1.26028,1.24985,-3,-3,1.5
4.60001,-1.26449,-1.26578,1.2512,-3,-3,1.5
4.61001,-1.27031,-1.27126,1.25257,-3,-3,1.5
4.62001,-1.27611,-1.27673,1.25393,-3,-3,1.5
4.63001,-1.2819,-1.28219,1.25528,-3,-3,1.5
4.64001,-1.28766,-1.28763,1.25669,-3,-3,1.5
4.65001,-1.29341,-1.29307,1.25808,-3,-3,1.5
4.66001,-1.29914,-1.29851,1.2594,-3,-3,1.5
4.67001,-1.30486,-1.30394,1.26068,-3,-3,1.5
4.68001,-1.31055,-1.30936,1.26193,-3,-3,1.5
4.69001,-1.31624,-1.31478,1.26311,-3,-3,1.5
4.70001,-1.3219,-1.32019,1.26431,-3,-3,1.5
4.71001,-1.32754,-1.32559,1.26553,-3,-3,1.5
4.72001,-1.33316,-1.33098,1.26679,-3,-3,1.5
4.73001,-1.33876,-1.33635,1.2681,-3,-3,1.5
4.74001,-1.34434,-1.34171,1.26938,-3,-3,1.5
4.75001,-1.34991,-1.34706,1.27066,-3,-3,1.5
4.76001,-1.35546,-1.35239,1.27193,-3,-3,1.5
4.77001,-1.361,-1.3577,1.27318,-3,-3,1.5
4.78001,-1.36651,-1.363,1.27437,-3,-3,1.5
4.79001,-1.37201,-1.36829,1.27548,-3,-3,1.5
4.80001,-1.37749,-1.37355,1.27654,-3,-3,1.5
4.81002,-1.38296,-1.3788,1.2776,-3,-3,1.5
4.82002,-1.38841,-1.38402,1.2787,-3,-3,1.5
4.83002,-1.39384,-1.38922,1.27987,-3,-3,1.5
4.84002,-1.39926,-1.3944,1.28105,-3,-3,1.5
4.85002,-1.40466,-1.39956,1.28224,-3,-3,1.5
4.86002,-1.41004,-1.40471,1.28342,-3,-3,1.5
4.87002,-1.4154,-1.40984,1.2846,-3,-3,1.5
4.88002,-1.42074,-1.41496,1.28577,-3,-3,1.5
4.89002,-1.42607,-1.42007,1.2869,-3,-3,1.5
4.90002,-1.43137,-1.42517,1.28801,-3,-3,1.5
4.91002,-1.43666,-1.43025,1.28911,-3,-3,1.5
4.92002,-1.44192,-1.43533,1.2902,-3,-3,1.5
4.93002,-1.44717,-1.4404,1.29135,-3,-3,1.5
4.94002,-1.45239,-1.44545,1.29251,-3,-3,1.5
4.95002,-1.4576,-1.4505,1.29364,-3,-3,1.5
4.96002,-1.46278,-1.45553,1.29472,-3,-3,1.5
4.97002,-1.46795,-1.46054,1.2958,-3,-3,1.5
4.98002,-1.47309,-1.46554,1.29689,-3,-3,1.5
4.99002,-1.47822,-1.47053,1.29795,-3,-3,1.5
5.00002,-1.48332,-1.47551,1.29897,-3,-3,1.5
5.01002,-1.48841,-1.48047,1.29993,-3,-3,1.5
5.02002,-1.49348,-1.48542,1.30092,-3,-3,1.5
5.03002,-1.49854,-1.49035,1.30196,-3,-3,1.5
5.04002,-1.50357,-1.49527,1.30304,-3,-3,1.5
5.05002,-1.5086,-1.50018,1.30409,-3,-3,1.5
5.06002,-1.5136,-1.50507,1.30518,-3,-3,1.5
5.07002,-1.5186,-1.50995,1.30625,-3,-3,1.5
5.08002,-1.52357,-1.51481,1.30724,-3,-3,1.5
5.09002,-1.52854,-1.51966,1.30825,-3,-3,1.5
5.10002,-1.53348,-1.5245,1.30924,-3,-3,1.5
5.11002,-1.53842,-1.52932,1.31023,-3,-3,1.5
5.12002,-1.54334,-1.53413,1.31123,-3,-3,1.5
5.13002,-1.54824,-1.53893,1.31217,-3,-3,1.5
5.14002,-1.55313,-1.54371,1.31315,-3,-3,1.5
5.15002,-1.55801,-1.54848,1.31418,-3,-3,1.5
5.16002,-1.56288,-1.55324,1.31516,-3,-3,1.5
5.17002,-1.56773,-1.55799,1.3161,-3,-3,1.5
5.18002,-1.57256,-1.56273,1.31701,-3,-3,1.5
5.19002,-1.57738,-1.56745,1.31791,-3,-3,1.5
5.20002,-1.58219,-1.57216,1.31874,-3,-3,1.5
5.21002,-1.58698,-1.57685,1.31954,-3,-3,1.5
5.22002,-1.59176,-1.58153,1.32037,-3,-3,1.5
5.23002,-1.59652,-1.5862,1.32118,-3,-3,1.5
5.24003,-1.60128,-1.59085,1.32197,-3,-3,1.5
5.25003,-1.60601,-1.59548,1.32278,-3,-3,1.5
5.26003,-1.61073,-1.6001,1.32357,-3,-3,1.5
5.27003,-1.61543,-1.6047,1.32431,-3,-3,1.5
5.28003,-1.62011,-1.60929,1.32514,-3,-3,1.5
5.29003,-1.62477,-1.61386,1.32605,-3,-3,1.5
5.30003,-1.62941,-1.61842,1.32692,-3,-3,1.5
5.31003,-1.63404,-1.62297,1.32776,-3,-3,1.5
5.32003,-1.63865,-1.62751,1.32858,-3,-3,1.5
5.33003,-1.64324,-1.63204,1.32943,-3,-3,1.5
5.34003,-1.64782,-1.63655,1.33029,-3,-3,1.5
5.35003,-1.65239,-1.64104,1.33115,-3,-3,1.5
5.36003,-1.65694,-1.64552,1.33198,-3,-3,1.5
5.37003,-1.66148,-1.64999,1.3328,-3,-3,1.5
5.38003,-1.66601,-1.65443,1.33363,-3,-3,1.5
5.39003,-1.67053,-1.65886,1.33443,-3,-3,1.5
5.40003,-1.67503,-1.66328,1.33518,-3,-3,1.5
5.41003,-1.67953,-1.66768,1.33591,-3,-3,1.5
5.42003,-1.68401,-1.67207,1.33662,-3,-3,1.5
5.43003,-1.68847,-1.67644,1.33733,-3,-3,1.5
5.44003,-1.69293,-1.6808,1.33803,-3,-3,1.5
5.45003,-1.69737,-1.68515,1.33872,-3,-3,1.5
5.46003,-1.70179,-1.68948,1.33939,-3,-3,1.5
5.47003,-1.7062,-1.6938,1.3401,-3,-3,1.5
5.48003,-1.71059,-1.69811,1.34081,-3,-3,1.5
5.49003,-1.71497,-1.70241,1.34152,-3,-3,1.5
5.50003,-1.71933,-1.70669,1.34223,-3,-3,1.5
5.51003,-1.72367,-1.71096,1.34294,-3,-3,1.5
5.52003,-1.72799,-1.71521,1.34366,-3,-3,1.5
5.53003,-1.7323,-1.71945,1.34433,-3,-3,1.5
5.54003,-1.73659,-1.72367,1.345,-3,-3,1.5
5.55003,-1.74085,-1.72788,1.34572,-3,-3,1.5
5.56003,-1.7451,-1.73207,1.34649,-3,-3,1.5
5.57003,-1.74932,-1.73625,1.34726,-3,-3,1.5
5.58003,-1.75352,-1.74042,1.34796,-3,-3,1.5
5.59003,-1.75771,-1.74458,1.34864,-3,-3,1.5
5.60003,-1.76187,-1.74872,1.34934,-3,-3,1.5
5.61003,-1.76602,-1.75284,1.35002,-3,-3,1.5
5.62003,-1.77015,-1.75696,1.35067,-3,-3,1.5
5.63003,-1.77425,-1.76105,1.35132,-3,-3,1.5
5.64003,-1.77834,-1.76513,1.35197,-3,-3,1.5
5.65003,-1.78241,-1.7692,1.35266,-3,-3,1.5
5.66003,-1.78646,-1.77325,1.35335,-3,-3,1.5
5.67003,-1.79049,-1.77729,1.35398,-3,-3,1.5
5.68004,-1.79451,-1.78131,1.35461,-3,-3,1.5
5.69004,-1.7985,-1.78532,1.35523,-3,-3,1.5
5.70004,-1.80248,-1.78932,1.35581,-3,-3,1.5
5.71004,-1.80644,-1.79331,1.35645,-3,-3,1.5
5.72004,-1.81037,-1.79729,1.35712,-3,-3,1.5
5.73004,-1.81429,-1.80125,1.35779,-3,-3,1.5
5.74004,-1.81819,-1.80521,1.35843,-3,-3,1.5
5.75004,-1.82208,-1.80915,1.35906,-3,-3,1.5
5.76004,-1.82594,-1.81307,1.35969,-3,-3,1.5
5.77004,-1.82979,-1.81699,1.36035,-3,-3,1.5
5.78004,-1.83363,-1.82089,1.361,-3,-3,1.5
5.79004,-1.83745,-1.82478,1.36165,-3,-3,1.5
5.80004,-1.84126,-1.82866,1.36231,-3,-3,1.5
5.81004,-1.84505,-1.83253,1.36297,-3,-3,1.5
5.82004,-1.84883,-1.83638,1.36362,-3,-3,1.5
5.83004,-1.85259,-1.84023,1.36424,-3,-3,1.5
5.84004,-1.85633,-1.84406,1.36486,-3,-3,1.5
5.85004,-1.86006,-1.84788,1.3655,-3,-3,1.5
5.86004,-1.86377,-1.85169,1.36616,-3,-3,1.5
5.87004,-1.86747,-1.8555,1.36682,-3,-3,1.5
5.88004,-1.87115,-1.85928,1.36747,-3,-3,1.5
5.89004,-1.87482,-1.86306,1.3681,-3,-3,1.5
5.90004,-1.87848,-1.86683,1.36872,-3,-3,1.5
5.91004,-1.88212,-1.87058,1.36937,-3,-3,1.5
5.92004,-1.88574,-1.87432,1.37003,-3,-3,1.5
5.93004,-1.88936,-1.87805,1.37066,-3,-3,1.5
5.94004,-1.89296,-1.88177,1.37125,-3,-3,1.5
5.95004,-1.89654,-1.88548,1.37184,-3,-3,1.5
5.96004,-1.90012,-1.88917,1.37244,-3,-3,1.5
5.97004,-1.90368,-1.89286,1.37302,-3,-3,1.5
5.98004,-1.90723,-1.89653,1.37361,-3,-3,1.5
5.99004,-1.91077,-1.9002,1.37421,-3,-3,1.5
6.00004,-1.91429,-1.90385,1.37481,-3,-3,1.5
6.01004,-1.91781,-1.90749,1.37538,-3,-3,1.5
6.02004,-1.92131,-1.91113,1.37596,-3,-3,1.5
6.03004,-1.9248,-1.91475,1.37655,-3,-3,1.5
6.04004,-1.92828,-1.91836,1.37712,-3,-3,1.5
6.05004,-1.93175,-1.92196,1.37764,-3,-3,1.5
6.06004,-1.9352,-1.92555,1.3782,-3,-3,1.5
6.07004,-1.93865,-1.92913,1.37882,-3,-3,1.5
6.08004,-1.94209,-1.9327,1.3795,-3,-3,1.5
6.09004,-1.94551,-1.93626,1.38016,-3,-3,1.5
6.10004,-1.94893,-1.93981,1.38075,-3,-3,1.5
6.11004,-1.95234,-1.94335,1.38134,-3,-3,1.5
6.12005,-1.95573,-1.94687,1.38195,-3,-3,1.5
6.13005,-1.95912,-1.95039,1.38256,-3,-3,1.5
6.14005,-1.96249,-1.95389,1.38318,-3,-3,1.5
6.15005,-1.96585,-1.95738,1.38377,-3,-3,1.5
6.16005,-1.9692,-1.96086,1.38432,-3,-3,1.5
6.17005,-1.97254,-1.96433,1.38492,-3,-3,1.5
6.18005,-1.97587,-1.96778,1.38554,-3,-3,1.5
6.19005,-1.9792,-1.97122,1.38612,-3,-3,1.5
6.20005,-1.98251,-1.97464,1.38669,-3,-3,1.5
6.21005,-1.98581,-1.97806,1.38725,-3,-3,1.5
6.22005,-1.9891,-1.98146,1.38778,-3,-3,1.5
6.23005,-1.99238,-1.98484,1.38836,-3,-3,1.5
6.24005,-1.99565,-1.98822,1.38893,-3,-3,1.5
6.25005,-1.99891,-1.99158,1.38948,-3,-3,1.5
6.26005,-2.00215,-1.99494,1.39004,-3,-3,1.5
6.27005,-2.00539,-1.99828,1.39056,-3,-3,1.5
6.28005,-2.00862,-2.00161,1.39109,-3,-3,1.5
6.29005,-2.01184,-2.00493,1.39166,-3,-3,1.5
6.30005,-2.01505,-2.00824,1.39224,-3,-3,1.5
6.31005,-2.01824,-2.01154,1.39276,-3,-3,1.5
6.32005,-2.02143,-2.01483,1.39326,-3,-3,1.5
6.33005,-2.0246,-2.01811,1.39382,-3,-3,1.5
6.34005,-2.02776,-2.02138,1.39437,-3,-3,1.5
6.35005,-2.0309,-2.02463,1.3949,-3,-3,1.5
6.36005,-2.03403,-2.02788,1.39541,-3,-3,1.5
6.37005,-2.03716,-2.03112,1.3959,-3,-3,1.5
6.38005,-2.04027,-2.03435,1.39645,-3,-3,1.5
6.39005,-2.04337,-2.03756,1.39705,-3,-3,1.5
6.40005,-2.04647,-2.04077,1.39762,-3,-3,1.5
6.41005,-2.04955,-2.04397,1.39817,-3,-3,1.5
6.42005,-2.05263,-2.04716,1.39872,-3,-3,1.5
6.43005,-2.05569,-2.05033,1.39923,-3,-3,1.5
6.44005,-2.05875,-2.0535,1.39978,-3,-3,1.5
6.45005,-2.06179,-2.05666,1.40033,-3,-3,1.5
6.46005,-2.06482,-2.05981,1.40083,-3,-3,1.5
6.47005,-2.06783,-2.06295,1.40131,-3,-3,1.5
6.48005,-2.07084,-2.06607,1.40182,-3,-3,1.5
6.49005,-2.07383,-2.06919,1.40236,-3,-3,1.5
6.50005,-2.07682,-2.0723,1.40287,-3,-3,1.5
6.51005,-2.07979,-2.0754,1.40334,-3,-3,1.5
6.52005,-2.08276,-2.07849,1.40375,-3,-3,1.5
6.53005,-2.08571,-2.08157,1.40418,-3,-3,1.5
6.54005,-2.08865,-2.08465,1.40466,-3,-3,1.5
6.55006,-2.09158,-2.08772,1.40516,-3,-3,1.5
6.56006,-2.09451,-2.09079,1.4057,-3,-3,1.5
6.57006,-2.09742,-2.09384,1.40622,-3,-3,1.5
6.58006,-2.10033,-2.09689,1.40672,-3,-3,1.5
6.59006,-2.10323,-2.09994,1.40721,-3,-3,1.5
6.60006,-2.10612,-2.10297,1.40773,-3,-3,1.5
6.61006,-2.109,-2.106,1.40825,-3,-3,1.5
6.62006,-2.11187,-2.10903,1.40873,-3,-3,1.5
6.63006,-2.11473,-2.11204,1.40922,-3,-3,1.5
6.64006,-2.11759,-2.11505,1.40975,-3,-3,1.5
6.65006,-2.12043,-2.11804,1.41025,-3,-3,1.5
6.66006,-2.12326,-2.12103,1.41073,-3,-3,1.5
6.67006,-2.12608,-2.124,1.41122,-3,-3,1.5
6.68006,-2.12889,-2.12696,1.41168,-3,-3,1.5
6.69006,-2.13169,-2.12991,1.41212,-3,-3,1.5
6.70006,-2.13449,-2.13285,1.41259,-3,-3,1.5
6.71006,-2.13727,-2.13577,1.41307,-3,-3,1.5
6.72006,-2.14005,-2.13868,1.41353,-3,-3,1.5
6.73006,-2.14281,-2.14158,1.414,-3,-3,1.5
6.74006,-2.14557,-2.14446,1.4145,-3,-3,1.5
6.75006,-2.14832,-2.14734,1.41496,-3,-3,1.5
6.76006,-2.15107,-2.1502,1.41538,-3,-3,1.5
6.77006,-2.1538,-2.15306,1.4158,-3,-3,1.5
6.78006,-2.15653,-2.15591,1.41625,-3,-3,1.5
6.79006,-2.15925,-2.15874,1.41668,-3,-3,1.5
6.80006,-2.16196,-2.16157,1.41715,-3,-3,1.5
6.81006,-2.16466,-2.16439,1.41761,-3,-3,1.5
6.82006,-2.16736,-2.1672,1.41806,-3,-3,1.5
6.83006,-2.17004,-2.17,1.41851,-3,-3,1.5
6.84006,-2.17271,-2.17279,1.41891,-3,-3,1.5
6.85006,-2.17538,-2.17558,1.41936,-3,-3,1.5
6.86006,-2.17804,-2.17835,1.41981,-3,-3,1.5
6.87006,-2.18068,-2.18112,1.42023,-3,-3,1.5
6.88006,-2.18332,-2.18388,1.42064,-3,-3,1.5
6.89006,-2.18595,-2.18663,1.42107,-3,-3,1.5
6.90006,-2.18857,-2.18937,1.42154,-3,-3,1.5
6.91006,-2.19118,-2.1921,1.42197,-3,-3,1.5
6.92006,-2.19378,-2.19483,1.4224,-3,-3,1.5
6.93006,-2.19637,-2.19755,1.42284,-3,-3,1.5
6.94006,-2.19896,-2.20026,1.42324,-3,-3,1.5
6.95006,-2.20153,-2.20296,1.42362,-3,-3,1.5
6.96006,-2.2041,-2.20565,1.42404,-3,-3,1.5
6.97006,-2.20665,-2.20833,1.42446,-3,-3,1.5
6.98006,-2.2092,-2.211,1.42488,-3,-3,1.5
6.99007,-2.21174,-2.21366,1.42531,-3,-3,1.5
7.00007,-2.21428,-2.21631,1.42573,-3,-3,1.5
7.01007,-2.2168,-2.21895,1.42616,-3,-3,1.5
7.02007,-2.21932,-2.22158,1.42659,-3,-3,1.5
7.03007,-2.22183,-2.22421,1.42698,-3,-3,1.5
7.04007,-2.22434,-2.22682,1.42737,-3,-3,1.5
7.05007,-2.22683,-2.22942,1.42777,-3,-3,1.5
7.06007,-2.22932,-2.23202,1.42821,-3,-3,1.5
7.07007,-2.2318,-2.2346,1.42867,-3,-3,1.5
7.08007,-2.23427,-2.23718,1.42909,-3,-3,1.5
7.09007,-2.23673,-2.23975,1.42954,-3,-3,1.5
7.10007,-2.23918,-2.24232,1.43001,-3,-3,1.5
7.11007,-2.24162,-2.24487,1.4304,-3,-3,1.5
7.12007,-2.24405,-2.24742,1.43077,-3,-3,1.5
7.13007,-2.24648,-2.24997,1.43116,-3,-3,1.5
7.14007,-2.24889,-2.2525,1.43155,-3,-3,1.5
7.15007,-2.2513,-2.25502,1.43194,-3,-3,1.5
7.16007,-2.2537,-2.25754,1.43235,-3,-3,1.5
7.17007,-2.25609,-2.26005,1.43275,-3,-3,1.5
7.18007,-2.25848,-2.26255,1.43312,-3,-3,1.5
7.19007,-2.26086,-2.26505,1.4335,-3,-3,1.5
7.20007,-2.26323,-2.26754,1.43388,-3,-3,1.5
7.21007,-2.26559,-2.27002,1.43426,-3,-3,1.5
7.22007,-2.26796,-2.2725,1.43464,-3,-3,1.5
7.23007,-2.27031,-2.27496,1.43503,-3,-3,1.5
7.24007,-2.27266,-2.27743,1.4354,-3,-3,1.5
7.25007,-2.275,-2.27988,1.43576,-3,-3,1.5
7.26007,-2.27734,-2.28233,1.43613,-3,-3,1.5
7.27007,-2.27968,-2.28477,1.4365,-3,-3,1.5
7.28007,-2.282,-2.28721,1.43689,-3,-3,1.5
7.29007,-2.28433,-2.28964,1.43728,-3,-3,1.5
7.30007,-2.28664,-2.29206,1.43766,-3,-3,1.5
7.31007,-2.28896,-2.29448,1.43804,-3,-3,1.5
7.32007,-2.29126,-2.29688,1.43841,-3,-3,1.5
7.33007,-2.29356,-2.29928,1.43875,-3,-3,1.5
7.34007,-2.29585,-2.30167,1.43908,-3,-3,1.5
7.35007,-2.29814,-2.30405,1.43941,-3,-3,1.5
7.36007,-2.30042,-2.30642,1.43972,-3,-3,1.5
7.37007,-2.30269,-2.30878,1.44002,-3,-3,1.5
7.38007,-2.30495,-2.31113,1.4403,-3,-3,1.5
7.39007,-2.3072,-2.31348,1.44057,-3,-3,1.5
7.40007,-2.30945,-2.31581,1.44085,-3,-3,1.5
7.41007,-2.31169,-2.31814,1.44116,-3,-3,1.5
7.42007,-2.31392,-2.32045,1.44148,-3,-3,1.5
7.43008,-2.31614,-2.32275,1.44178,-3,-3,1.5
7.44008,-2.31836,-2.32505,1.44208,-3,-3,1.5
7.45008,-2.32056,-2.32734,1.44238,-3,-3,1.5
7.46008,-2.32276,-2.32962,1.44266,-3,-3,1.5
7.47008,-2.32495,-2.33189,1.44293,-3,-3,1.5
7.48008,-2.32713,-2.33416,1.44319,-3,-3,1.5
7.49008,-2.3293,-2.33642,1.44344,-3,-3,1.5
7.50008,-2.33146,-2.33867,1.44371,-3,-3,1.5
7.51008,-2.33361,-2.34091,1.44394,-3,-3,1.5
7.52008,-2.33576,-2.34314,1.4442,-3,-3,1.5
7.53008,-2.33789,-2.34536,1.44449,-3,-3,1.5
7.54008,-2.34002,-2.34758,1.44476,-3,-3,1.5
7.55008,-2.34214,-2.34978,1.44506,-3,-3,1.5
7.56008,-2.34425,-2.35197,1.44536,-3,-3,1.5
7.57008,-2.34636,-2.35415,1.44563,-3,-3,1.5
7.58008,-2.34846,-2.35632,1.44587,-3,-3,1.5
7.59008,-2.35056,-2.35848,1.44614,-3,-3,1.5
7.60008,-2.35264,-2.36064,1.44647,-3,-3,1.5
7.61008,-2.35472,-2.36278,1.44678,-3,-3,1.5
7.62008,-2.35679,-2.36491,1.44708,-3,-3,1.5
7.63008,-2.35886,-2.36704,1.44734,-3,-3,1.5
7.64008,-2.36092,-2.36916,1.44757,-3,-3,1.5
7.65008,-2.36297,-2.37127,1.44782,-3,-3,1.5
7.66008,-2.36501,-2.37338,1.44807,-3,-3,1.5
7.67008,-2.36705,-2.37548,1.4483,-3,-3,1.5
7.68008,-2.36908,-2.37757,1.44855,-3,-3,1.5
7.69008,-2.3711,-2.37965,1.44878,-3,-3,1.5
7.70008,-2.37311,-2.38173,1.44901,-3,-3,1.5
7.71008,-2.37512,-2.3838,1.44925,-3,-3,1.5
7.72008,-2.37711,-2.38586,1.44949,-3,-3,1.5
7.73008,-2.3791,-2.38791,1.44975,-3,-3,1.5
7.74008,-2.38108,-2.38996,1.45,-3,-3,1.5
7.75008,-2.38306,-2.392,1.45024,-3,-3,1.5
7.76008,-2.38502,-2.39404,1.45049,-3,-3,1.5
7.77008,-2.38698,-2.39607,1.45071,-3,-3,1.5
7.78008,-2.38893,-2.3981,1.45094,-3,-3,1.5
7.79008,-2.39087,-2.40011,1.45121,-3,-3,1.5
7.80008,-2.39281,-2.40212,1.45145,-3,-3,1.5
7.81008,-2.39474,-2.40413,1.45171,-3,-3,1.5
7.82008,-2.39666,-2.40612,1.45197,-3,-3,1.5
7.83008,-2.39857,-2.40811,1.45221,-3,-3,1.5
7.84008,-2.40048,-2.41008,1.45249,-3,-3,1.5
7.85008,-2.40238,-2.41205,1.45274,-3,-3,1.5
7.86009,-2.40428,-2.41402,1.45297,-3,-3,1.5
7.87009,-2.40617,-2.41597,1.45321,-3,-3,1.5
7.88009,-2.40805,-2.41792,1.45343,-3,-3,1.5
7.89009,-2.40992,-2.41986,1.45366,-3,-3,1.5
7.90009,-2.41179,-2.42179,1.45394,-3,-3,1.5
7.91009,-2.41365,-2.42372,1.45423,-3,-3,1.5
7.92009,-2.41551,-2.42565,1.45448,-3,-3,1.5
7.93009,-2.41736,-2.42756,1.45469,-3,-3,1.5
7.94009,-2.4192,-2.42948,1.45489,-3,-3,1.5
7.95009,-2.42104,-2.43138,1.45513,-3,-3,1.5
7.96009,-2.42287,-2.43328,1.45537,-3,-3,1.5
7.97009,-2.42469,-2.43518,1.45565,-3,-3,1.5
7.98009,-2.42651,-2.43707,1.45597,-3,-3,1.5
7.99009,-2.42832,-2.43896,1.45628,-3,-3,1.5
8.00009,-2.43012,-2.44084,1.45655,-3,-3,1.5
8.01009,-2.43192,-2.44272,1.45679,-3,-3,1.5
8.02009,-2.43372,-2.44459,1.45701,-3,-3,1.5
8.03009,-2.43551,-2.44646,1.45724,-3,-3,1.5
8.04009,-2.43729,-2.44831,1.45744,-3,-3,1.5
8.05009,-2.43907,-2.45017,1.45765,-3,-3,1.5
8.06009,-2.44084,-2.45201,1.45788,-3,-3,1.5
8.07009,-2.44261,-2.45385,1.45809,-3,-3,1.5
8.08009,-2.44437,-2.45569,1.4583,-3,-3,1.5
8.09009,-2.44612,-2.45752,1.45851,-3,-3,1.5
8.10009,-2.44787,-2.45934,1.45871,-3,-3,1.5
8.11009,-2.44961,-2.46115,1.45893,-3,-3,1.5
8.12009,-2.45134,-2.46296,1.45915,-3,-3,1.5
8.13009,-2.45307,-2.46476,1.45937,-3,-3,1.5
8.14009,-2.45478,-2.46655,1.4596,-3,-3,1.5
8.15009,-2.45649,-2.46834,1.45986,-3,-3,1.5
8.16009,-2.45819,-2.47011,1.46011,-3,-3,1.5
8.17009,-2.45988,-2.47188,1.46032,-3,-3,1.5
8.18009,-2.46156,-2.47364,1.46053,-3,-3,1.5
8.19009,-2.46324,-2.4754,1.46074,-3,-3,1.5
8.20009,-2.46491,-2.47715,1.46093,-3,-3,1.5
8.21009,-2.46658,-2.47889,1.46112,-3,-3,1.5
8.22009,-2.46824,-2.48062,1.46132,-3,-3,1.5
8.23009,-2.46989,-2.48234,1.46152,-3,-3,1.5
8.24009,-2.47154,-2.48406,1.46173,-3,-3,1.5
8.25009,-2.47318,-2.48577,1.46192,-3,-3,1.5
8.26009,-2.47482,-2.48747,1.4621,-3,-3,1.5
8.27009,-2.47644,-2.48916,1.46227,-3,-3,1.5
8.28009,-2.47807,-2.49085,1.46243,-3,-3,1.5
8.29009,-2.47969,-2.49254,1.46258,-3,-3,1.5
8.30009,-2.4813,-2.49422,1.46273,-3,-3,1.5
8.31009,-2.4829,-2.49589,1.46288,-3,-3,1.5
8.3201,-2.4845,-2.49757,1.46303,-3,-3,1.5
8.3301,-2.48609,-2.49923,1.4632,-3,-3,1.5
8.3401,-2.48768,-2.5009,1.46343,-3,-3,1.5
8.3501,-2.48926,-2.50256,1.46363,-3,-3,1.5
8.3601,-2.49084,-2.50422,1.4638,-3,-3,1.5
8.3701,-2.49241,-2.50587,1.46398,-3,-3,1.5
8.3801,-2.49398,-2.50752,1.46416,-3,-3,1.5
8.3901,-2.49554,-2.50917,1.46434,-3,-3,1.5
8.4001,-2.49709,-2.5108,1.46451,-3,-3,1.5
8.4101,-2.49864,-2.51243,1.46471,-3,-3,1.5
8.4201,-2.50019,-2.51406,1.46491,-3,-3,1.5
8.4301,-2.50172,-2.51567,1.46509,-3,-3,1.5
8.4401,-2.50326,-2.51729,1.46527,-3,-3,1.5
8.4501,-2.50478,-2.51889,1.46545,-3,-3,1.5
8.4601,-2.5063,-2.52049,1.46563,-3,-3,1.5
8.4701,-2.50782,-2.52208,1.46582,-3,-3,1.5
8.4801,-2.50932,-2.52367,1.466,-3,-3,1.5
8.4901,-2.51083,-2.52525,1.46618,-3,-3,1.5
8.5001,-2.51232,-2.52683,1.46636,-3,-3,1.5
8.5101,-2.51381,-2.52839,1.46654,-3,-3,1.5
8.5201,-2.5153,-2.52996,1.46671,-3,-3,1.5
8.5301,-2.51678,-2.53151,1.46687,-3,-3,1.5
8.5401,-2.51825,-2.53307,1.46702,-3,-3,1.5
8.5501,-2.51971,-2.53461,1.4672,-3,-3,1.5
8.5601,-2.52118,-2.53616,1.4674,-3,-3,1.5
8.5701,-2.52263,-2.53769,1.46757,-3,-3,1.5
8.5801,-2.52408,-2.53923,1.46773,-3,-3,1.5
8.5901,-2.52552,-2.54076,1.4679,-3,-3,1.5
8.6001,-2.52696,-2.54229,1.46808,-3,-3,1.5
8.6101,-2.52839,-2.54381,1.46826,-3,-3,1.5
8.6201,-2.52981,-2.54533,1.46843,-3,-3,1.5
8.6301,-2.53123,-2.54684,1.4686,-3,-3,1.5
8.6401,-2.53264,-2.54835,1.46876,-3,-3,1.5
8.6501,-2.53405,-2.54986,1.46892,-3,-3,1.5
8.6601,-2.53545,-2.55135,1.46909,-3,-3,1.5
8.6701,-2.53685,-2.55285,1.46926,-3,-3,1.5
8.6801,-2.53824,-2.55433,1.46943,-3,-3,1.5
8.6901,-2.53962,-2.55582,1.4696,-3,-3,1.5
8.7001,-2.54101,-2.55729,1.4698,-3,-3,1.5
8.7101,-2.54239,-2.55876,1.47003,-3,-3,1.5
8.7201,-2.54376,-2.56023,1.47023,-3,-3,1.5
8.7301,-2.54514,-2.56169,1.47039,-3,-3,1.5
8.7401,-2.54651,-2.56314,1.47057,-3,-3,1.5
8.7501,-2.54788,-2.56459,1.47078,-3,-3,1.5
8.76011,-2.54925,-2.56603,1.47099,-3,-3,1.5
8.77011,-2.55062,-2.56746,1.47117,-3,-3,1.5
8.78011,-2.55198,-2.5689,1.47135,-3,-3,1.5
8.79011,-2.55334,-2.57032,1.47153,-3,-3,1.5
8.80011,-2.5547,-2.57174,1.47172,-3,-3,1.5
8.81011,-2.55606,-2.57315,1.4719,-3,-3,1.5
8.82011,-2.55741,-2.57456,1.47207,-3,-3,1.5
8.83011,-2.55876,-2.57597,1.47223,-3,-3,1.5
8.84011,-2.5601,-2.57737,1.4724,-3,-3,1.5
8.85011,-2.56144,-2.57876,1.4726,-3,-3,1.5
8.86011,-2.56278,-2.58016,1.47281,-3,-3,1.5
8.87011,-2.56411,-2.58155,1.473,-3,-3,1.5
8.88011,-2.56543,-2.58294,1.47316,-3,-3,1.5
8.89011,-2.56675,-2.58432,1.47329,-3,-3,1.5
8.90011,-2.56807,-2.5857,1.47343,-3,-3,1.5
8.91011,-2.56938,-2.58708,1.47361,-3,-3,1.5
8.92011,-2.57069,-2.58846,1.47383,-3,-3,1.5
8.93011,-2.57199,-2.58983,1.47404,-3,-3,1.5
8.94011,-2.5733,-2.5912,1.47422,-3,-3,1.5
8.95011,-2.5746,-2.59257,1.4744,-3,-3,1.5
8.96011,-2.5759,-2.59394,1.47458,-3,-3,1.5
8.97011,-2.57719,-2.5953,1.47477,-3,-3,1.5
8.98011,-2.57849,-2.59665,1.47493,-3,-3,1.5
8.99011,-2.57978,-2.598,1.47508,-3,-3,1.5
9.00011,-2.58107,-2.59935,1.47523,-3,-3,1.5
9.01011,-2.58236,-2.6007,1.47539,-3,-3,1.5
9.02011,-2.58364,-2.60204,1.47554,-3,-3,1.5
9.03011,-2.58492,-2.60337,1.47569,-3,-3,1.5
9.04011,-2.5862,-2.60471,1.47583,-3,-3,1.5
9.05011,-2.58747,-2.60604,1.47596,-3,-3,1.5
9.06011,-2.58874,-2.60736,1.4761,-3,-3,1.5
9.07011,-2.59001,-2.60868,1.47623,-3,-3,1.5
9.08011,-2.59127,-2.61,1.47635,-3,-3,1.5
9.09011,-2.59252,-2.61131,1.47647,-3,-3,1.5
9.10011,-2.59377,-2.61262,1.47658,-3,-3,1.5
9.11011,-2.59502,-2.61392,1.47669,-3,-3,1.5
9.12011,-2.59626,-2.61522,1.47682,-3,-3,1.5
9.13011,-2.5975,-2.61651,1.47699,-3,-3,1.5
9.14011,-2.59873,-2.6178,1.47723,-3,-3,1.5
9.15011,-2.59996,-2.61908,1.47746,-3,-3,1.5
9.16011,-2.60118,-2.62036,1.47764,-3,-3,1.5
9.17011,-2.6024,-2.62163,1.47779,-3,-3,1.5
9.18011,-2.60363,-2.62289,1.47791,-3,-3,1.5
9.19011,-2.60484,-2.62415,1.47801,-3,-3,1.5
9.20012,-2.60606,-2.62541,1.47811,-3,-3,1.5
9.21012,-2.60727,-2.62666,1.47821,-3,-3,1.5
9.22012,-2.60848,-2.62791,1.47832,-3,-3,1.5
9.23012,-2.60969,-2.62916,1.47847,-3,-3,1.5
9.24012,-2.61089,-2.63041,1.47866,-3,-3,1.5
9.25012,-2.61209,-2.63165,1.47887,-3,-3,1.5
9.26012,-2.61329,-2.63289,1.4791,-3,-3,1.5
9.27012,-2.61448,-2.63414,1.47933,-3,-3,1.5
9.28012,-2.61567,-2.63538,1.47952,-3,-3,1.5
9.29012,-2.61686,-2.63662,1.47966,-3,-3,1.5
9.30012,-2.61804,-2.63786,1.47978,-3,-3,1.5
9.31012,-2.61922,-2.63909,1.47991,-3,-3,1.5
9.32012,-2.6204,-2.64032,1.48005,-3,-3,1.5
9.33012,-2.62157,-2.64155,1.48017,-3,-3,1.5
9.34012,-2.62274,-2.64277,1.48027,-3,-3,1.5
9.35012,-2.62391,-2.64399,1.48037,-3,-3,1.5
9.36012,-2.62507,-2.64521,1.48046,-3,-3,1.5
9.37012,-2.62622,-2.64642,1.48056,-3,-3,1.5
9.38012,-2.62737,-2.64763,1.48069,-3,-3,1.5
9.39012,-2.62852,-2.64883,1.48081,-3,-3,1.5
9.40012,-2.62967,-2.65003,1.48094,-3,-3,1.5
9.41012,-2.63081,-2.65122,1.48107,-3,-3,1.5
9.42012,-2.63194,-2.65241,1.48121,-3,-3,1.5
9.43012,-2.63308,-2.6536,1.48138,-3,-3,1.5
9.44012,-2.63421,-2.65478,1.48155,-3,-3,1.5
9.45012,-2.63534,-2.65595,1.48168,-3,-3,1.5
9.46012,-2.63647,-2.65712,1.48182,-3,-3,1.5
9.47012,-2.6376,-2.65829,1.48198,-3,-3,1.5
9.48012,-2.63873,-2.65944,1.48213,-3,-3,1.5
9.49012,-2.63986,-2.6606,1.48225,-3,-3,1.5
9.50012,-2.64099,-2.66175,1.48237,-3,-3,1.5
9.51012,-2.64212,-2.66289,1.48249,-3,-3,1.5
9.52012,-2.64324,-2.66403,1.48262,-3,-3,1.5
9.53012,-2.64437,-2.66517,1.4828,-3,-3,1.5
9.54012,-2.64549,-2.6663,1.48297,-3,-3,1.5
9.55012,-2.64662,-2.66743,1.4831,-3,-3,1.5
9.56012,-2.64774,-2.66855,1.48322,-3,-3,1.5
9.57012,-2.64885,-2.66967,1.48334,-3,-3,1.5
9.58012,-2.64997,-2.67079,1.48349,-3,-3,1.5
9.59012,-2.65108,-2.6719,1.48364,-3,-3,1.5
9.60012,-2.65219,-2.67301,1.48375,-3,-3,1.5
9.61012,-2.65329,-2.67412,1.48384,-3,-3,1.5
9.62012,-2.65439,-2.67522,1.48395,-3,-3,1.5
9.63013,-2.65549,-2.67632,1.48411,-3,-3,1.5
9.64013,-2.65658,-2.67741,1.48427,-3,-3,1.5
9.65013,-2.65766,-2.6785,1.48441,-3,-3,1.5
9.66013,-2.65875,-2.67959,1.48457,-3,-3,1.5
9.67013,-2.65983,-2.68068,1.48476,-3,-3,1.5
9.68013,-2.6609,-2.68176,1.48492,-3,-3,1.5
9.69013,-2.66198,-2.68284,1.48504,-3,-3,1.5
9.70013,-2.66305,-2.68391,1.48514,-3,-3,1.5
9.71013,-2.66411,-2.68498,1.48524,-3,-3,1.5
9.72013,-2.66518,-2.68605,1.48535,-3,-3,1.5
9.73013,-2.66624,-2.68712,1.48546,-3,-3,1.5
9.74013,-2.6673,-2.68818,1.48556,-3,-3,1.5
9.75013,-2.66835,-2.68924,1.48566,-3,-3,1.5
9.76013,-2.6694,-2.6903,1.48575,-3,-3,1.5
9.77013,-2.67045,-2.69135,1.48582,-3,-3,1.5
9.78013,-2.67149,-2.6924,1.48589,-3,-3,1.5
9.79013,-2.67253,-2.69345,1.48598,-3,-3,1.5
9.80013,-2.67356,-2.6945,1.48608,-3,-3,1.5
9.81013,-2.67459,-2.69554,1.48617,-3,-3,1.5
9.82013,-2.67561,-2.69658,1.48625,-3,-3,1.5
9.83013,-2.67664,-2.69761,1.48633,-3,-3,1.5
9.84013,-2.67765,-2.69864,1.48641,-3,-3,1.5
9.85013,-2.67867,-2.69967,1.48649,-3,-3,1.5
9.86013,-2.67968,-2.70069,1.48657,-3,-3,1.5
9.87013,-2.68069,-2.70171,1.48665,-3,-3,1.5
9.88013,-2.6817,-2.70273,1.48674,-3,-3,1.5
9.89013,-2.6827,-2.70374,1.48682,-3,-3,1.5
9.90013,-2.6837,-2.70474,1.48691,-3,-3,1.5
9.91013,-2.6847,-2.70575,1.48699,-3,-3,1.5
9.92013,-2.6857,-2.70675,1.48707,-3,-3,1.5
9.93013,-2.68669,-2.70774,1.48716,-3,-3,1.5
9.94013,-2.68768,-2.70874,1.48724,-3,-3,1.5
9.95013,-2.68866,-2.70973,1.48731,-3,-3,1.5
9.96013,-2.68964,-2.71071,1.48738,-3,-3,1.5
9.97013,-2.69062,-2.71169,1.48744,-3,-3,1.5
9.98013,-2.6916,-2.71267,1.48752,-3,-3,1.5
9.99013,-2.69257,-2.71365,1.4876,-3,-3,1.5
10.0001,-2.69353,-2.71462,1.48767,-3,-3,1.5
10.0101,-2.69449,-2.71559,1.48775,-3,-3,1.5
10.0201,-2.69545,-2.71655,1.48782,-3,-3,1.5
10.0301,-2.69641,-2.71752,1.48789,-3,-3,1.5
10.0401,-2.69736,-2.71847,1.48795,-3,-3,1.5
10.0501,-2.6983,-2.71943,1.48802,-3,-3,1.5
10.0601,-2.69924,-2.72038,1.48809,-3,-3,1.5
10.0701,-2.70018,-2.72133,1.48817,-3,-3,1.5
10.0801,-2.70112,-2.72227,1.48824,-3,-3,1.5
10.0901,-2.70204,-2.72321,1.48831,-3,-3,1.5
10.1001,-2.70297,-2.72415,1.48838,-3,-3,1.5
10.1101,-2.70389,-2.72508,1.48844,-3,-3,1.5
10.1201,-2.7048,-2.72601,1.48849,-3,-3,1.5
10.1301,-2.70572,-2.72693,1.48854,-3,-3,1.5
10.1401,-2.70662,-2.72786,1.48859,-3,-3,1.5
10.1501,-2.70753,-2.72877,1.48863,-3,-3,1.5
10.1601,-2.70842,-2.72969,1.48869,-3,-3,1.5
10.1701,-2.70932,-2.7306,1.48875,-3,-3,1.5
10.1801,-2.7102,-2.73151,1.48882,-3,-3,1.5
10.1901,-2.71109,-2.73241,1.48889,-3,-3,1.5
10.2001,-2.71197,-2.73331,1.48896,-3,-3,1.5
10.2101,-2.71285,-2.7342,1.48905,-3,-3,1.5
10.2201,-2.71372,-2.73509,1.48915,-3,-3,1.5
10.2301,-2.71459,-2.73598,1.48924,-3,-3,1.5
10.2401,-2.71546,-2.73687,1.48934,-3,-3,1.5
10.2501,-2.71632,-2.73775,1.48944,-3,-3,1.5
10.2601,-2.71718,-2.73863,1.48953,-3,-3,1.5
10.2701,-2.71804,-2.7395,1.48963,-3,-3,1.5
10.2801,-2.7189,-2.74038,1.48972,-3,-3,1.5
10.2901,-2.71975,-2.74125,1.48981,-3,-3,1.5
10.3001,-2.7206,-2.74212,1.48988,-3,-3,1.5
10.3101,-2.72145,-2.74298,1.48996,-3,-3,1.5
10.3201,-2.72229,-2.74385,1.49002,-3,-3,1.5
10.3301,-2.72313,-2.74471,1.49007,-3,-3,1.5
10.3401,-2.72396,-2.74557,1.49013,-3,-3,1.5
10.3501,-2.72479,-2.74643,1.49018,-3,-3,1.5
10.3601,-2.72562,-2.74728,1.49024,-3,-3,1.5
10.3701,-2.72644,-2.74813,1.49031,-3,-3,1.5
10.3801,-2.72726,-2.74898,1.49038,-3,-3,1.5
10.3901,-2.72807,-2.74982,1.49045,-3,-3,1.5
10.4001,-2.72889,-2.75067,1.49052,-3,-3,1.5
10.4101,-2.72969,-2.75151,1.49058,-3,-3,1.5
10.4201,-2.7305,-2.75234,1.49065,-3,-3,1.5
10.4301,-2.73131,-2.75318,1.49075,-3,-3,1.5
10.4401,-2.73211,-2.75401,1.49086,-3,-3,1.5
10.4501,-2.73292,-2.75483,1.49096,-3,-3,1.5
10.4601,-2.73372,-2.75566,1.49104,-3,-3,1.5
10.4701,-2.73452,-2.75648,1.49111,-3,-3,1.5
10.4801,-2.73532,-2.7573,1.49117,-3,-3,1.5
10.4901,-2.73612,-2.75811,1.49122,-3,-3,1.5
10.5001,-2.73691,-2.75893,1.49128,-3,-3,1.5
10.5101,-2.73771,-2.75974,1.49134,-3,-3,1.5
10.5201,-2.7385,-2.76054,1.4914,-3,-3,1.5
10.5301,-2.7393,-2.76135,1.49145,-3,-3,1.5
10.5401,-2.74009,-2.76215,1.4915,-3,-3,1.5
10.5501,-2.74088,-2.76294,1.49154,-3,-3,1.5
10.5601,-2.74167,-2.76374,1.49158,-3,-3,1.5
10.5701,-2.74246,-2.76453,1.49163,-3,-3,1.5
10.5801,-2.74325,-2.76532,1.49168,-3,-3,1.5
10.5901,-2.74403,-2.7661,1.49173,-3,-3,1.5
10.6001,-2.74482,-2.76688,1.49177,-3,-3,1.5
10.6101,-2.74561,-2.76766,1.49181,-3,-3,1.5
10.6201,-2.74639,-2.76844,1.49186,-3,-3,1.5
10.6301,-2.74717,-2.76921,1.49191,-3,-3,1.5
10.6401,-2.74795,-2.76998,1.49197,-3,-3,1.5
10.6501,-2.74873,-2.77074,1.49202,-3,-3,1.5
10.6601,-2.74951,-2.77151,1.49207,-3,-3,1.5
10.6701,-2.75029,-2.77227,1.49211,-3,-3,1.5
10.6801,-2.75106,-2.77302,1.49215,-3,-3,1.5
10.6901,-2.75184,-2.77378,1.49219,-3,-3,1.5
10.7001,-2.75261,-2.77453,1.49223,-3,-3,1.5
10.7101,-2.75338,-2.77527,1.49229,-3,-3,1.5
10.7201,-2.75415,-2.77602,1.49234,-3,-3,1.5
10.7302,-2.75492,-2.77676,1.4924,-3,-3,1.5
10.7402,-2.75568,-2.7775,1.49246,-3,-3,1.5
10.7502,-2.75645,-2.77823,1.49253,-3,-3,1.5
10.7602,-2.75721,-2.77897,1.49259,-3,-3,1.5
10.7702,-2.75797,-2.7797,1.49266,-3,-3,1.5
10.7802,-2.75873,-2.78042,1.49273,-3,-3,1.5
10.7902,-2.75948,-2.78115,1.49278,-3,-3,1.5
10.8002,-2.76023,-2.78187,1.49283,-3,-3,1.5
10.8102,-2.76098,-2.78258,1.49288,-3,-3,1.5
10.8202,-2.76172,-2.7833,1.49292,-3,-3,1.5
10.8302,-2.76247,-2.78401,1.49297,-3,-3,1.5
10.8402,-2.76321,-2.78472,1.49301,-3,-3,1.5
10.8502,-2.76394,-2.78543,1.49307,-3,-3,1.5
10.8602,-2.76468,-2.78614,1.49312,-3,-3,1.5
10.8702,-2.76541,-2.78684,1.49317,-3,-3,1.5
10.8802,-2.76614,-2.78754,1.49321,-3,-3,1.5
10.8902,-2.76686,-2.78824,1.49327,-3,-3,1.5
10.9002,-2.76758,-2.78893,1.49332,-3,-3,1.5
10.9102,-2.7683,-2.78963,1.49337,-3,-3,1.5
10.9202,-2.76902,-2.79032,1.49341,-3,-3,1.5
10.9302,-2.76974,-2.791,1.49344,-3,-3,1.5
10.9402,-2.77045,-2.79169,1.49347,-3,-3,1.5
10.9502,-2.77116,-2.79237,1.49351,-3,-3,1.5
10.9602,-2.77187,-2.79305,1.49354,-3,-3,1.5
10.9702,-2.77258,-2.79373,1.49358,-3,-3,1.5
10.9802,-2.77328,-2.7944,1.49361,-3,-3,1.5
10.9902,-2.77398,-2.79508,1.49365,-3,-3,1.5
11.0002,-2.77468,-2.79575,1.49369,-3,-3,1.5
11.0102,-2.77538,-2.79643,1.49373,-3,-3,1.5
11.0202,-2.77608,-2.7971,1.49378,-3,-3,1.5
11.0302,-2.77677,-2.79777,1.49382,-3,-3,1.5
11.0402,-2.77746,-2.79844,1.49386,-3,-3,1.5
11.0502,-2.77815,-2.79911,1.4939,-3,-3,1.5
11.0602,-2.77884,-2.79978,1.49394,-3,-3,1.5
11.0702,-2.77953,-2.80044,1.49396,-3,-3,1.5
11.0802,-2.78022,-2.8011,1.494,-3,-3,1.5
11.0902,-2.78091,-2.80176,1.49403,-3,-3,1.5
11.1002,-2.78159,-2.80242,1.49408,-3,-3,1.5
11.1102,-2.78227,-2.80307,1.49413,-3,-3,1.5
11.1202,-2.78295,-2.80373,1.49418,-3,-3,1.5
11.1302,-2.78363,-2.80438,1.49424,-3,-3,1.5
11.1402,-2.78431,-2.80503,1.49429,-3,-3,1.5
11.1502,-2.78498,-2.80567,1.49435,-3,-3,1.5
11.1602,-2.78566,-2.80632,1.49442,-3,-3,1.5
11.1702,-2.78633,-2.80696,1.49449,-3,-3,1.5
11.1802,-2.787,-2.8076,1.49456,-3,-3,1.5
11.1902,-2.78767,-2.80824,1.49463,-3,-3,1.5
11.2002,-2.78834,-2.80888,1.4947,-3,-3,1.5
11.2102,-2.78901,-2.80951,1.49477,-3,-3,1.5
11.2202,-2.78967,-2.81015,1.49483,-3,-3,1.5
11.2302,-2.79033,-2.81078,1.4949,-3,-3,1.5
11.2402,-2.79099,-2.81141,1.49496,-3,-3,1.5
11.2502,-2.79165,-2.81204,1.49501,-3,-3,1.5
11.2602,-2.7923,-2.81267,1.49506,-3,-3,1.5
11.2702,-2.79296,-2.81329,1.49511,-3,-3,1.5
11.2802,-2.7936,-2.81391,1.49515,-3,-3,1.5
11.2902,-2.79425,-2.81454,1.4952,-3,-3,1.5
11.3002,-2.79489,-2.81515,1.49523,-3,-3,1.5
11.3102,-2.79552,-2.81577,1.49526,-3,-3,1.5
11.3202,-2.79616,-2.81638,1.49529,-3,-3,1.5
11.3302,-2.79678,-2.817,1.49531,-3,-3,1.5
11.3402,-2.79741,-2.81761,1.49534,-3,-3,1.5
11.3502,-2.79803,-2.81821,1.49536,-3,-3,1.5
11.3602,-2.79864,-2.81882,1.49539,-3,-3,1.5
11.3702,-2.79925,-2.81942,1.49542,-3,-3,1.5
11.3802,-2.79985,-2.82002,1.49546,-3,-3,1.5
11.3902,-2.80045,-2.82061,1.4955,-3,-3,1.5
11.4002,-2.80105,-2.82121,1.49554,-3,-3,1.5
11.4102,-2.80164,-2.8218,1.49557,-3,-3,1.5
11.4202,-2.80222,-2.82239,1.4956,-3,-3,1.5
11.4302,-2.80281,-2.82298,1.49564,-3,-3,1.5
11.4402,-2.80338,-2.82356,1.49568,-3,-3,1.5
11.4502,-2.80396,-2.82414,1.49573,-3,-3,1.5
11.4602,-2.80453,-2.82473,1.49578,-3,-3,1.5
11.4702,-2.8051,-2.8253,1.49583,-3,-3,1.5
11.4802,-2.80566,-2.82588,1.49587,-3,-3,1.5
11.4902,-2.80623,-2.82646,1.49593,-3,-3,1.5
11.5002,-2.80679,-2.82703,1.49601,-3,-3,1.5
11.5102,-2.80735,-2.82761,1.49608,-3,-3,1.5
11.5202,-2.80791,-2.82818,1.49615,-3,-3,1.5
11.5302,-2.80847,-2.82875,1.49623,-3,-3,1.5
11.5402,-2.80903,-2.82931,1.49631,-3,-3,1.5
11.5502,-2.80959,-2.82988,1.49639,-3,-3,1.5
11.5602,-2.81016,-2.83045,1.49651,-3,-3,1.5
11.5702,-2.81072,-2.83101,1.49664,-3,-3,1.5
11.5802,-2.81128,-2.83157,1.49674,-3,-3,1.5
11.5902,-2.81184,-2.83213,1.49681,-3,-3,1.5
11.6002,-2.81241,-2.83269,1.49687,-3,-3,1.5
11.6102,-2.81297,-2.83325,1.49693,-3,-3,1.5
11.6202,-2.81354,-2.8338,1.49698,-3,-3,1.5
11.6302,-2.81411,-2.83436,1.49706,-3,-3,1.5
11.6402,-2.81468,-2.83491,1.49716,-3,-3,1.5
11.6502,-2.81525,-2.83546,1.49725,-3,-3,1.5
11.6602,-2.81583,-2.83601,1.49732,-3,-3,1.5
11.6702,-2.8164,-2.83656,1.49739,-3,-3,1.5
11.6802,-2.81697,-2.83711,1.49745,-3,-3,1.5
11.6902,-2.81755,-2.83765,1.49751,-3,-3,1.5
11.7002,-2.81812,-2.83819,1.49756,-3,-3,1.5
11.7102,-2.81869,-2.83873,1.49762,-3,-3,1.5
11.7202,-2.81926,-2.83927,1.49767,-3,-3,1.5
11.7302,-2.81982,-2.8398,1.49773,-3,-3,1.5
11.7402,-2.82038,-2.84034,1.49778,-3,-3,1.5
11.7502,-2.82094,-2.84087,1.49782,-3,-3,1.5
11.7602,-2.8215,-2.8414,1.49787,-3,-3,1.5
11.7702,-2.82205,-2.84193,1.49791,-3,-3,1.5
11.7802,-2.8226,-2.84246,1.49796,-3,-3,1.5
11.7902,-2.82314,-2.84299,1.498,-3,-3,1.5
11.8002,-2.82368,-2.84352,1.49804,-3,-3,1.5
11.8102,-2.82422,-2.84404,1.49808,-3,-3,1.5
11.8202,-2.82475,-2.84457,1.49811,-3,-3,1.5
11.8302,-2.82528,-2.84509,1.49813,-3,-3,1.5
11.8402,-2.82581,-2.8456,1.49815,-3,-3,1.5
11.8502,-2.82633,-2.84612,1.49818,-3,-3,1.5
11.8602,-2.82685,-2.84664,1.4982,-3,-3,1.5
11.8702,-2.82736,-2.84715,1.49822,-3,-3,1.5
11.8802,-2.82787,-2.84766,1.49823,-3,-3,1.5
11.8902,-2.82837,-2.84817,1.49825,-3,-3,1.5
11.9002,-2.82887,-2.84867,1.49826,-3,-3,1.5
11.9102,-2.82937,-2.84918,1.49828,-3,-3,1.5
11.9202,-2.82986,-2.84968,1.4983,-3,-3,1.5
11.9302,-2.83035,-2.85018,1.49832,-3,-3,1.5
11.9402,-2.83083,-2.85068,1.49834,-3,-3,1.5
11.9502,-2.83131,-2.85118,1.49836,-3,-3,1.5
11.9602,-2.83179,-2.85167,1.49838,-3,-3,1.5
11.9702,-2.83226,-2.85216,1.4984,-3,-3,1.5
11.9802,-2.83273,-2.85265,1.49842,-3,-3,1.5
11.9902,-2.83319,-2.85314,1.49846,-3,-3,1.5
12.0002,-2.83365,-2.85363,1.49849,-3,-3,1.5
12.0102,-2.83411,-2.85411,1.49853,-3,-3,1.5
12.0202,-2.83457,-2.8546,1.49856,-3,-3,1.5
12.0302,-2.83502,-2.85508,1.49859,-3,-3,1.5
12.0402,-2.83547,-2.85557,1.49863,-3,-3,1.5
12.0502,-2.83592,-2.85605,1.49866,-3,-3,1.5
12.0602,-2.83637,-2.85653,1.49869,-3,-3,1.5
12.0702,-2.83681,-2.85701,1.49871,-3,-3,1.5
12.0802,-2.83726,-2.85749,1.49872,-3,-3,1.5
12.0902,-2.8377,-2.85797,1.49874,-3,-3,1.5
12.1002,-2.83813,-2.85845,1.49875,-3,-3,1.5
12.1102,-2.83857,-2.85893,1.49876,-3,-3,1.5
12.1202,-2.839,-2.85941,1.49876,-3,-3,1.5
12.1302,-2.83943,-2.85988,1.49877,-3,-3,1.5
12.1402,-2.83986,-2.86036,1.49878,-3,-3,1.5
12.1502,-2.84028,-2.86083,1.4988,-3,-3,1.5
12.1602,-2.8407,-2.86131,1.49883,-3,-3,1.5
12.1702,-2.84112,-2.86178,1.49885,-3,-3,1.5
12.1802,-2.84154,-2.86225,1.49889,-3,-3,1.5
12.1902,-2.84196,-2.86272,1.49893,-3,-3,1.5
12.2002,-2.84237,-2.86318,1.49897,-3,-3,1.5
12.2102,-2.84279,-2.86365,1.49901,-3,-3,1.5
12.2202,-2.8432,-2.86411,1.49905,-3,-3,1.5
12.2302,-2.84361,-2.86458,1.49909,-3,-3,1.5
12.2402,-2.84402,-2.86504,1.49914,-3,-3,1.5
12.2502,-2.84443,-2.8655,1.49919,-3,-3,1.5
12.2602,-2.84485,-2.86596,1.49926,-3,-3,1.5
12.2702,-2.84526,-2.86642,1.49935,-3,-3,1.5
12.2802,-2.84567,-2.86687,1.49944,-3,-3,1.5
12.2902,-2.84608,-2.86733,1.49953,-3,-3,1.5
12.3002,-2.8465,-2.86778,1.4996,-3,-3,1.5
12.3102,-2.84691,-2.86823,1.49967,-3,-3,1.5
12.3202,-2.84733,-2.86869,1.49974,-3,-3,1.5
12.3302,-2.84775,-2.86914,1.49981,-3,-3,1.5
12.3402,-2.84817,-2.86959,1.49988,-3,-3,1.5
12.3502,-2.84859,-2.87004,1.49995,-3,-3,1.5
12.3602,-2.84901,-2.87048,1.50001,-3,-3,1.5
12.3702,-2.84943,-2.87093,1.50008,-3,-3,1.5
12.3802,-2.84986,-2.87138,1.50016,-3,-3,1.5
12.3902,-2.85029,-2.87182,1.50022,-3,-3,1.5
12.4002,-2.85071,-2.87227,1.50029,-3,-3,1.5
12.4102,-2.85114,-2.87271,1.50036,-3,-3,1.5
12.4202,-2.85157,-2.87315,1.50043,-3,-3,1.5
12.4302,-2.85201,-2.8736,1.5005,-3,-3,1.5
12.4402,-2.85244,-2.87404,1.50057,-3,-3,1.5
12.4502,-2.85287,-2.87448,1.50063,-3,-3,1.5
12.4602,-2.8533,-2.87492,1.50068,-3,-3,1.5
12.4702,-2.85374,-2.87536,1.50072,-3,-3,1.5
12.4802,-2.85417,-2.8758,1.50076,-3,-3,1.5
12.4902,-2.8546,-2.87624,1.5008,-3,-3,1.5
12.5002,-2.85503,-2.87668,1.50084,-3,-3,1.5
12.5102,-2.85546,-2.87712,1.50088,-3,-3,1.5
12.5202,-2.85588,-2.87755,1.50091,-3,-3,1.5
12.5302,-2.8563,-2.87799,1.50094,-3,-3,1.5
12.5402,-2.85672,-2.87842,1.50097,-3,-3,1.5
12.5502,-2.85714,-2.87885,1.50102,-3,-3,1.5
12.5602,-2.85755,-2.87929,1.50108,-3,-3,1.5
12.5702,-2.85795,-2.87972,1.50113,-3,-3,1.5
12.5802,-2.85836,-2.88014,1.50118,-3,-3,1.5
12.5902,-2.85876,-2.88057,1.50123,-3,-3,1.5
12.6002,-2.85916,-2.881,1.50127,-3,-3,1.5
12.6102,-2.85956,-2.88142,1.50131,-3,-3,1.5
12.6202,-2.85995,-2.88185,1.50136,-3,-3,1.5
12.6302,-2.86035,-2.88227,1.50144,-3,-3,1.5
12.6402,-2.86075,-2.88269,1.50155,-3,-3,1.5
12.6502,-2.86115,-2.88311,1.50164,-3,-3,1.5
12.6602,-2.86155,-2.88353,1.50172,-3,-3,1.5
12.6702,-2.86195,-2.88395,1.50178,-3,-3,1.5
12.6802,-2.86235,-2.88437,1.50183,-3,-3,1.5
12.6902,-2.86275,-2.88479,1.50187,-3,-3,1.5
12.7002,-2.86315,-2.8852,1.50191,-3,-3,1.5
12.7102,-2.86355,-2.88561,1.50195,-3,-3,1.5
12.7202,-2.86395,-2.88603,1.50198,-3,-3,1.5
12.7302,-2.86436,-2.88644,1.50202,-3,-3,1.5
12.7402,-2.86477,-2.88685,1.50207,-3,-3,1.5
12.7502,-2.86518,-2.88726,1.50211,-3,-3,1.5
12.7602,-2.86559,-2.88767,1.50216,-3,-3,1.5
12.7702,-2.866,-2.88807,1.50223,-3,-3,1.5
12.7802,-2.86641,-2.88848,1.50235,-3,-3,1.5
12.7902,-2.86683,-2.88889,1.50244,-3,-3,1.5
12.8002,-2.86725,-2.88929,1.50248,-3,-3,1.5
12.8102,-2.86767,-2.88969,1.50254,-3,-3,1.5
12.8202,-2.86809,-2.89009,1.50258,-3,-3,1.5
12.8302,-2.86852,-2.89049,1.50261,-3,-3,1.5
12.8402,-2.86895,-2.89089,1.50265,-3,-3,1.5
12.8502,-2.86938,-2.89129,1.50268,-3,-3,1.5
12.8602,-2.86981,-2.89168,1.5027,-3,-3,1.5
12.8702,-2.87024,-2.89208,1.50271,-3,-3,1.5
12.8802,-2.87067,-2.89247,1.50272,-3,-3,1.5
12.8902,-2.87111,-2.89286,1.50274,-3,-3,1.5
12.9002,-2.87155,-2.89325,1.50276,-3,-3,1.5
12.9102,-2.87199,-2.89363,1.50278,-3,-3,1.5
12.9202,-2.87243,-2.89402,1.5028,-3,-3,1.5
12.9302,-2.87287,-2.8944,1.50282,-3,-3,1.5
12.9402,-2.87331,-2.89478,1.50285,-3,-3,1.5
12.9502,-2.87376,-2.89517,1.50288,-3,-3,1.5
12.9602,-2.8742,-2.89554,1.50291,-3,-3,1.5
12.9702,-2.87465,-2.89592,1.50293,-3,-3,1.5
12.9802,-2.87509,-2.8963,1.50297,-3,-3,1.5
12.9902,-2.87554,-2.89667,1.50302,-3,-3,1.5
13.0002,-2.87599,-2.89705,1.50306,-3,-3,1.5
13.0102,-2.87644,-2.89742,1.5031,-3,-3,1.5
13.0202,-2.87689,-2.89779,1.50314,-3,-3,1.5
13.0302,-2.87734,-2.89816,1.50317,-3,-3,1.5
13.0402,-2.87778,-2.89853,1.5032,-3,-3,1.5
13.0502,-2.87823,-2.8989,1.50321,-3,-3,1.5
13.0602,-2.87867,-2.89927,1.50324,-3,-3,1.5
13.0702,-2.87911,-2.89963,1.50329,-3,-3,1.5
13.0802,-2.87955,-2.9,1.50333,-3,-3,1.5
13.0902,-2.87998,-2.90036,1.50337,-3,-3,1.5
13.1002,-2.88041,-2.90072,1.50341,-3,-3,1.5
13.1102,-2.88083,-2.90108,1.50345,-3,-3,1.5
13.1202,-2.88125,-2.90144,1.50349,-3,-3,1.5
13.1302,-2.88167,-2.90179,1.50353,-3,-3,1.5
13.1402,-2.88207,-2.90215,1.50358,-3,-3,1.5
13.1502,-2.88248,-2.90251,1.50364,-3,-3,1.5
13.1602,-2.88287,-2.90286,1.50368,-3,-3,1.5
13.1702,-2.88327,-2.90321,1.50373,-3,-3,1.5
13.1802,-2.88365,-2.90356,1.50377,-3,-3,1.5
13.1902,-2.88404,-2.90391,1.50381,-3,-3,1.5
13.2002,-2.88442,-2.90426,1.50384,-3,-3,1.5
13.2102,-2.88479,-2.9046,1.50386,-3,-3,1.5
13.2202,-2.88516,-2.90495,1.50388,-3,-3,1.5
13.2302,-2.88553,-2.90529,1.50389,-3,-3,1.5
13.2402,-2.88589,-2.90563,1.50391,-3,-3,1.5
13.2502,-2.88626,-2.90597,1.50394,-3,-3,1.5
13.2602,-2.88661,-2.90631,1.50396,-3,-3,1.5
13.2702,-2.88696,-2.90664,1.50399,-3,-3,1.5
13.2802,-2.88731,-2.90698,1.50401,-3,-3,1.5
13.2902,-2.88766,-2.90731,1.50405,-3,-3,1.5
13.3002,-2.888,-2.90765,1.50407,-3,-3,1.5
13.3102,-2.88834,-2.90798,1.50408,-3,-3,1.5
13.3202,-2.88867,-2.90831,1.5041,-3,-3,1.5
13.3302,-2.889,-2.90863,1.50411,-3,-3,1.5
13.3402,-2.88933,-2.90896,1.50412,-3,-3,1.5
13.3502,-2.88965,-2.90929,1.50412,-3,-3,1.5
13.3602,-2.88997,-2.90961,1.50413,-3,-3,1.5
13.3702,-2.89029,-2.90993,1.50414,-3,-3,1.5
13.3802,-2.8906,-2.91025,1.50415,-3,-3,1.5
13.3902,-2.89091,-2.91057,1.50417,-3,-3,1.5
13.4002,-2.89122,-2.91089,1.50419,-3,-3,1.5
13.4102,-2.89152,-2.9112,1.50421,-3,-3,1.5
13.4202,-2.89182,-2.91152,1.50423,-3,-3,1.5
13.4302,-2.89211,-2.91183,1.50425,-3,-3,1.5
13.4402,-2.8924,-2.91214,1.50427,-3,-3,1.5
13.4502,-2.89269,-2.91246,1.50429,-3,-3,1.5
13.4602,-2.89297,-2.91276,1.50431,-3,-3,1.5
13.4702,-2.89325,-2.91307,1.50434,-3,-3,1.5
13.4802,-2.89353,-2.91338,1.50436,-3,-3,1.5
13.4902,-2.89381,-2.91368,1.5044,-3,-3,1.5
13.5002,-2.89408,-2.91398,1.50445,-3,-3,1.5
13.5102,-2.89435,-2.91429,1.5045,-3,-3,1.5
13.5202,-2.89461,-2.91459,1.50454,-3,-3,1.5
13.5302,-2.89488,-2.91489,1.50458,-3,-3,1.5
13.5402,-2.89514,-2.91519,1.50461,-3,-3,1.5
13.5502,-2.8954,-2.91549,1.50465,-3,-3,1.5
13.5602,-2.89566,-2.91578,1.50468,-3,-3,1.5
13.5702,-2.89591,-2.91608,1.50472,-3,-3,1.5
13.5802,-2.89617,-2.91638,1.50476,-3,-3,1.5
13.5902,-2.89642,-2.91667,1.5048,-3,-3,1.5
13.6002,-2.89666,-2.91697,1.50482,-3,-3,1.5
13.6102,-2.89691,-2.91726,1.50484,-3,-3,1.5
13.6202,-2.89715,-2.91755,1.50487,-3,-3,1.5
13.6302,-2.89739,-2.91784,1.50489,-3,-3,1.5
13.6402,-2.89763,-2.91813,1.50492,-3,-3,1.5
13.6502,-2.89787,-2.91841,1.50495,-3,-3,1.5
13.6602,-2.8981,-2.9187,1.50499,-3,-3,1.5
13.6702,-2.89833,-2.91898,1.50502,-3,-3,1.5
13.6802,-2.89857,-2.91926,1.50505,-3,-3,1.5
13.6902,-2.89879,-2.91954,1.50506,-3,-3,1.5
13.7002,-2.89902,-2.91982,1.50509,-3,-3,1.5
13.7102,-2.89924,-2.92009,1.50512,-3,-3,1.5
13.7202,-2.89946,-2.92037,1.50515,-3,-3,1.5
13.7302,-2.89968,-2.92064,1.50518,-3,-3,1.5
13.7402,-2.8999,-2.92091,1.50521,-3,-3,1.5
13.7502,-2.90012,-2.92118,1.50524,-3,-3,1.5
13.7602,-2.90033,-2.92145,1.50527,-3,-3,1.5
13.7702,-2.90054,-2.92172,1.50531,-3,-3,1.5
13.7802,-2.90075,-2.92198,1.50537,-3,-3,1.5
13.7902,-2.90095,-2.92224,1.50542,-3,-3,1.5
13.8002,-2.90116,-2.9225,1.50547,-3,-3,1.5
13.8102,-2.90136,-2.92276,1.50551,-3,-3,1.5
13.8202,-2.90157,-2.92302,1.50555,-3,-3,1.5
13.8302,-2.90177,-2.92328,1.50558,-3,-3,1.5
13.8402,-2.90197,-2.92354,1.50561,-3,-3,1.5
13.8502,-2.90217,-2.9238,1.50562,-3,-3,1.5
13.8602,-2.90237,-2.92405,1.50565,-3,-3,1.5
13.8702,-2.90256,-2.92431,1.50568,-3,-3,1.5
13.8802,-2.90276,-2.92456,1.50572,-3,-3,1.5
13.8902,-2.90295,-2.92482,1.50574,-3,-3,1.5
13.9002,-2.90315,-2.92508,1.50574,-3,-3,1.5
13.9102,-2.90334,-2.92534,1.50572,-3,-3,1.5
13.9202,-2.90353,-2.9256,1.50568,-3,-3,1.5
13.9302,-2.90371,-2.92586,1.50564,-3,-3,1.5
13.9402,-2.9039,-2.92613,1.50558,-3,-3,1.5
13.9502,-2.90408,-2.9264,1.50552,-3,-3,1.5
13.9602,-2.90427,-2.92667,1.50549,-3,-3,1.5
13.9702,-2.90445,-2.92694,1.50545,-3,-3,1.5
13.9802,-2.90464,-2.92722,1.50539,-3,-3,1.5
13.9902,-2.90482,-2.9275,1.50534,-3,-3,1.5
14.0002,-2.905,-2.92778,1.50531,-3,-3,1.5
14.0102,-2.90519,-2.92806,1.50532,-3,-3,1.5
14.0202,-2.90537,-2.92835,1.50533,-3,-3,1.5
14.0302,-2.90556,-2.92863,1.50536,-3,-3,1.5
14.0402,-2.90575,-2.92891,1.50539,-3,-3,1.5
14.0502,-2.90595,-2.92919,1.50543,-3,-3,1.5
14.0602,-2.90614,-2.92947,1.50545,-3,-3,1.5
14.0702,-2.90634,-2.92975,1.50547,-3,-3,1.5
14.0802,-2.90655,-2.93003,1.50546,-3,-3,1.5
14.0902,-2.90675,-2.93031,1.50543,-3,-3,1.5
14.1002,-2.90697,-2.93058,1.5054,-3,-3,1.5
14.1102,-2.90718,-2.93086,1.50536,-3,-3,1.5
14.1202,-2.9074,-2.93113,1.50533,-3,-3,1.5
14.1302,-2.90762,-2.93141,1.50529,-3,-3,1.5
14.1402,-2.90784,-2.93169,1.50526,-3,-3,1.5
14.1502,-2.90806,-2.93197,1.50525,-3,-3,1.5
14.1602,-2.90828,-2.93225,1.50526,-3,-3,1.5
14.1702,-2.9085,-2.93254,1.50526,-3,-3,1.5
14.1802,-2.90873,-2.93282,1.50527,-3,-3,1.5
14.1902,-2.90895,-2.93311,1.50528,-3,-3,1.5
14.2002,-2.90917,-2.9334,1.50529,-3,-3,1.5
14.2102,-2.90939,-2.9337,1.5053,-3,-3,1.5
14.2202,-2.90961,-2.93399,1.50531,-3,-3,1.5
14.2302,-2.90983,-2.93429,1.50533,-3,-3,1.5
14.2402,-2.91004,-2.93459,1.50535,-3,-3,1.5
14.2502,-2.91026,-2.93489,1.50533,-3,-3,1.5
14.2602,-2.91047,-2.9352,1.50528,-3,-3,1.5
14.2702,-2.91067,-2.9355,1.50523,-3,-3,1.5
14.2802,-2.91088,-2.9358,1.5052,-3,-3,1.5
14.2902,-2.91109,-2.9361,1.50525,-3,-3,1.5
14.3002,-2.9113,-2.9364,1.50532,-3,-3,1.5
14.3102,-2.9115,-2.9367,1.50537,-3,-3,1.5
14.3202,-2.91171,-2.93699,1.5054,-3,-3,1.5
14.3302,-2.91191,-2.93728,1.50542,-3,-3,1.5
14.3402,-2.91211,-2.93757,1.50546,-3,-3,1.5
14.3502,-2.91231,-2.93786,1.50551,-3,-3,1.5
14.3602,-2.91251,-2.93815,1.50554,-3,-3,1.5
14.3702,-2.9127,-2.93844,1.50556,-3,-3,1.5
14.3802,-2.9129,-2.93872,1.50559,-3,-3,1.5
14.3902,-2.91309,-2.939,1.50561,-3,-3,1.5
14.4002,-2.91328,-2.93928,1.50563,-3,-3,1.5
14.4102,-2.91346,-2.93956,1.50566,-3,-3,1.5
14.4202,-2.91365,-2.93984,1.5057,-3,-3,1.5
14.4302,-2.91383,-2.94011,1.50574,-3,-3,1.5
14.4402,-2.91401,-2.94038,1.50577,-3,-3,1.5
14.4502,-2.91419,-2.94065,1.50579,-3,-3,1.5
14.4602,-2.91436,-2.94092,1.50581,-3,-3,1.5
14.4702,-2.91453,-2.94119,1.50584,-3,-3,1.5
14.4802,-2.9147,-2.94145,1.50586,-3,-3,1.5
14.4902,-2.91487,-2.94172,1.50589,-3,-3,1.5
14.5002,-2.91504,-2.94198,1.50593,-3,-3,1.5
14.5102,-2.9152,-2.94224,1.50596,-3,-3,1.5
14.5202,-2.91536,-2.94249,1.50599,-3,-3,1.5
14.5302,-2.91552,-2.94275,1.50601,-3,-3,1.5
14.5402,-2.91568,-2.943,1.50603,-3,-3,1.5
14.5502,-2.91583,-2.94326,1.50605,-3,-3,1.5
14.5602,-2.91598,-2.94351,1.50606,-3,-3,1.5
14.5702,-2.91614,-2.94376,1.50609,-3,-3,1.5
14.5802,-2.91629,-2.944,1.50612,-3,-3,1.5
14.5902,-2.91643,-2.94425,1.50614,-3,-3,1.5
14.6002,-2.91658,-2.94449,1.50616,-3,-3,1.5
14.6102,-2.91673,-2.94473,1.50617,-3,-3,1.5
14.6202,-2.91687,-2.94497,1.50619,-3,-3,1.5
14.6302,-2.91701,-2.94521,1.5062,-3,-3,1.5
14.6402,-2.91716,-2.94545,1.50623,-3,-3,1.5
14.6502,-2.9173,-2.94568,1.50625,-3,-3,1.5
14.6602,-2.91744,-2.94592,1.50628,-3,-3,1.5
14.6702,-2.91758,-2.94615,1.50631,-3,-3,1.5
14.6802,-2.91772,-2.94638,1.50633,-3,-3,1.5
14.6902,-2.91787,-2.9466,1.50636,-3,-3,1.5
14.7002,-2.91801,-2.94683,1.50638,-3,-3,1.5
14.7102,-2.91816,-2.94705,1.50639,-3,-3,1.5
14.7202,-2.9183,-2.94728,1.50639,-3,-3,1.5
14.7302,-2.91845,-2.9475,1.50639,-3,-3,1.5
14.7402,-2.9186,-2.94772,1.50638,-3,-3,1.5
14.7502,-2.91875,-2.94794,1.50637,-3,-3,1.5
14.7602,-2.9189,-2.94815,1.50634,-3,-3,1.5
14.7702,-2.91906,-2.94837,1.50632,-3,-3,1.5
14.7802,-2.91922,-2.94859,1.50628,-3,-3,1.5
14.7902,-2.91938,-2.9488,1.50624,-3,-3,1.5
14.8002,-2.91954,-2.94902,1.50619,-3,-3,1.5
14.8102,-2.91971,-2.94923,1.50615,-3,-3,1.5
14.8202,-2.91988,-2.94945,1.5061,-3,-3,1.5
14.8302,-2.92005,-2.94967,1.50605,-3,-3,1.5
14.8402,-2.92022,-2.94989,1.50599,-3,-3,1.5
14.8502,-2.9204,-2.95011,1.50593,-3,-3,1.5
14.8602,-2.92057,-2.95034,1.50586,-3,-3,1.5
14.8702,-2.92075,-2.95057,1.50578,-3,-3,1.5
14.8802,-2.92093,-2.9508,1.50571,-3,-3,1.5
14.8902,-2.9211,-2.95103,1.50566,-3,-3,1.5
14.9002,-2.92128,-2.95127,1.50561,-3,-3,1.5
14.9102,-2.92146,-2.95152,1.50556,-3,-3,1.5
14.9202,-2.92164,-2.95176,1.50553,-3,-3,1.5
14.9302,-2.92182,-2.95201,1.50549,-3,-3,1.5
14.9402,-2.922,-2.95226,1.50545,-3,-3,1.5
14.9502,-2.92218,-2.95251,1.5054,-3,-3,1.5
14.9602,-2.92236,-2.95276,1.50535,-3,-3,1.5
14.9702,-2.92254,-2.95302,1.50529,-3,-3,1.5
14.9802,-2.92273,-2.95328,1.50523,-3,-3,1.5
14.9902,-2.92291,-2.95354,1.50517,-3,-3,1.5
15.0002,-2.92309,-2.9538,1.50512,-3,-3,1.5
15.0102,-2.92327,-2.95406,1.50507,-3,-3,1.5
15.0202,-2.92346,-2.95433,1.50504,-3,-3,1.5
15.0302,-2.92365,-2.9546,1.50502,-3,-3,1.5
15.0402,-2.92383,-2.95486,1.505,-3,-3,1.5
15.0502,-2.92402,-2.95513,1.50499,-3,-3,1.5
15.0602,-2.92421,-2.95541,1.50499,-3,-3,1.5
15.0702,-2.9244,-2.95568,1.50502,-3,-3,1.5
15.0802,-2.92459,-2.95596,1.50505,-3,-3,1.5
15.0903,-2.92478,-2.95624,1.50506,-3,-3,1.5
15.1003,-2.92496,-2.95652,1.50507,-3,-3,1.5
15.1103,-2.92515,-2.95681,1.50508,-3,-3,1.5
15.1203,-2.92534,-2.95709,1.50509,-3,-3,1.5
15.1303,-2.92553,-2.95737,1.50509,-3,-3,1.5
15.1403,-2.92572,-2.95766,1.50511,-3,-3,1.5
15.1503,-2.92591,-2.95794,1.50512,-3,-3,1.5
15.1603,-2.9261,-2.95822,1.50513,-3,-3,1.5
15.1703,-2.9263,-2.9585,1.50514,-3,-3,1.5
15.1803,-2.92649,-2.95878,1.50516,-3,-3,1.5
15.1903,-2.92669,-2.95906,1.50518,-3,-3,1.5
15.2003,-2.92689,-2.95933,1.5052,-3,-3,1.5
15.2103,-2.92709,-2.9596,1.50523,-3,-3,1.5
15.2203,-2.92729,-2.95987,1.50525,-3,-3,1.5
15.2303,-2.9275,-2.96014,1.50528,-3,-3,1.5
15.2403,-2.9277,-2.96041,1.5053,-3,-3,1.5
15.2503,-2.92791,-2.96067,1.50532,-3,-3,1.5
15.2603,-2.92813,-2.96093,1.50534,-3,-3,1.5
15.2703,-2.92834,-2.96119,1.50537,-3,-3,1.5
15.2803,-2.92856,-2.96145,1.5054,-3,-3,1.5
15.2903,-2.92878,-2.96171,1.50544,-3,-3,1.5
15.3003,-2.929,-2.96196,1.50548,-3,-3,1.5
15.3103,-2.92922,-2.96221,1.50551,-3,-3,1.5
15.3203,-2.92945,-2.96246,1.50554,-3,-3,1.5
15.3303,-2.92968,-2.96271,1.50557,-3,-3,1.5
15.3403,-2.92991,-2.96295,1.5056,-3,-3,1.5
15.3503,-2.93014,-2.96319,1.50562,-3,-3,1.5
15.3603,-2.93038,-2.96344,1.50563,-3,-3,1.5
15.3703,-2.93061,-2.96368,1.50563,-3,-3,1.5
15.3803,-2.93085,-2.96392,1.50563,-3,-3,1.5
15.3903,-2.93109,-2.96416,1.50564,-3,-3,1.5
15.4003,-2.93133,-2.9644,1.50564,-3,-3,1.5
15.4103,-2.93157,-2.96464,1.50565,-3,-3,1.5
15.4203,-2.93181,-2.96487,1.50566,-3,-3,1.5
15.4303,-2.93206,-2.96511,1.50567,-3,-3,1.5
15.4403,-2.9323,-2.96534,1.50569,-3,-3,1.5
15.4503,-2.93255,-2.96557,1.50571,-3,-3,1.5
15.4603,-2.9328,-2.96581,1.50573,-3,-3,1.5
15.4703,-2.93305,-2.96604,1.50574,-3,-3,1.5
15.4803,-2.9333,-2.96626,1.50575,-3,-3,1.5
15.4903,-2.93356,-2.96649,1.50574,-3,-3,1.5
15.5003,-2.93382,-2.96672,1.50572,-3,-3,1.5
15.5103,-2.93408,-2.96694,1.5057,-3,-3,1.5
15.5203,-2.93434,-2.96717,1.50569,-3,-3,1.5
15.5303,-2.9346,-2.96739,1.50567,-3,-3,1.5
15.5403,-2.93487,-2.96761,1.50568,-3,-3,1.5
15.5503,-2.93513,-2.96783,1.50572,-3,-3,1.5
15.5603,-2.9354,-2.96805,1.50574,-3,-3,1.5
15.5703,-2.93567,-2.96826,1.50575,-3,-3,1.5
15.5803,-2.93594,-2.96847,1.50576,-3,-3,1.5
15.5903,-2.93621,-2.96868,1.50576,-3,-3,1.5
15.6003,-2.93648,-2.96889,1.50576,-3,-3,1.5
15.6103,-2.93674,-2.9691,1.50576,-3,-3,1.5
15.6203,-2.93701,-2.96931,1.50576,-3,-3,1.5
15.6303,-2.93727,-2.96951,1.50575,-3,-3,1.5
15.6403,-2.93754,-2.96971,1.50574,-3,-3,1.5
15.6503,-2.93779,-2.96991,1.50573,-3,-3,1.5
15.6603,-2.93805,-2.97011,1.50572,-3,-3,1.5
15.6703,-2.9383,-2.9703,1.50572,-3,-3,1.5
15.6803,-2.93855,-2.97049,1.50571,-3,-3,1.5
15.6903,-2.93879,-2.97069,1.50572,-3,-3,1.5
15.7003,-2.93903,-2.97087,1.50573,-3,-3,1.5
15.7103,-2.93927,-2.97106,1.50573,-3,-3,1.5
15.7203,-2.9395,-2.97124,1.50574,-3,-3,1.5
15.7303,-2.93974,-2.97143,1.50574,-3,-3,1.5
15.7403,-2.93997,-2.97161,1.50574,-3,-3,1.5
15.7503,-2.9402,-2.97178,1.50574,-3,-3,1.5
15.7603,-2.94043,-2.97196,1.50573,-3,-3,1.5
15.7703,-2.94066,-2.97213,1.50573,-3,-3,1.5
15.7803,-2.94088,-2.9723,1.50573,-3,-3,1.5
15.7903,-2.94111,-2.97247,1.50572,-3,-3,1.5
15.8003,-2.94134,-2.97264,1.50572,-3,-3,1.5
15.8103,-2.94157,-2.97281,1.50572,-3,-3,1.5
15.8203,-2.94181,-2.97298,1.50571,-3,-3,1.5
15.8303,-2.94204,-2.97315,1.5057,-3,-3,1.5
15.8403,-2.94227,-2.97332,1.50569,-3,-3,1.5
15.8503,-2.94251,-2.97349,1.50571,-3,-3,1.5
15.8603,-2.94274,-2.97366,1.50574,-3,-3,1.5
15.8703,-2.94298,-2.97383,1.50576,-3,-3,1.5
15.8803,-2.94322,-2.974,1.50576,-3,-3,1.5
15.8903,-2.94346,-2.97417,1.50575,-3,-3,1.5
15.9003,-2.94369,-2.97434,1.50574,-3,-3,1.5
15.9103,-2.94393,-2.97451,1.50573,-3,-3,1.5
15.9203,-2.94416,-2.97468,1.50571,-3,-3,1.5
15.9303,-2.94439,-2.97484,1.50568,-3,-3,1.5
15.9403,-2.94462,-2.97501,1.50567,-3,-3,1.5
15.9503,-2.94485,-2.97517,1.50567,-3,-3,1.5
15.9603,-2.94507,-2.97533,1.50567,-3,-3,1.5
15.9703,-2.94529,-2.97549,1.50566,-3,-3,1.5
15.9803,-2.94551,-2.97565,1.50566,-3,-3,1.5
15.9903,-2.94573,-2.97581,1.50565,-3,-3,1.5
16.0003,-2.94595,-2.97597,1.50563,-3,-3,1.5
16.0103,-2.94617,-2.97612,1.50561,-3,-3,1.5
16.0203,-2.94639,-2.97627,1.5056,-3,-3,1.5
16.0303,-2.94661,-2.97643,1.50558,-3,-3,1.5
16.0403,-2.94683,-2.97658,1.50558,-3,-3,1.5
16.0503,-2.94705,-2.97673,1.5056,-3,-3,1.5
16.0603,-2.94727,-2.97688,1.50561,-3,-3,1.5
16.0703,-2.94749,-2.97703,1.50565,-3,-3,1.5
16.0803,-2.94771,-2.97718,1.5057,-3,-3,1.5
16.0903,-2.94793,-2.97733,1.50573,-3,-3,1.5
16.1003,-2.94814,-2.97748,1.50575,-3,-3,1.5
16.1103,-2.94835,-2.97763,1.50575,-3,-3,1.5
16.1203,-2.94857,-2.97778,1.50575,-3,-3,1.5
16.1303,-2.94878,-2.97793,1.50574,-3,-3,1.5
16.1403,-2.94898,-2.97808,1.50574,-3,-3,1.5
16.1503,-2.94919,-2.97822,1.50572,-3,-3,1.5
16.1603,-2.9494,-2.97837,1.50569,-3,-3,1.5
16.1703,-2.9496,-2.97852,1.50566,-3,-3,1.5
16.1803,-2.94981,-2.97866,1.50563,-3,-3,1.5
16.1903,-2.95001,-2.97881,1.50561,-3,-3,1.5
16.2003,-2.95021,-2.97895,1.50558,-3,-3,1.5
16.2103,-2.95041,-2.97909,1.50555,-3,-3,1.5
16.2203,-2.95061,-2.97923,1.50553,-3,-3,1.5
16.2303,-2.9508,-2.97937,1.5055,-3,-3,1.5
16.2403,-2.951,-2.97951,1.50548,-3,-3,1.5
16.2503,-2.95119,-2.97965,1.50546,-3,-3,1.5
16.2603,-2.95138,-2.97978,1.50543,-3,-3,1.5
16.2703,-2.95157,-2.97991,1.50541,-3,-3,1.5
16.2803,-2.95176,-2.98005,1.50539,-3,-3,1.5
16.2903,-2.95195,-2.98018,1.50537,-3,-3,1.5
16.3003,-2.95213,-2.98031,1.50534,-3,-3,1.5
16.3103,-2.95231,-2.98043,1.50531,-3,-3,1.5
16.3203,-2.9525,-2.98056,1.50528,-3,-3,1.5
16.3303,-2.95268,-2.98068,1.50525,-3,-3,1.5
16.3403,-2.95285,-2.9808,1.50522,-3,-3,1.5
16.3503,-2.95303,-2.98092,1.50519,-3,-3,1.5
16.3603,-2.9532,-2.98104,1.50515,-3,-3,1.5
16.3703,-2.95338,-2.98116,1.50512,-3,-3,1.5
16.3803,-2.95355,-2.98128,1.50508,-3,-3,1.5
16.3903,-2.95372,-2.98139,1.50505,-3,-3,1.5
16.4003,-2.95389,-2.9815,1.50501,-3,-3,1.5
16.4103,-2.95406,-2.98161,1.50498,-3,-3,1.5
16.4203,-2.95423,-2.98172,1.50496,-3,-3,1.5
16.4303,-2.95439,-2.98183,1.50496,-3,-3,1.5
16.4403,-2.95456,-2.98194,1.505,-3,-3,1.5
16.4503,-2.95473,-2.98204,1.50501,-3,-3,1.5
16.4603,-2.9549,-2.98215,1.505,-3,-3,1.5
16.4703,-2.95507,-2.98225,1.50498,-3,-3,1.5
16.4803,-2.95524,-2.98235,1.50495,-3,-3,1.5
16.4903,-2.9554,-2.98245,1.50492,-3,-3,1.5
16.5003,-2.95557,-2.98255,1.50489,-3,-3,1.5
16.5103,-2.95574,-2.98264,1.50486,-3,-3,1.5
16.5203,-2.95591,-2.98274,1.50483,-3,-3,1.5
16.5303,-2.95607,-2.98283,1.5048,-3,-3,1.5
16.5403,-2.95624,-2.98293,1.50477,-3,-3,1.5
16.5503,-2.95641,-2.98302,1.50474,-3,-3,1.5
16.5603,-2.95657,-2.98311,1.50471,-3,-3,1.5
16.5703,-2.95674,-2.9832,1.50469,-3,-3,1.5
16.5803,-2.9569,-2.98329,1.50466,-3,-3,1.5
16.5903,-2.95706,-2.98338,1.50463,-3,-3,1.5
16.6003,-2.95722,-2.98346,1.50461,-3,-3,1.5
16.6103,-2.95738,-2.98355,1.50457,-3,-3,1.5
16.6203,-2.95754,-2.98363,1.50453,-3,-3,1.5
16.6303,-2.9577,-2.98371,1.50449,-3,-3,1.5
16.6403,-2.95786,-2.98379,1.50446,-3,-3,1.5
16.6503,-2.95802,-2.98387,1.50442,-3,-3,1.5
16.6603,-2.95818,-2.98395,1.50442,-3,-3,1.5
16.6703,-2.95834,-2.98403,1.50444,-3,-3,1.5
16.6803,-2.9585,-2.98411,1.50445,-3,-3,1.5
16.6903,-2.95866,-2.98418,1.50445,-3,-3,1.5
16.7003,-2.95882,-2.98426,1.50445,-3,-3,1.5
16.7103,-2.95898,-2.98433,1.50445,-3,-3,1.5
16.7203,-2.95914,-2.98441,1.50445,-3,-3,1.5
16.7303,-2.9593,-2.98448,1.50444,-3,-3,1.5
16.7403,-2.95946,-2.98455,1.50444,-3,-3,1.5
16.7503,-2.95962,-2.98463,1.50442,-3,-3,1.5
16.7603,-2.95978,-2.9847,1.5044,-3,-3,1.5
16.7703,-2.95994,-2.98478,1.50437,-3,-3,1.5
16.7803,-2.9601,-2.98485,1.50434,-3,-3,1.5
16.7903,-2.96026,-2.98493,1.50431,-3,-3,1.5
16.8003,-2.96042,-2.985,1.50428,-3,-3,1.5
16.8103,-2.96058,-2.98508,1.50424,-3,-3,1.5
16.8203,-2.96074,-2.98515,1.50421,-3,-3,1.5
16.8303,-2.9609,-2.98522,1.50417,-3,-3,1.5
16.8403,-2.96106,-2.9853,1.50414,-3,-3,1.5
16.8503,-2.96122,-2.98537,1.5041,-3,-3,1.5
16.8603,-2.96138,-2.98544,1.50407,-3,-3,1.5
16.8703,-2.96154,-2.98551,1.50405,-3,-3,1.5
16.8803,-2.9617,-2.98558,1.50403,-3,-3,1.5
16.8903,-2.96186,-2.98565,1.50401,-3,-3,1.5
16.9003,-2.96202,-2.98571,1.50398,-3,-3,1.5
16.9103,-2.96218,-2.98578,1.50394,-3,-3,1.5
16.9203,-2.96234,-2.98585,1.50392,-3,-3,1.5
16.9303,-2.9625,-2.98591,1.50389,-3,-3,1.5
16.9403,-2.96266,-2.98597,1.50387,-3,-3,1.5
16.9503,-2.96281,-2.98604,1.50384,-3,-3,1.5
16.9603,-2.96297,-2.9861,1.50382,-3,-3,1.5
16.9703,-2.96313,-2.98616,1.50381,-3,-3,1.5
16.9803,-2.96328,-2.98622,1.50379,-3,-3,1.5
16.9903,-2.96343,-2.98628,1.50377,-3,-3,1.5
17.0003,-2.96359,-2.98634,1.50376,-3,-3,1.5
17.0103,-2.96374,-2.9864,1.50375,-3,-3,1.5
17.0203,-2.96389,-2.98645,1.50373,-3,-3,1.5
17.0303,-2.96404,-2.98651,1.5037,-3,-3,1.5
17.0403,-2.96419,-2.98657,1.50367,-3,-3,1.5
17.0503,-2.96434,-2.98663,1.50364,-3,-3,1.5
17.0603,-2.96448,-2.98668,1.50363,-3,-3,1.5
17.0703,-2.96463,-2.98674,1.50361,-3,-3,1.5
17.0803,-2.96478,-2.9868,1.5036,-3,-3,1.5
17.0903,-2.96493,-2.98685,1.50359,-3,-3,1.5
17.1003,-2.96507,-2.98691,1.50359,-3,-3,1.5
17.1103,-2.96522,-2.98696,1.5036,-3,-3,1.5
17.1203,-2.96537,-2.98702,1.50364,-3,-3,1.5
17.1303,-2.96552,-2.98708,1.50369,-3,-3,1.5
17.1403,-2.96566,-2.98714,1.5037,-3,-3,1.5
17.1503,-2.96581,-2.98721,1.5037,-3,-3,1.5
17.1603,-2.96596,-2.98727,1.5037,-3,-3,1.5
17.1703,-2.96611,-2.98734,1.5037,-3,-3,1.5
17.1803,-2.96625,-2.98741,1.5037,-3,-3,1.5
17.1903,-2.9664,-2.98748,1.50373,-3,-3,1.5
17.2003,-2.96655,-2.98755,1.50379,-3,-3,1.5
17.2103,-2.9667,-2.98762,1.50384,-3,-3,1.5
17.2203,-2.96685,-2.9877,1.50389,-3,-3,1.5
17.2303,-2.967,-2.98778,1.50395,-3,-3,1.5
17.2403,-2.96714,-2.98786,1.504,-3,-3,1.5
17.2503,-2.96729,-2.98794,1.50402,-3,-3,1.5
17.2603,-2.96743,-2.98802,1.50402,-3,-3,1.5
17.2703,-2.96758,-2.9881,1.50401,-3,-3,1.5
17.2803,-2.96772,-2.98819,1.50399,-3,-3,1.5
17.2903,-2.96786,-2.98827,1.50397,-3,-3,1.5
17.3003,-2.968,-2.98836,1.50396,-3,-3,1.5
17.3103,-2.96815,-2.98844,1.50397,-3,-3,1.5
17.3203,-2.96829,-2.98853,1.50402,-3,-3,1.5
17.3303,-2.96843,-2.98862,1.5041,-3,-3,1.5
17.3403,-2.96857,-2.9887,1.50417,-3,-3,1.5
17.3503,-2.96871,-2.98879,1.50422,-3,-3,1.5
17.3603,-2.96885,-2.98888,1.50426,-3,-3,1.5
17.3703,-2.96898,-2.98897,1.50428,-3,-3,1.5
17.3803,-2.96912,-2.98906,1.5043,-3,-3,1.5
17.3903,-2.96925,-2.98914,1.5043,-3,-3,1.5
17.4003,-2.96939,-2.98923,1.5043,-3,-3,1.5
17.4103,-2.96952,-2.98932,1.50428,-3,-3,1.5
17.4203,-2.96965,-2.98941,1.50426,-3,-3,1.5
17.4303,-2.96978,-2.9895,1.50424,-3,-3,1.5
17.4403,-2.96991,-2.98959,1.50421,-3,-3,1.5
17.4503,-2.97003,-2.98968,1.50419,-3,-3,1.5
17.4603,-2.97016,-2.98977,1.50417,-3,-3,1.5
17.4703,-2.97028,-2.98986,1.50414,-3,-3,1.5
17.4803,-2.97041,-2.98995,1.50411,-3,-3,1.5
17.4903,-2.97053,-2.99003,1.50408,-3,-3,1.5
17.5003,-2.97065,-2.99012,1.50405,-3,-3,1.5
17.5103,-2.97077,-2.9902,1.50402,-3,-3,1.5
17.5203,-2.97089,-2.99029,1.50399,-3,-3,1.5
17.5303,-2.97101,-2.99037,1.50397,-3,-3,1.5
17.5403,-2.97113,-2.99045,1.50394,-3,-3,1.5
17.5503,-2.97125,-2.99054,1.50392,-3,-3,1.5
17.5603,-2.97136,-2.99062,1.50388,-3,-3,1.5
17.5703,-2.97148,-2.9907,1.50385,-3,-3,1.5
17.5803,-2.97159,-2.99077,1.50381,-3,-3,1.5
17.5903,-2.97171,-2.99085,1.50378,-3,-3,1.5
17.6003,-2.97182,-2.99093,1.50375,-3,-3,1.5
17.6103,-2.97193,-2.991,1.50373,-3,-3,1.5
17.6203,-2.97204,-2.99108,1.50371,-3,-3,1.5
17.6303,-2.97216,-2.99115,1.50369,-3,-3,1.5
17.6403,-2.97227,-2.99122,1.50366,-3,-3,1.5
17.6503,-2.97237,-2.99129,1.50366,-3,-3,1.5
17.6603,-2.97248,-2.99136,1.50365,-3,-3,1.5
17.6703,-2.97259,-2.99143,1.50364,-3,-3,1.5
17.6803,-2.9727,-2.99149,1.50364,-3,-3,1.5
17.6903,-2.9728,-2.99156,1.50363,-3,-3,1.5
17.7003,-2.97291,-2.99162,1.50362,-3,-3,1.5
17.7103,-2.97302,-2.99169,1.50361,-3,-3,1.5
17.7203,-2.97312,-2.99175,1.5036,-3,-3,1.5
17.7303,-2.97323,-2.99181,1.50359,-3,-3,1.5
17.7403,-2.97334,-2.99187,1.50357,-3,-3,1.5
17.7503,-2.97344,-2.99194,1.50356,-3,-3,1.5
17.7603,-2.97355,-2.99199,1.50354,-3,-3,1.5
17.7703,-2.97366,-2.99205,1.50352,-3,-3,1.5
17.7803,-2.97377,-2.99211,1.5035,-3,-3,1.5
17.7903,-2.97388,-2.99216,1.50345,-3,-3,1.5
17.8003,-2.97399,-2.99222,1.50342,-3,-3,1.5
17.8103,-2.9741,-2.99227,1.50342,-3,-3,1.5
17.8203,-2.97421,-2.99232,1.5034,-3,-3,1.5
17.8303,-2.97432,-2.99237,1.50339,-3,-3,1.5
17.8403,-2.97443,-2.99241,1.50337,-3,-3,1.5
17.8503,-2.97454,-2.99246,1.50335,-3,-3,1.5
17.8603,-2.97466,-2.9925,1.50332,-3,-3,1.5
17.8703,-2.97477,-2.99254,1.50329,-3,-3,1.5
17.8803,-2.97488,-2.99257,1.50326,-3,-3,1.5
17.8903,-2.97499,-2.99261,1.50324,-3,-3,1.5
17.9003,-2.9751,-2.99265,1.50321,-3,-3,1.5
17.9103,-2.97521,-2.99268,1.50317,-3,-3,1.5
17.9203,-2.97532,-2.99272,1.50314,-3,-3,1.5
17.9303,-2.97543,-2.99276,1.50312,-3,-3,1.5
17.9403,-2.97554,-2.99279,1.50307,-3,-3,1.5
17.9503,-2.97565,-2.99283,1.50301,-3,-3,1.5
17.9603,-2.97576,-2.99286,1.50296,-3,-3,1.5
17.9703,-2.97588,-2.99289,1.50291,-3,-3,1.5
17.9803,-2.97599,-2.99293,1.50289,-3,-3,1.5
17.9903,-2.9761,-2.99296,1.50288,-3,-3,1.5
18.0003,-2.97621,-2.99299,1.50286,-3,-3,1.5
18.0103,-2.97632,-2.99303,1.50284,-3,-3,1.5
18.0203,-2.97643,-2.99306,1.50282,-3,-3,1.5
18.0303,-2.97654,-2.99309,1.5028,-3,-3,1.5
18.0403,-2.97666,-2.99313,1.50278,-3,-3,1.5
18.0503,-2.97677,-2.99316,1.50276,-3,-3,1.5
18.0603,-2.97688,-2.99319,1.50274,-3,-3,1.5
18.0703,-2.97699,-2.99323,1.50272,-3,-3,1.5
18.0803,-2.9771,-2.99326,1.5027,-3,-3,1.5
18.0903,-2.97721,-2.9933,1.50268,-3,-3,1.5
18.1003,-2.97733,-2.99333,1.50266,-3,-3,1.5
18.1103,-2.97744,-2.99336,1.50263,-3,-3,1.5
18.1203,-2.97755,-2.9934,1.50261,-3,-3,1.5
18.1303,-2.97766,-2.99343,1.50259,-3,-3,1.5
18.1403,-2.97777,-2.99346,1.50257,-3,-3,1.5
18.1503,-2.97788,-2.9935,1.50256,-3,-3,1.5
18.1603,-2.97799,-2.99353,1.50254,-3,-3,1.5
18.1703,-2.9781,-2.99356,1.50252,-3,-3,1.5
18.1803,-2.9782,-2.9936,1.50251,-3,-3,1.5
18.1903,-2.97831,-2.99363,1.50249,-3,-3,1.5
18.2003,-2.97842,-2.99366,1.50247,-3,-3,1.5
18.2103,-2.97853,-2.99369,1.50245,-3,-3,1.5
18.2203,-2.97863,-2.99372,1.50244,-3,-3,1.5
18.2303,-2.97874,-2.99376,1.50243,-3,-3,1.5
18.2403,-2.97884,-2.99379,1.50242,-3,-3,1.5
18.2503,-2.97895,-2.99382,1.50241,-3,-3,1.5
18.2603,-2.97905,-2.99385,1.50239,-3,-3,1.5
18.2703,-2.97916,-2.99388,1.50238,-3,-3,1.5
18.2803,-2.97926,-2.99391,1.50237,-3,-3,1.5
18.2903,-2.97936,-2.99395,1.50235,-3,-3,1.5
18.3003,-2.97946,-2.99398,1.50234,-3,-3,1.5
18.3103,-2.97956,-2.99401,1.50232,-3,-3,1.5
18.3203,-2.97966,-2.99404,1.50231,-3,-3,1.5
18.3303,-2.97975,-2.99407,1.5023,-3,-3,1.5
18.3403,-2.97985,-2.9941,1.5023,-3,-3,1.5
18.3503,-2.97994,-2.99413,1.50229,-3,-3,1.5
18.3603,-2.98004,-2.99416,1.50228,-3,-3,1.5
18.3703,-2.98013,-2.99419,1.50227,-3,-3,1.5
18.3803,-2.98022,-2.99422,1.50226,-3,-3,1.5
18.3903,-2.98031,-2.99426,1.50226,-3,-3,1.5
18.4003,-2.9804,-2.99429,1.50225,-3,-3,1.5
18.4103,-2.98049,-2.99432,1.50225,-3,-3,1.5
18.4203,-2.98058,-2.99435,1.50224,-3,-3,1.5
18.4303,-2.98066,-2.99438,1.50223,-3,-3,1.5
18.4403,-2.98075,-2.99441,1.50222,-3,-3,1.5
18.4503,-2.98083,-2.99444,1.50221,-3,-3,1.5
18.4603,-2.98091,-2.99447,1.50221,-3,-3,1.5
18.4703,-2.981,-2.99451,1.5022,-3,-3,1.5
18.4803,-2.98108,-2.99454,1.50219,-3,-3,1.5
18.4903,-2.98116,-2.99457,1.50218,-3,-3,1.5
18.5003,-2.98124,-2.9946,1.50218,-3,-3,1.5
18.5103,-2.98131,-2.99464,1.50217,-3,-3,1.5
18.5203,-2.98139,-2.99467,1.50216,-3,-3,1.5
18.5303,-2.98147,-2.9947,1.50215,-3,-3,1.5
18.5403,-2.98155,-2.99473,1.50214,-3,-3,1.5
18.5503,-2.98162,-2.99477,1.50214,-3,-3,1.5
18.5603,-2.9817,-2.9948,1.50214,-3,-3,1.5
18.5703,-2.98178,-2.99483,1.50214,-3,-3,1.5
18.5803,-2.98185,-2.99487,1.50213,-3,-3,1.5
18.5903,-2.98193,-2.9949,1.50213,-3,-3,1.5
18.6003,-2.982,-2.99494,1.50213,-3,-3,1.5
18.6103,-2.98208,-2.99497,1.50213,-3,-3,1.5
18.6203,-2.98216,-2.995,1.50214,-3,-3,1.5
18.6303,-2.98223,-2.99504,1.50215,-3,-3,1.5
18.6403,-2.98231,-2.99507,1.50216,-3,-3,1.5
18.6503,-2.98238,-2.9951,1.50217,-3,-3,1.5
18.6603,-2.98246,-2.99514,1.50217,-3,-3,1.5
18.6703,-2.98254,-2.99517,1.50217,-3,-3,1.5
18.6803,-2.98261,-2.9952,1.50217,-3,-3,1.5
18.6903,-2.98269,-2.99523,1.50216,-3,-3,1.5
18.7003,-2.98276,-2.99526,1.50216,-3,-3,1.5
18.7103,-2.98284,-2.99529,1.50215,-3,-3,1.5
18.7203,-2.98291,-2.99532,1.50215,-3,-3,1.5
18.7303,-2.98299,-2.99536,1.50214,-3,-3,1.5
18.7403,-2.98306,-2.99539,1.50214,-3,-3,1.5
18.7503,-2.98314,-2.99542,1.50213,-3,-3,1.5
18.7603,-2.98321,-2.99545,1.50213,-3,-3,1.5
18.7703,-2.98329,-2.99548,1.50213,-3,-3,1.5
18.7803,-2.98336,-2.99551,1.50213,-3,-3,1.5
18.7903,-2.98344,-2.99554,1.50213,-3,-3,1.5
18.8003,-2.98351,-2.99557,1.50213,-3,-3,1.5
18.8103,-2.98359,-2.9956,1.50213,-3,-3,1.5
18.8203,-2.98367,-2.99563,1.50213,-3,-3,1.5
18.8303,-2.98375,-2.99566,1.50214,-3,-3,1.5
18.8403,-2.98383,-2.99569,1.50214,-3,-3,1.5
18.8503,-2.98391,-2.99573,1.50214,-3,-3,1.5
18.8603,-2.98399,-2.99576,1.50214,-3,-3,1.5
18.8703,-2.98407,-2.99579,1.50214,-3,-3,1.5
18.8803,-2.98416,-2.99582,1.50214,-3,-3,1.5
18.8903,-2.98425,-2.99585,1.50216,-3,-3,1.5
18.9003,-2.98433,-2.99588,1.50218,-3,-3,1.5
18.9103,-2.98442,-2.99591,1.5022,-3,-3,1.5
18.9203,-2.98452,-2.99595,1.50221,-3,-3,1.5
18.9303,-2.98461,-2.99598,1.50222,-3,-3,1.5
18.9403,-2.98471,-2.99601,1.50223,-3,-3,1.5
18.9503,-2.9848,-2.99605,1.50224,-3,-3,1.5
18.9603,-2.9849,-2.99609,1.50225,-3,-3,1.5
18.9703,-2.985,-2.99613,1.50226,-3,-3,1.5
18.9803,-2.9851,-2.99618,1.50226,-3,-3,1.5
18.9903,-2.98521,-2.99622,1.50226,-3,-3,1.5
19.0003,-2.98531,-2.99627,1.50226,-3,-3,1.5
19.0103,-2.98542,-2.99632,1.50226,-3,-3,1.5
19.0203,-2.98553,-2.99638,1.5023,-3,-3,1.5
19.0303,-2.98565,-2.99643,1.50236,-3,-3,1.5
19.0403,-2.98576,-2.99649,1.50241,-3,-3,1.5
19.0503,-2.98588,-2.99655,1.50245,-3,-3,1.5
19.0603,-2.98599,-2.99661,1.50248,-3,-3,1.5
19.0703,-2.98611,-2.99667,1.50251,-3,-3,1.5
19.0803,-2.98622,-2.99673,1.50253,-3,-3,1.5
19.0903,-2.98634,-2.99679,1.50255,-3,-3,1.5
19.1003,-2.98645,-2.99685,1.50256,-3,-3,1.5
19.1103,-2.98656,-2.99691,1.50258,-3,-3,1.5
19.1203,-2.98667,-2.99697,1.50262,-3,-3,1.5
19.1303,-2.98678,-2.99704,1.50267,-3,-3,1.5
19.1403,-2.98688,-2.9971,1.50271,-3,-3,1.5
19.1503,-2.98698,-2.99716,1.50274,-3,-3,1.5
19.1603,-2.98708,-2.99722,1.50277,-3,-3,1.5
19.1703,-2.98717,-2.99728,1.5028,-3,-3,1.5
19.1803,-2.98727,-2.99734,1.50283,-3,-3,1.5
19.1903,-2.98736,-2.9974,1.50286,-3,-3,1.5
19.2003,-2.98746,-2.99746,1.5029,-3,-3,1.5
19.2103,-2.98755,-2.99752,1.50293,-3,-3,1.5
19.2203,-2.98764,-2.99759,1.50297,-3,-3,1.5
19.2303,-2.98774,-2.99765,1.50302,-3,-3,1.5
19.2403,-2.98783,-2.99771,1.50307,-3,-3,1.5
19.2503,-2.98792,-2.99778,1.50312,-3,-3,1.5
19.2603,-2.98802,-2.99784,1.50315,-3,-3,1.5
19.2703,-2.98811,-2.99791,1.50319,-3,-3,1.5
19.2803,-2.98821,-2.99798,1.50322,-3,-3,1.5
19.2903,-2.9883,-2.99804,1.50325,-3,-3,1.5
19.3003,-2.98839,-2.99811,1.50327,-3,-3,1.5
19.3103,-2.98848,-2.99818,1.50328,-3,-3,1.5
19.3203,-2.98857,-2.99825,1.5033,-3,-3,1.5
19.3303,-2.98865,-2.99832,1.50333,-3,-3,1.5
19.3403,-2.98873,-2.99838,1.50338,-3,-3,1.5
19.3503,-2.98881,-2.99845,1.50341,-3,-3,1.5
19.3603,-2.98889,-2.99852,1.50343,-3,-3,1.5
19.3703,-2.98896,-2.99858,1.50346,-3,-3,1.5
19.3803,-2.98904,-2.99865,1.50349,-3,-3,1.5
19.3903,-2.98911,-2.99871,1.50351,-3,-3,1.5
19.4003,-2.98917,-2.99877,1.50354,-3,-3,1.5
19.4103,-2.98924,-2.99884,1.50356,-3,-3,1.5
19.4203,-2.9893,-2.9989,1.50359,-3,-3,1.5
19.4303,-2.98937,-2.99896,1.50361,-3,-3,1.5
19.4403,-2.98943,-2.99903,1.50362,-3,-3,1.5
19.4503,-2.98949,-2.99909,1.50364,-3,-3,1.5
19.4604,-2.98954,-2.99915,1.50365,-3,-3,1.5
19.4704,-2.9896,-2.99921,1.50366,-3,-3,1.5
19.4804,-2.98965,-2.99927,1.50368,-3,-3,1.5
19.4904,-2.9897,-2.99933,1.5037,-3,-3,1.5
19.5004,-2.98975,-2.99939,1.50371,-3,-3,1.5
19.5104,-2.98979,-2.99944,1.50373,-3,-3,1.5
19.5204,-2.98984,-2.9995,1.50375,-3,-3,1.5
19.5304,-2.98988,-2.99956,1.50377,-3,-3,1.5
19.5404,-2.98991,-2.99961,1.5038,-3,-3,1.5
19.5504,-2.98994,-2.99967,1.50382,-3,-3,1.5
19.5604,-2.98997,-2.99972,1.50383,-3,-3,1.5
19.5704,-2.99,-2.99977,1.50385,-3,-3,1.5
19.5804,-2.99002,-2.99982,1.50387,-3,-3,1.5
19.5904,-2.99004,-2.99987,1.50389,-3,-3,1.5
19.6004,-2.99005,-2.99992,1.50391,-3,-3,1.5
19.6104,-2.99007,-2.99997,1.50392,-3,-3,1.5
19.6204,-2.99008,-3.00001,1.50394,-3,-3,1.5
19.6304,-2.99008,-3.00006,1.50395,-3,-3,1.5
19.6404,-2.99008,-3.0001,1.50397,-3,-3,1.5
19.6504,-2.99008,-3.00014,1.50398,-3,-3,1.5
19.6604,-2.99008,-3.00019,1.504,-3,-3,1.5
19.6704,-2.99007,-3.00023,1.50401,-3,-3,1.5
19.6804,-2.99007,-3.00027,1.50404,-3,-3,1.5
19.6904,-2.99006,-3.00031,1.50406,-3,-3,1.5
19.7004,-2.99004,-3.00035,1.50408,-3,-3,1.5
19.7104,-2.99003,-3.00039,1.50409,-3,-3,1.5
19.7204,-2.99001,-3.00042,1.50411,-3,-3,1.5
19.7304,-2.98999,-3.00046,1.50414,-3,-3,1.5
19.7404,-2.98997,-3.0005,1.50417,-3,-3,1.5
19.7504,-2.98995,-3.00053,1.50419,-3,-3,1.5
19.7604,-2.98993,-3.00057,1.50422,-3,-3,1.5
19.7704,-2.9899,-3.0006,1.50424,-3,-3,1.5
19.7804,-2.98987,-3.00064,1.50425,-3,-3,1.5
19.7904,-2.98984,-3.00067,1.50427,-3,-3,1.5
19.8004,-2.98981,-3.0007,1.50429,-3,-3,1.5
19.8104,-2.98977,-3.00074,1.5043,-3,-3,1.5
19.8204,-2.98973,-3.00077,1.50432,-3,-3,1.5
19.8304,-2.98969,-3.0008,1.50433,-3,-3,1.5
19.8404,-2.98965,-3.00083,1.50436,-3,-3,1.5
19.8504,-2.9896,-3.00087,1.50438,-3,-3,1.5
19.8604,-2.98955,-3.0009,1.50441,-3,-3,1.5
19.8704,-2.9895,-3.00093,1.50443,-3,-3,1.5
19.8804,-2.98945,-3.00096,1.50445,-3,-3,1.5
19.8904,-2.98939,-3.00099,1.50449,-3,-3,1.5
19.9004,-2.98933,-3.00102,1.50453,-3,-3,1.5
19.9104,-2.98927,-3.00105,1.50458,-3,-3,1.5
19.9204,-2.9892,-3.00108,1.50463,-3,-3,1.5
19.9304,-2.98914,-3.00111,1.50468,-3,-3,1.5
19.9404,-2.98907,-3.00114,1.50472,-3,-3,1.5
19.9504,-2.989,-3.00117,1.50476,-3,-3,1.5
19.9604,-2.98892,-3.0012,1.50479,-3,-3,1.5
19.9704,-2.98885,-3.00124,1.50483,-3,-3,1.5
19.9804,-2.98877,-3.00127,1.50486,-3,-3,1.5
19.9904,-2.9887,-3.0013,1.50489,-3,-3,1.5
20.0004,-2.98862,-3.00133,1.50493,-3,-3,1.5
20.0104,-2.98854,-3.00136,1.50496,-3,-3,1.5
20.0204,-2.98847,-3.00138,1.50499,-3,-3,1.5
20.0304,-2.98839,-3.00141,1.50502,-3,-3,1.5
20.0404,-2.98832,-3.00144,1.50504,-3,-3,1.5
20.0504,-2.98824,-3.00147,1.50507,-3,-3,1.5
20.0604,-2.98817,-3.0015,1.5051,-3,-3,1.5
20.0704,-2.9881,-3.00153,1.50512,-3,-3,1.5
20.0804,-2.98802,-3.00155,1.50515,-3,-3,1.5
20.0904,-2.98795,-3.00158,1.50517,-3,-3,1.5
20.1004,-2.98788,-3.0016,1.50519,-3,-3,1.5
20.1104,-2.98781,-3.00163,1.50522,-3,-3,1.5
20.1204,-2.98775,-3.00165,1.50525,-3,-3,1.5
20.1304,-2.98768,-3.00168,1.50528,-3,-3,1.5
20.1404,-2.98761,-3.0017,1.50531,-3,-3,1.5
20.1504,-2.98755,-3.00173,1.50533,-3,-3,1.5
20.1604,-2.98748,-3.00175,1.50534,-3,-3,1.5
20.1704,-2.98742,-3.00177,1.50537,-3,-3,1.5
20.1804,-2.98736,-3.00179,1.50541,-3,-3,1.5
20.1904,-2.98729,-3.00182,1.50546,-3,-3,1.5
20.2004,-2.98722,-3.00184,1.50549,-3,-3,1.5
20.2104,-2.98716,-3.00186,1.50552,-3,-3,1.5
20.2204,-2.98709,-3.00188,1.50555,-3,-3,1.5
20.2304,-2.98702,-3.0019,1.50558,-3,-3,1.5
20.2404,-2.98696,-3.00192,1.50561,-3,-3,1.5
20.2504,-2.98689,-3.00194,1.50566,-3,-3,1.5
20.2604,-2.98682,-3.00196,1.50569,-3,-3,1.5
20.2704,-2.98675,-3.00198,1.50571,-3,-3,1.5
20.2804,-2.98668,-3.002,1.50574,-3,-3,1.5
20.2904,-2.98661,-3.00202,1.50576,-3,-3,1.5
20.3004,-2.98654,-3.00204,1.50577,-3,-3,1.5
20.3104,-2.98647,-3.00205,1.5058,-3,-3,1.5
20.3204,-2.9864,-3.00207,1.50584,-3,-3,1.5
20.3304,-2.98632,-3.00209,1.50589,-3,-3,1.5
20.3404,-2.98625,-3.00211,1.50592,-3,-3,1.5
20.3504,-2.98618,-3.00213,1.50594,-3,-3,1.5
20.3604,-2.9861,-3.00215,1.50597,-3,-3,1.5
20.3704,-2.98603,-3.00216,1.506,-3,-3,1.5
20.3804,-2.98595,-3.00218,1.50603,-3,-3,1.5
20.3904,-2.98587,-3.0022,1.50607,-3,-3,1.5
20.4004,-2.98579,-3.00222,1.50611,-3,-3,1.5
20.4104,-2.98571,-3.00223,1.50615,-3,-3,1.5
20.4204,-2.98563,-3.00225,1.50618,-3,-3,1.5
20.4304,-2.98555,-3.00226,1.5062,-3,-3,1.5
20.4404,-2.98547,-3.00227,1.50623,-3,-3,1.5
20.4504,-2.98538,-3.00229,1.50628,-3,-3,1.5
20.4604,-2.9853,-3.0023,1.50632,-3,-3,1.5
20.4704,-2.98521,-3.00231,1.50636,-3,-3,1.5
20.4804,-2.98512,-3.00232,1.50639,-3,-3,1.5
20.4904,-2.98503,-3.00234,1.50642,-3,-3,1.5
20.5004,-2.98494,-3.00235,1.50646,-3,-3,1.5
20.5104,-2.98485,-3.00236,1.50651,-3,-3,1.5
20.5204,-2.98476,-3.00237,1.50655,-3,-3,1.5
20.5304,-2.98467,-3.00238,1.50656,-3,-3,1.5
20.5404,-2.98458,-3.00239,1.50655,-3,-3,1.5
20.5504,-2.98449,-3.0024,1.50654,-3,-3,1.5
20.5604,-2.9844,-3.00242,1.50655,-3,-3,1.5
20.5704,-2.98431,-3.00244,1.50656,-3,-3,1.5
20.5804,-2.98421,-3.00246,1.50657,-3,-3,1.5
20.5904,-2.98412,-3.00249,1.50658,-3,-3,1.5
20.6004,-2.98403,-3.00252,1.50659,-3,-3,1.5
20.6104,-2.98393,-3.00256,1.5066,-3,-3,1.5
20.6204,-2.98384,-3.00259,1.5066,-3,-3,1.5
20.6304,-2.98374,-3.00264,1.50658,-3,-3,1.5
20.6404,-2.98364,-3.00268,1.50656,-3,-3,1.5
20.6504,-2.98355,-3.00273,1.50656,-3,-3,1.5
20.6604,-2.98345,-3.00278,1.50657,-3,-3,1.5
20.6704,-2.98336,-3.00284,1.5066,-3,-3,1.5
20.6804,-2.98326,-3.00289,1.50663,-3,-3,1.5
20.6904,-2.98317,-3.00295,1.50666,-3,-3,1.5
20.7004,-2.98307,-3.003,1.5067,-3,-3,1.5
20.7104,-2.98298,-3.00306,1.50674,-3,-3,1.5
20.7204,-2.98289,-3.00312,1.50678,-3,-3,1.5
20.7304,-2.98281,-3.00317,1.50683,-3,-3,1.5
20.7404,-2.98272,-3.00323,1.50686,-3,-3,1.5
20.7504,-2.98264,-3.00328,1.50689,-3,-3,1.5
20.7604,-2.98255,-3.00334,1.50691,-3,-3,1.5
20.7704,-2.98247,-3.00339,1.50693,-3,-3,1.5
20.7804,-2.98239,-3.00344,1.50696,-3,-3,1.5
20.7904,-2.98232,-3.0035,1.50698,-3,-3,1.5
20.8004,-2.98224,-3.00355,1.50701,-3,-3,1.5
20.8104,-2.98216,-3.0036,1.50705,-3,-3,1.5
20.8204,-2.98209,-3.00365,1.50708,-3,-3,1.5
20.8304,-2.98201,-3.0037,1.50711,-3,-3,1.5
20.8404,-2.98194,-3.00375,1.50714,-3,-3,1.5
20.8504,-2.98186,-3.0038,1.50717,-3,-3,1.5
20.8604,-2.98179,-3.00384,1.5072,-3,-3,1.5
20.8704,-2.98171,-3.00389,1.50724,-3,-3,1.5
20.8804,-2.98164,-3.00393,1.50729,-3,-3,1.5
20.8904,-2.98157,-3.00398,1.50734,-3,-3,1.5
20.9004,-2.98149,-3.00402,1.50739,-3,-3,1.5
20.9104,-2.98142,-3.00406,1.5074,-3,-3,1.5
20.9204,-2.98134,-3.0041,1.50738,-3,-3,1.5
20.9304,-2.98127,-3.00414,1.50736,-3,-3,1.5
20.9404,-2.9812,-3.00418,1.50736,-3,-3,1.5
20.9504,-2.98112,-3.00421,1.50737,-3,-3,1.5
20.9604,-2.98105,-3.00425,1.50738,-3,-3,1.5
20.9704,-2.98098,-3.00429,1.50738,-3,-3,1.5
20.9804,-2.98091,-3.00432,1.50739,-3,-3,1.5
20.9904,-2.98084,-3.00436,1.5074,-3,-3,1.5
21.0004,-2.98077,-3.0044,1.50742,-3,-3,1.5
21.0104,-2.9807,-3.00444,1.50743,-3,-3,1.5
21.0204,-2.98063,-3.00448,1.50743,-3,-3,1.5
21.0304,-2.98056,-3.00452,1.50745,-3,-3,1.5
21.0404,-2.98049,-3.00456,1.5075,-3,-3,1.5
21.0504,-2.98042,-3.00461,1.50753,-3,-3,1.5
21.0604,-2.98035,-3.00465,1.50757,-3,-3,1.5
21.0704,-2.98027,-3.00469,1.50761,-3,-3,1.5
21.0804,-2.9802,-3.00474,1.50765,-3,-3,1.5
21.0904,-2.98013,-3.00478,1.50768,-3,-3,1.5
21.1004,-2.98005,-3.00482,1.50771,-3,-3,1.5
21.1104,-2.97998,-3.00486,1.50774,-3,-3,1.5
21.1204,-2.9799,-3.00491,1.50774,-3,-3,1.5
21.1304,-2.97982,-3.00495,1.50772,-3,-3,1.5
21.1404,-2.97974,-3.00499,1.50772,-3,-3,1.5
21.1504,-2.97966,-3.00502,1.50773,-3,-3,1.5
21.1604,-2.97958,-3.00506,1.50775,-3,-3,1.5
21.1704,-2.97949,-3.0051,1.50776,-3,-3,1.5
21.1804,-2.97941,-3.00513,1.50778,-3,-3,1.5
21.1904,-2.97933,-3.00517,1.50779,-3,-3,1.5
21.2004,-2.97924,-3.0052,1.50775,-3,-3,1.5
21.2104,-2.97916,-3.00524,1.50768,-3,-3,1.5
21.2204,-2.97908,-3.00527,1.50763,-3,-3,1.5
21.2304,-2.97899,-3.00531,1.5076,-3,-3,1.5
21.2404,-2.97891,-3.00534,1.50758,-3,-3,1.5
21.2504,-2.97883,-3.00538,1.50755,-3,-3,1.5
21.2604,-2.97876,-3.00542,1.50753,-3,-3,1.5
21.2704,-2.97868,-3.00546,1.5075,-3,-3,1.5
21.2804,-2.97861,-3.00551,1.50746,-3,-3,1.5
21.2904,-2.97853,-3.00555,1.50741,-3,-3,1.5
21.3004,-2.97847,-3.0056,1.50743,-3,-3,1.5
21.3104,-2.9784,-3.00565,1.50748,-3,-3,1.5
21.3204,-2.97834,-3.0057,1.5075,-3,-3,1.5
21.3304,-2.97828,-3.00576,1.5075,-3,-3,1.5
21.3404,-2.97823,-3.00581,1.50751,-3,-3,1.5
21.3504,-2.97818,-3.00586,1.50753,-3,-3,1.5
21.3604,-2.97813,-3.00592,1.50754,-3,-3,1.5
21.3704,-2.97808,-3.00598,1.50755,-3,-3,1.5
21.3804,-2.97804,-3.00603,1.50758,-3,-3,1.5
21.3904,-2.978,-3.00609,1.5076,-3,-3,1.5
21.4004,-2.97796,-3.00614,1.50762,-3,-3,1.5
21.4104,-2.97793,-3.00619,1.50763,-3,-3,1.5
21.4204,-2.97789,-3.00625,1.50765,-3,-3,1.5
21.4304,-2.97786,-3.0063,1.50767,-3,-3,1.5
21.4404,-2.97782,-3.00635,1.50769,-3,-3,1.5
21.4504,-2.97779,-3.0064,1.50772,-3,-3,1.5
21.4604,-2.97776,-3.00645,1.50774,-3,-3,1.5
21.4704,-2.97772,-3.0065,1.50777,-3,-3,1.5
21.4804,-2.97769,-3.00654,1.50779,-3,-3,1.5
21.4904,-2.97765,-3.00659,1.50779,-3,-3,1.5
21.5004,-2.97762,-3.00663,1.5078,-3,-3,1.5
21.5104,-2.97758,-3.00667,1.50781,-3,-3,1.5
21.5204,-2.97754,-3.00671,1.50784,-3,-3,1.5
21.5304,-2.9775,-3.00675,1.50789,-3,-3,1.5
21.5404,-2.97745,-3.00679,1.50795,-3,-3,1.5
21.5504,-2.97741,-3.00683,1.50798,-3,-3,1.5
21.5604,-2.97737,-3.00687,1.50798,-3,-3,1.5
21.5704,-2.97733,-3.00691,1.50798,-3,-3,1.5
21.5804,-2.97728,-3.00694,1.50798,-3,-3,1.5
21.5904,-2.97724,-3.00698,1.50797,-3,-3,1.5
21.6004,-2.97719,-3.00701,1.50797,-3,-3,1.5
21.6104,-2.97715,-3.00705,1.50797,-3,-3,1.5
21.6204,-2.9771,-3.00708,1.50796,-3,-3,1.5
21.6304,-2.97706,-3.00712,1.50795,-3,-3,1.5
21.6404,-2.97701,-3.00715,1.50794,-3,-3,1.5
21.6504,-2.97697,-3.00718,1.50792,-3,-3,1.5
21.6604,-2.97692,-3.00721,1.50791,-3,-3,1.5
21.6704,-2.97688,-3.00725,1.5079,-3,-3,1.5
21.6804,-2.97684,-3.00728,1.5079,-3,-3,1.5
21.6904,-2.97679,-3.00731,1.50789,-3,-3,1.5
21.7004,-2.97675,-3.00734,1.50788,-3,-3,1.5
21.7104,-2.97671,-3.00737,1.50788,-3,-3,1.5
21.7204,-2.97667,-3.00741,1.50787,-3,-3,1.5
21.7304,-2.97663,-3.00744,1.50788,-3,-3,1.5
21.7404,-2.97659,-3.00747,1.50789,-3,-3,1.5
21.7504,-2.97655,-3.0075,1.5079,-3,-3,1.5
21.7604,-2.97652,-3.00754,1.5079,-3,-3,1.5
21.7704,-2.97648,-3.00757,1.5079,-3,-3,1.5
21.7804,-2.97645,-3.0076,1.50789,-3,-3,1.5
21.7904,-2.97642,-3.00763,1.50789,-3,-3,1.5
21.8004,-2.97639,-3.00766,1.5079,-3,-3,1.5
21.8104,-2.97636,-3.00769,1.50791,-3,-3,1.5
21.8204,-2.97633,-3.00772,1.50792,-3,-3,1.5
21.8304,-2.9763,-3.00775,1.50793,-3,-3,1.5
21.8404,-2.97628,-3.00778,1.50792,-3,-3,1.5
21.8504,-2.97625,-3.0078,1.50791,-3,-3,1.5
21.8604,-2.97623,-3.00783,1.5079,-3,-3,1.5
21.8704,-2.97621,-3.00785,1.50789,-3,-3,1.5
21.8804,-2.97619,-3.00788,1.50789,-3,-3,1.5
21.8904,-2.97617,-3.00791,1.50792,-3,-3,1.5
21.9004,-2.97614,-3.00793,1.50793,-3,-3,1.5
21.9104,-2.97612,-3.00796,1.5079,-3,-3,1.5
21.9204,-2.9761,-3.00799,1.50788,-3,-3,1.5
21.9304,-2.97607,-3.00802,1.50788,-3,-3,1.5
21.9404,-2.97605,-3.00806,1.50787,-3,-3,1.5
21.9504,-2.97603,-3.00809,1.50786,-3,-3,1.5
21.9604,-2.976,-3.00812,1.50785,-3,-3,1.5
21.9704,-2.97598,-3.00815,1.50784,-3,-3,1.5
21.9804,-2.97596,-3.00819,1.50783,-3,-3,1.5
21.9904,-2.97594,-3.00822,1.50783,-3,-3,1.5
22.0004,-2.97592,-3.00825,1.50782,-3,-3,1.5
22.0104,-2.97591,-3.00828,1.50782,-3,-3,1.5
22.0204,-2.97589,-3.00831,1.50782,-3,-3,1.5
22.0304,-2.97588,-3.00834,1.50781,-3,-3,1.5
22.0404,-2.97587,-3.00837,1.50782,-3,-3,1.5
22.0504,-2.97587,-3.0084,1.50782,-3,-3,1.5
22.0604,-2.97587,-3.00843,1.50783,-3,-3,1.5
22.0704,-2.97587,-3.00845,1.50784,-3,-3,1.5
22.0804,-2.97588,-3.00848,1.50784,-3,-3,1.5
22.0904,-2.97589,-3.0085,1.50784,-3,-3,1.5
22.1004,-2.9759,-3.00853,1.50784,-3,-3,1.5
22.1104,-2.97592,-3.00855,1.50783,-3,-3,1.5
22.1204,-2.97594,-3.00857,1.50783,-3,-3,1.5
22.1304,-2.97596,-3.0086,1.50783,-3,-3,1.5
22.1404,-2.97598,-3.00862,1.50783,-3,-3,1.5
22.1504,-2.97601,-3.00864,1.50785,-3,-3,1.5
22.1604,-2.97604,-3.00866,1.50787,-3,-3,1.5
22.1704,-2.97607,-3.00869,1.50789,-3,-3,1.5
22.1804,-2.9761,-3.00871,1.50792,-3,-3,1.5
22.1904,-2.97613,-3.00873,1.50794,-3,-3,1.5
22.2004,-2.97617,-3.00876,1.50796,-3,-3,1.5
22.2104,-2.97621,-3.00878,1.50797,-3,-3,1.5
22.2204,-2.97625,-3.00881,1.50797,-3,-3,1.5
22.2304,-2.9763,-3.00884,1.50796,-3,-3,1.5
22.2404,-2.97634,-3.00886,1.50796,-3,-3,1.5
22.2504,-2.97639,-3.00889,1.50795,-3,-3,1.5
22.2604,-2.97644,-3.00892,1.50793,-3,-3,1.5
22.2704,-2.97649,-3.00895,1.50791,-3,-3,1.5
22.2804,-2.97655,-3.00897,1.50789,-3,-3,1.5
22.2904,-2.97661,-3.009,1.50787,-3,-3,1.5
22.3004,-2.97667,-3.00903,1.50784,-3,-3,1.5
22.3104,-2.97674,-3.00906,1.50779,-3,-3,1.5
22.3204,-2.97681,-3.00908,1.50774,-3,-3,1.5
22.3304,-2.97688,-3.00911,1.5077,-3,-3,1.5
22.3404,-2.97696,-3.00913,1.50766,-3,-3,1.5
22.3504,-2.97703,-3.00916,1.50763,-3,-3,1.5
22.3604,-2.97711,-3.00918,1.50761,-3,-3,1.5
22.3704,-2.9772,-3.0092,1.50758,-3,-3,1.5
22.3804,-2.97728,-3.00922,1.50756,-3,-3,1.5
22.3904,-2.97737,-3.00924,1.50753,-3,-3,1.5
22.4004,-2.97746,-3.00926,1.50751,-3,-3,1.5
22.4104,-2.97755,-3.00928,1.50749,-3,-3,1.5
22.4204,-2.97765,-3.0093,1.50746,-3,-3,1.5
22.4304,-2.97775,-3.00931,1.50743,-3,-3,1.5
22.4404,-2.97785,-3.00933,1.50738,-3,-3,1.5
22.4504,-2.97794,-3.00934,1.50734,-3,-3,1.5
22.4604,-2.97805,-3.00936,1.5073,-3,-3,1.5
22.4704,-2.97815,-3.00937,1.50726,-3,-3,1.5
22.4804,-2.97825,-3.00938,1.50722,-3,-3,1.5
22.4904,-2.97835,-3.0094,1.50718,-3,-3,1.5
22.5004,-2.97845,-3.00941,1.50716,-3,-3,1.5
22.5104,-2.97855,-3.00942,1.50713,-3,-3,1.5
22.5204,-2.97865,-3.00944,1.50711,-3,-3,1.5
22.5304,-2.97875,-3.00945,1.50708,-3,-3,1.5
22.5404,-2.97884,-3.00946,1.50706,-3,-3,1.5
22.5504,-2.97894,-3.00947,1.50704,-3,-3,1.5
22.5604,-2.97903,-3.00948,1.50702,-3,-3,1.5
22.5704,-2.97913,-3.00949,1.507,-3,-3,1.5
22.5804,-2.97922,-3.0095,1.50698,-3,-3,1.5
22.5904,-2.97931,-3.00951,1.50696,-3,-3,1.5
22.6004,-2.9794,-3.00952,1.50694,-3,-3,1.5
22.6104,-2.97949,-3.00953,1.50692,-3,-3,1.5
22.6204,-2.97957,-3.00953,1.5069,-3,-3,1.5
22.6304,-2.97966,-3.00954,1.50688,-3,-3,1.5
22.6404,-2.97974,-3.00954,1.50685,-3,-3,1.5
22.6504,-2.97982,-3.00955,1.50683,-3,-3,1.5
22.6604,-2.9799,-3.00955,1.50679,-3,-3,1.5
22.6704,-2.97998,-3.00956,1.50675,-3,-3,1.5
22.6804,-2.98006,-3.00956,1.50671,-3,-3,1.5
22.6904,-2.98013,-3.00956,1.50668,-3,-3,1.5
22.7004,-2.9802,-3.00956,1.50665,-3,-3,1.5
22.7104,-2.98027,-3.00956,1.50661,-3,-3,1.5
22.7204,-2.98034,-3.00956,1.50659,-3,-3,1.5
22.7304,-2.9804,-3.00956,1.50656,-3,-3,1.5
22.7404,-2.98046,-3.00955,1.50653,-3,-3,1.5
22.7504,-2.98053,-3.00955,1.5065,-3,-3,1.5
22.7604,-2.98059,-3.00955,1.50647,-3,-3,1.5
22.7704,-2.98064,-3.00954,1.50644,-3,-3,1.5
22.7804,-2.9807,-3.00954,1.50641,-3,-3,1.5
22.7904,-2.98075,-3.00953,1.50639,-3,-3,1.5
22.8004,-2.98081,-3.00952,1.50638,-3,-3,1.5
22.8104,-2.98086,-3.00952,1.50636,-3,-3,1.5
22.8204,-2.98091,-3.00951,1.50634,-3,-3,1.5
22.8304,-2.98096,-3.0095,1.50632,-3,-3,1.5
22.8404,-2.98101,-3.00949,1.5063,-3,-3,1.5
22.8504,-2.98107,-3.00948,1.50627,-3,-3,1.5
22.8604,-2.98112,-3.00947,1.50624,-3,-3,1.5
22.8704,-2.98117,-3.00946,1.50621,-3,-3,1.5
22.8804,-2.98123,-3.00945,1.50618,-3,-3,1.5
22.8904,-2.98128,-3.00944,1.50615,-3,-3,1.5
22.9004,-2.98133,-3.00943,1.50611,-3,-3,1.5
22.9104,-2.98139,-3.00941,1.50608,-3,-3,1.5
22.9204,-2.98145,-3.0094,1.50605,-3,-3,1.5
22.9304,-2.9815,-3.00939,1.50602,-3,-3,1.5
22.9404,-2.98156,-3.00938,1.50598,-3,-3,1.5
22.9504,-2.98162,-3.00936,1.50594,-3,-3,1.5
22.9604,-2.98168,-3.00935,1.5059,-3,-3,1.5
22.9704,-2.98174,-3.00933,1.50586,-3,-3,1.5
22.9804,-2.9818,-3.00932,1.5058,-3,-3,1.5
22.9904,-2.98186,-3.0093,1.50576,-3,-3,1.5
23.0004,-2.98193,-3.00928,1.50574,-3,-3,1.5
23.0104,-2.98199,-3.00927,1.50572,-3,-3,1.5
23.0204,-2.98206,-3.00925,1.5057,-3,-3,1.5
23.0304,-2.98212,-3.00923,1.50569,-3,-3,1.5
23.0404,-2.98219,-3.00922,1.50567,-3,-3,1.5
23.0504,-2.98226,-3.0092,1.50565,-3,-3,1.5
23.0604,-2.98233,-3.00919,1.50564,-3,-3,1.5
23.0704,-2.98239,-3.00917,1.50562,-3,-3,1.5
23.0804,-2.98246,-3.00916,1.5056,-3,-3,1.5
23.0904,-2.98253,-3.00914,1.50558,-3,-3,1.5
23.1004,-2.9826,-3.00913,1.50555,-3,-3,1.5
23.1104,-2.98267,-3.00911,1.50552,-3,-3,1.5
23.1204,-2.98274,-3.0091,1.50551,-3,-3,1.5
23.1304,-2.98282,-3.00909,1.50549,-3,-3,1.5
23.1404,-2.98289,-3.00907,1.50547,-3,-3,1.5
23.1504,-2.98296,-3.00906,1.50549,-3,-3,1.5
23.1604,-2.98304,-3.00905,1.50557,-3,-3,1.5
23.1704,-2.98312,-3.00904,1.50563,-3,-3,1.5
23.1804,-2.9832,-3.00903,1.50567,-3,-3,1.5
23.1904,-2.98328,-3.00902,1.50569,-3,-3,1.5
23.2004,-2.98336,-3.00901,1.5057,-3,-3,1.5
23.2104,-2.98345,-3.00901,1.50569,-3,-3,1.5
23.2204,-2.98353,-3.009,1.50569,-3,-3,1.5
23.2304,-2.98361,-3.009,1.5057,-3,-3,1.5
23.2404,-2.9837,-3.009,1.50573,-3,-3,1.5
23.2504,-2.98378,-3.00899,1.50579,-3,-3,1.5
23.2604,-2.98387,-3.00899,1.50585,-3,-3,1.5
23.2704,-2.98396,-3.00899,1.50591,-3,-3,1.5
23.2804,-2.98404,-3.00898,1.50597,-3,-3,1.5
23.2904,-2.98414,-3.00898,1.50605,-3,-3,1.5
23.3004,-2.98423,-3.00898,1.50612,-3,-3,1.5
23.3104,-2.98433,-3.00898,1.50615,-3,-3,1.5
23.3204,-2.98443,-3.00898,1.50615,-3,-3,1.5
23.3304,-2.98453,-3.00899,1.50616,-3,-3,1.5
23.3404,-2.98463,-3.00899,1.5062,-3,-3,1.5
23.3504,-2.98473,-3.00899,1.50623,-3,-3,1.5
23.3604,-2.98484,-3.009,1.50625,-3,-3,1.5
23.3704,-2.98494,-3.00901,1.50626,-3,-3,1.5
23.3804,-2.98505,-3.00902,1.50626,-3,-3,1.5
23.3904,-2.98516,-3.00903,1.50624,-3,-3,1.5
23.4004,-2.98526,-3.00904,1.50623,-3,-3,1.5
23.4104,-2.98537,-3.00905,1.50621,-3,-3,1.5
23.4204,-2.98549,-3.00907,1.50618,-3,-3,1.5
23.4304,-2.9856,-3.00909,1.50616,-3,-3,1.5
23.4404,-2.98571,-3.0091,1.50618,-3,-3,1.5
23.4504,-2.98583,-3.00912,1.50624,-3,-3,1.5
23.4604,-2.98594,-3.00914,1.50627,-3,-3,1.5
23.4704,-2.98606,-3.00917,1.50628,-3,-3,1.5
23.4804,-2.98618,-3.00919,1.50628,-3,-3,1.5
23.4904,-2.98629,-3.00922,1.50626,-3,-3,1.5
23.5004,-2.98641,-3.00924,1.50624,-3,-3,1.5
23.5104,-2.98653,-3.00927,1.50621,-3,-3,1.5
23.5204,-2.98665,-3.00929,1.50616,-3,-3,1.5
23.5304,-2.98676,-3.00932,1.50611,-3,-3,1.5
23.5404,-2.98688,-3.00935,1.50608,-3,-3,1.5
23.5504,-2.987,-3.00937,1.50608,-3,-3,1.5
23.5604,-2.98712,-3.0094,1.50605,-3,-3,1.5
23.5704,-2.98724,-3.00942,1.50604,-3,-3,1.5
23.5804,-2.98736,-3.00945,1.50608,-3,-3,1.5
23.5904,-2.98748,-3.00947,1.50612,-3,-3,1.5
23.6004,-2.9876,-3.00949,1.50617,-3,-3,1.5
23.6104,-2.98772,-3.00951,1.50623,-3,-3,1.5
23.6204,-2.98785,-3.00952,1.50629,-3,-3,1.5
23.6304,-2.98797,-3.00954,1.50638,-3,-3,1.5
23.6404,-2.9881,-3.00955,1.50649,-3,-3,1.5
23.6504,-2.98822,-3.00956,1.50659,-3,-3,1.5
23.6604,-2.98835,-3.00957,1.50667,-3,-3,1.5
23.6704,-2.98848,-3.00959,1.50671,-3,-3,1.5
23.6804,-2.98861,-3.0096,1.50673,-3,-3,1.5
23.6904,-2.98874,-3.00961,1.50671,-3,-3,1.5
23.7004,-2.98887,-3.00962,1.50668,-3,-3,1.5
23.7104,-2.989,-3.00963,1.50665,-3,-3,1.5
23.7204,-2.98913,-3.00964,1.50662,-3,-3,1.5
23.7304,-2.98926,-3.00966,1.5066,-3,-3,1.5
23.7404,-2.98939,-3.00967,1.50658,-3,-3,1.5
23.7504,-2.98951,-3.00968,1.50656,-3,-3,1.5
23.7604,-2.98964,-3.00969,1.50653,-3,-3,1.5
23.7704,-2.98976,-3.0097,1.50652,-3,-3,1.5
23.7804,-2.98988,-3.00971,1.50654,-3,-3,1.5
23.7904,-2.99001,-3.00972,1.50656,-3,-3,1.5
23.8004,-2.99013,-3.00973,1.50657,-3,-3,1.5
23.8104,-2.99025,-3.00974,1.50657,-3,-3,1.5
23.8204,-2.99037,-3.00975,1.50657,-3,-3,1.5
23.8305,-2.99048,-3.00976,1.50654,-3,-3,1.5
23.8405,-2.9906,-3.00977,1.5065,-3,-3,1.5
23.8505,-2.99072,-3.00978,1.5065,-3,-3,1.5
23.8605,-2.99084,-3.0098,1.50652,-3,-3,1.5
23.8705,-2.99096,-3.00981,1.50652,-3,-3,1.5
23.8805,-2.99107,-3.00982,1.5065,-3,-3,1.5
23.8905,-2.99119,-3.00983,1.50648,-3,-3,1.5
23.9005,-2.9913,-3.00985,1.50646,-3,-3,1.5
23.9105,-2.99142,-3.00986,1.50643,-3,-3,1.5
23.9205,-2.99153,-3.00988,1.5064,-3,-3,1.5
23.9305,-2.99165,-3.00989,1.50637,-3,-3,1.5
23.9405,-2.99176,-3.0099,1.50634,-3,-3,1.5
23.9505,-2.99187,-3.00991,1.50631,-3,-3,1.5
23.9605,-2.99198,-3.00993,1.50627,-3,-3,1.5
23.9705,-2.99209,-3.00994,1.50628,-3,-3,1.5
23.9805,-2.9922,-3.00995,1.50632,-3,-3,1.5
23.9905,-2.99231,-3.00996,1.50634,-3,-3,1.5
24.0005,-2.99242,-3.00997,1.50634,-3,-3,1.5
24.0105,-2.99253,-3.00998,1.50634,-3,-3,1.5
24.0205,-2.99263,-3.00999,1.50636,-3,-3,1.5
24.0305,-2.99274,-3.01,1.50638,-3,-3,1.5
24.0405,-2.99284,-3.01001,1.50639,-3,-3,1.5
24.0505,-2.99294,-3.01001,1.50639,-3,-3,1.5
24.0605,-2.99305,-3.01002,1.50639,-3,-3,1.5
24.0705,-2.99315,-3.01003,1.50638,-3,-3,1.5
24.0805,-2.99325,-3.01004,1.50636,-3,-3,1.5
24.0905,-2.99335,-3.01004,1.50637,-3,-3,1.5
24.1005,-2.99346,-3.01005,1.50639,-3,-3,1.5
24.1105,-2.99356,-3.01006,1.50642,-3,-3,1.5
24.1205,-2.99366,-3.01007,1.50644,-3,-3,1.5
24.1305,-2.99376,-3.01008,1.50646,-3,-3,1.5
24.1405,-2.99386,-3.01009,1.50648,-3,-3,1.5
24.1505,-2.99397,-3.0101,1.50649,-3,-3,1.5
24.1605,-2.99407,-3.01011,1.5065,-3,-3,1.5
24.1705,-2.99417,-3.01013,1.50652,-3,-3,1.5
24.1805,-2.99427,-3.01014,1.50653,-3,-3,1.5
24.1905,-2.99437,-3.01015,1.50655,-3,-3,1.5
24.2005,-2.99448,-3.01017,1.50656,-3,-3,1.5
24.2105,-2.99458,-3.01019,1.5066,-3,-3,1.5
24.2205,-2.99469,-3.01021,1.50667,-3,-3,1.5
24.2305,-2.99479,-3.01023,1.50673,-3,-3,1.5
24.2405,-2.9949,-3.01026,1.50676,-3,-3,1.5
24.2505,-2.99501,-3.01028,1.50677,-3,-3,1.5
24.2605,-2.99511,-3.0103,1.50676,-3,-3,1.5
24.2705,-2.99522,-3.01033,1.50674,-3,-3,1.5
24.2805,-2.99532,-3.01035,1.50673,-3,-3,1.5
24.2905,-2.99542,-3.01038,1.5067,-3,-3,1.5
24.3005,-2.99552,-3.0104,1.50666,-3,-3,1.5
24.3105,-2.99562,-3.01042,1.50663,-3,-3,1.5
24.3205,-2.99572,-3.01045,1.50659,-3,-3,1.5
24.3305,-2.99581,-3.01047,1.50657,-3,-3,1.5
24.3405,-2.9959,-3.01049,1.50655,-3,-3,1.5
24.3505,-2.99599,-3.01052,1.50652,-3,-3,1.5
24.3605,-2.99608,-3.01054,1.50649,-3,-3,1.5
24.3705,-2.99616,-3.01056,1.50645,-3,-3,1.5
24.3805,-2.99624,-3.01058,1.50643,-3,-3,1.5
24.3905,-2.99631,-3.0106,1.50644,-3,-3,1.5
24.4005,-2.99639,-3.01062,1.50645,-3,-3,1.5
24.4105,-2.99646,-3.01064,1.50646,-3,-3,1.5
24.4205,-2.99653,-3.01066,1.50647,-3,-3,1.5
24.4305,-2.9966,-3.01068,1.50646,-3,-3,1.5
24.4405,-2.99667,-3.0107,1.50645,-3,-3,1.5
24.4505,-2.99674,-3.01071,1.50644,-3,-3,1.5
24.4605,-2.9968,-3.01073,1.50643,-3,-3,1.5
24.4705,-2.99687,-3.01075,1.50643,-3,-3,1.5
24.4805,-2.99694,-3.01077,1.50643,-3,-3,1.5
24.4905,-2.99701,-3.01078,1.50642,-3,-3,1.5
24.5005,-2.99708,-3.0108,1.50642,-3,-3,1.5
24.5105,-2.99715,-3.01081,1.50643,-3,-3,1.5
24.5205,-2.99722,-3.01083,1.50644,-3,-3,1.5
24.5305,-2.99729,-3.01084,1.50643,-3,-3,1.5
24.5405,-2.99736,-3.01086,1.50643,-3,-3,1.5
24.5505,-2.99743,-3.01087,1.50642,-3,-3,1.5
24.5605,-2.9975,-3.01089,1.50641,-3,-3,1.5
24.5705,-2.99757,-3.0109,1.5064,-3,-3,1.5
24.5805,-2.99764,-3.01092,1.50638,-3,-3,1.5
24.5905,-2.99771,-3.01093,1.50636,-3,-3,1.5
24.6005,-2.99778,-3.01095,1.50633,-3,-3,1.5
24.6105,-2.99785,-3.01096,1.50631,-3,-3,1.5
24.6205,-2.99792,-3.01098,1.50629,-3,-3,1.5
24.6305,-2.99799,-3.01099,1.50626,-3,-3,1.5
24.6405,-2.99806,-3.01101,1.50624,-3,-3,1.5
24.6505,-2.99813,-3.01102,1.50621,-3,-3,1.5
24.6605,-2.9982,-3.01104,1.50618,-3,-3,1.5
24.6705,-2.99827,-3.01105,1.50615,-3,-3,1.5
24.6805,-2.99834,-3.01106,1.50613,-3,-3,1.5
24.6905,-2.99841,-3.01108,1.50611,-3,-3,1.5
24.7005,-2.99848,-3.01109,1.50608,-3,-3,1.5
24.7105,-2.99855,-3.0111,1.50606,-3,-3,1.5
24.7205,-2.99861,-3.01111,1.50604,-3,-3,1.5
24.7305,-2.99868,-3.01112,1.50602,-3,-3,1.5
24.7405,-2.99874,-3.01113,1.506,-3,-3,1.5
24.7505,-2.9988,-3.01114,1.50598,-3,-3,1.5
24.7605,-2.99887,-3.01115,1.50596,-3,-3,1.5
24.7705,-2.99893,-3.01116,1.50594,-3,-3,1.5
24.7805,-2.99899,-3.01117,1.50593,-3,-3,1.5
24.7905,-2.99905,-3.01118,1.50591,-3,-3,1.5
24.8005,-2.99911,-3.01119,1.5059,-3,-3,1.5
24.8105,-2.99916,-3.0112,1.50589,-3,-3,1.5
24.8205,-2.99922,-3.01121,1.50588,-3,-3,1.5
24.8305,-2.99928,-3.01121,1.50588,-3,-3,1.5
24.8405,-2.99933,-3.01122,1.50588,-3,-3,1.5
24.8505,-2.99938,-3.01123,1.50587,-3,-3,1.5
24.8605,-2.99944,-3.01124,1.50587,-3,-3,1.5
24.8705,-2.99949,-3.01125,1.50586,-3,-3,1.5
24.8805,-2.99954,-3.01126,1.50584,-3,-3,1.5
24.8905,-2.99958,-3.01126,1.50583,-3,-3,1.5
24.9005,-2.99963,-3.01127,1.50584,-3,-3,1.5
24.9105,-2.99967,-3.01128,1.50585,-3,-3,1.5
24.9205,-2.99971,-3.01128,1.50586,-3,-3,1.5
24.9305,-2.99975,-3.01129,1.50587,-3,-3,1.5
24.9405,-2.99978,-3.01129,1.50588,-3,-3,1.5
24.9505,-2.99982,-3.0113,1.50589,-3,-3,1.5
24.9605,-2.99985,-3.0113,1.50588,-3,-3,1.5
24.9705,-2.99989,-3.0113,1.50588,-3,-3,1.5
24.9805,-2.99992,-3.0113,1.50588,-3,-3,1.5
24.9905,-2.99995,-3.0113,1.50589,-3,-3,1.5
25.0005,-2.99998,-3.01131,1.50589,-3,-3,1.5
25.0105,-3.00001,-3.01131,1.50589,-3,-3,1.5
25.0205,-3.00004,-3.01131,1.5059,-3,-3,1.5
25.0305,-3.00007,-3.01131,1.50591,-3,-3,1.5
25.0405,-3.0001,-3.01131,1.50591,-3,-3,1.5
25.0505,-3.00012,-3.01131,1.50592,-3,-3,1.5
25.0605,-3.00015,-3.01131,1.50592,-3,-3,1.5
25.0705,-3.00017,-3.01131,1.50592,-3,-3,1.5
25.0805,-3.0002,-3.01131,1.50592,-3,-3,1.5
25.0905,-3.00022,-3.01131,1.50593,-3,-3,1.5
25.1005,-3.00024,-3.01131,1.50593,-3,-3,1.5
25.1105,-3.00026,-3.01131,1.50594,-3,-3,1.5
25.1205,-3.00027,-3.01131,1.50595,-3,-3,1.5
25.1305,-3.00028,-3.0113,1.50596,-3,-3,1.5
25.1405,-3.00029,-3.0113,1.50597,-3,-3,1.5
25.1505,-3.0003,-3.0113,1.50599,-3,-3,1.5
25.1605,-3.0003,-3.0113,1.50601,-3,-3,1.5
25.1705,-3.0003,-3.01129,1.50602,-3,-3,1.5
25.1805,-3.0003,-3.01129,1.50602,-3,-3,1.5
25.1905,-3.00029,-3.01129,1.50603,-3,-3,1.5
25.2005,-3.00029,-3.01128,1.50603,-3,-3,1.5
25.2105,-3.00028,-3.01128,1.50604,-3,-3,1.5
25.2205,-3.00027,-3.01128,1.50604,-3,-3,1.5
25.2305,-3.00026,-3.01127,1.50605,-3,-3,1.5
25.2405,-3.00024,-3.01127,1.50606,-3,-3,1.5
25.2505,-3.00023,-3.01127,1.50608,-3,-3,1.5
25.2605,-3.00021,-3.01127,1.50609,-3,-3,1.5
25.2705,-3.00019,-3.01126,1.5061,-3,-3,1.5
25.2805,-3.00017,-3.01126,1.50611,-3,-3,1.5
25.2905,-3.00014,-3.01126,1.50612,-3,-3,1.5
25.3005,-3.00012,-3.01125,1.50612,-3,-3,1.5
25.3105,-3.00009,-3.01125,1.50613,-3,-3,1.5
25.3205,-3.00006,-3.01125,1.50614,-3,-3,1.5
25.3305,-3.00003,-3.01124,1.50614,-3,-3,1.5
25.3405,-2.99999,-3.01124,1.50616,-3,-3,1.5
25.3505,-2.99996,-3.01123,1.50618,-3,-3,1.5
25.3605,-2.99991,-3.01123,1.50621,-3,-3,1.5
25.3705,-2.99987,-3.01122,1.50623,-3,-3,1.5
25.3805,-2.99982,-3.01121,1.50625,-3,-3,1.5
25.3905,-2.99977,-3.01121,1.50627,-3,-3,1.5
25.4005,-2.99972,-3.0112,1.50629,-3,-3,1.5
25.4105,-2.99966,-3.01119,1.50631,-3,-3,1.5
25.4205,-2.99961,-3.01118,1.50633,-3,-3,1.5
25.4305,-2.99955,-3.01117,1.50635,-3,-3,1.5
25.4405,-2.99949,-3.01116,1.50637,-3,-3,1.5
25.4505,-2.99942,-3.01116,1.50641,-3,-3,1.5
25.4605,-2.99936,-3.01115,1.50645,-3,-3,1.5
25.4705,-2.99929,-3.01114,1.50648,-3,-3,1.5
25.4805,-2.99923,-3.01112,1.50651,-3,-3,1.5
25.4905,-2.99916,-3.01111,1.50652,-3,-3,1.5
25.5005,-2.99908,-3.0111,1.50652,-3,-3,1.5
25.5105,-2.99901,-3.01109,1.50654,-3,-3,1.5
25.5205,-2.99894,-3.01108,1.50658,-3,-3,1.5
25.5305,-2.99886,-3.01107,1.50661,-3,-3,1.5
25.5405,-2.99878,-3.01105,1.50664,-3,-3,1.5
25.5505,-2.9987,-3.01104,1.50666,-3,-3,1.5
25.5605,-2.99862,-3.01103,1.50668,-3,-3,1.5
25.5705,-2.99853,-3.01102,1.5067,-3,-3,1.5
25.5805,-2.99845,-3.011,1.50671,-3,-3,1.5
25.5905,-2.99836,-3.01099,1.50672,-3,-3,1.5
25.6005,-2.99828,-3.01098,1.50673,-3,-3,1.5
25.6105,-2.99819,-3.01097,1.50675,-3,-3,1.5
25.6205,-2.9981,-3.01096,1.50679,-3,-3,1.5
25.6305,-2.99801,-3.01095,1.50683,-3,-3,1.5
25.6405,-2.99792,-3.01093,1.50687,-3,-3,1.5
25.6505,-2.99782,-3.01092,1.5069,-3,-3,1.5
25.6605,-2.99773,-3.01091,1.50692,-3,-3,1.5
25.6705,-2.99764,-3.0109,1.50694,-3,-3,1.5
25.6805,-2.99754,-3.01089,1.50696,-3,-3,1.5
25.6905,-2.99744,-3.01087,1.50698,-3,-3,1.5
25.7005,-2.99735,-3.01086,1.507,-3,-3,1.5
25.7105,-2.99725,-3.01085,1.50704,-3,-3,1.5
25.7205,-2.99715,-3.01083,1.50706,-3,-3,1.5
25.7305,-2.99705,-3.01082,1.50702,-3,-3,1.5
25.7405,-2.99695,-3.0108,1.50699,-3,-3,1.5
25.7505,-2.99686,-3.01079,1.50698,-3,-3,1.5
25.7605,-2.99676,-3.01078,1.50699,-3,-3,1.5
25.7705,-2.99667,-3.01077,1.50701,-3,-3,1.5
25.7805,-2.99657,-3.01077,1.50701,-3,-3,1.5
25.7905,-2.99648,-3.01077,1.50695,-3,-3,1.5
25.8005,-2.99639,-3.01076,1.50688,-3,-3,1.5
25.8105,-2.9963,-3.01076,1.50685,-3,-3,1.5
25.8205,-2.99621,-3.01076,1.50687,-3,-3,1.5
25.8305,-2.99612,-3.01077,1.50689,-3,-3,1.5
25.8405,-2.99604,-3.01077,1.50691,-3,-3,1.5
25.8505,-2.99596,-3.01078,1.50692,-3,-3,1.5
25.8605,-2.99587,-3.01079,1.50694,-3,-3,1.5
25.8705,-2.99579,-3.01079,1.50697,-3,-3,1.5
25.8805,-2.99571,-3.01081,1.50699,-3,-3,1.5
25.8905,-2.99563,-3.01082,1.50701,-3,-3,1.5
25.9005,-2.99556,-3.01083,1.50704,-3,-3,1.5
25.9105,-2.99548,-3.01084,1.50706,-3,-3,1.5
25.9205,-2.9954,-3.01085,1.50704,-3,-3,1.5
25.9305,-2.99532,-3.01087,1.50703,-3,-3,1.5
25.9405,-2.99524,-3.01088,1.50705,-3,-3,1.5
25.9505,-2.99516,-3.01089,1.5071,-3,-3,1.5
25.9605,-2.99508,-3.0109,1.50716,-3,-3,1.5
25.9705,-2.995,-3.01092,1.50721,-3,-3,1.5
25.9805,-2.99491,-3.01093,1.50727,-3,-3,1.5
25.9905,-2.99483,-3.01094,1.50732,-3,-3,1.5
26.0005,-2.99475,-3.01096,1.50736,-3,-3,1.5
26.0105,-2.99466,-3.01097,1.50739,-3,-3,1.5
26.0205,-2.99458,-3.01098,1.50743,-3,-3,1.5
26.0305,-2.9945,-3.01099,1.50746,-3,-3,1.5
26.0405,-2.99441,-3.01101,1.50751,-3,-3,1.5
26.0505,-2.99433,-3.01102,1.50757,-3,-3,1.5
26.0605,-2.99424,-3.01103,1.50763,-3,-3,1.5
26.0705,-2.99416,-3.01105,1.50764,-3,-3,1.5
26.0805,-2.99408,-3.01106,1.50762,-3,-3,1.5
26.0905,-2.994,-3.01107,1.50762,-3,-3,1.5
26.1005,-2.99391,-3.01108,1.5076,-3,-3,1.5
26.1105,-2.99383,-3.0111,1.50757,-3,-3,1.5
26.1205,-2.99376,-3.01111,1.50756,-3,-3,1.5
26.1305,-2.99368,-3.01113,1.50753,-3,-3,1.5
26.1405,-2.9936,-3.01114,1.50751,-3,-3,1.5
26.1505,-2.99353,-3.01116,1.50749,-3,-3,1.5
26.1605,-2.99346,-3.01119,1.50744,-3,-3,1.5
26.1705,-2.99338,-3.01121,1.50741,-3,-3,1.5
26.1805,-2.99331,-3.01124,1.50739,-3,-3,1.5
26.1905,-2.99325,-3.01126,1.50738,-3,-3,1.5
26.2005,-2.99318,-3.01129,1.50736,-3,-3,1.5
26.2105,-2.99311,-3.01131,1.50739,-3,-3,1.5
26.2205,-2.99304,-3.01134,1.50742,-3,-3,1.5
26.2305,-2.99297,-3.01136,1.50743,-3,-3,1.5
26.2405,-2.9929,-3.01139,1.50743,-3,-3,1.5
26.2505,-2.99284,-3.01142,1.50743,-3,-3,1.5
26.2605,-2.99278,-3.01144,1.50745,-3,-3,1.5
26.2705,-2.99271,-3.01147,1.50749,-3,-3,1.5
26.2805,-2.99265,-3.0115,1.50751,-3,-3,1.5
26.2905,-2.99259,-3.01153,1.50754,-3,-3,1.5
26.3005,-2.99253,-3.01156,1.50755,-3,-3,1.5
26.3105,-2.99247,-3.01159,1.50755,-3,-3,1.5
26.3205,-2.99241,-3.01163,1.50756,-3,-3,1.5
26.3305,-2.99235,-3.01166,1.50756,-3,-3,1.5
26.3405,-2.99229,-3.0117,1.50758,-3,-3,1.5
26.3505,-2.99222,-3.01174,1.50762,-3,-3,1.5
26.3605,-2.99216,-3.01178,1.50765,-3,-3,1.5
26.3705,-2.99209,-3.01181,1.50767,-3,-3,1.5
26.3805,-2.99203,-3.01185,1.50768,-3,-3,1.5
26.3905,-2.99196,-3.01189,1.5077,-3,-3,1.5
26.4005,-2.99189,-3.01192,1.50772,-3,-3,1.5
26.4105,-2.99182,-3.01196,1.50775,-3,-3,1.5
26.4205,-2.99175,-3.01199,1.50777,-3,-3,1.5
26.4305,-2.99167,-3.01203,1.50778,-3,-3,1.5
26.4405,-2.9916,-3.01206,1.5078,-3,-3,1.5
26.4505,-2.99152,-3.01209,1.50784,-3,-3,1.5
26.4605,-2.99145,-3.01213,1.50787,-3,-3,1.5
26.4705,-2.99137,-3.01216,1.5079,-3,-3,1.5
26.4805,-2.99129,-3.01219,1.50792,-3,-3,1.5
26.4905,-2.99122,-3.01221,1.50792,-3,-3,1.5
26.5005,-2.99114,-3.01224,1.50793,-3,-3,1.5
26.5105,-2.99106,-3.01227,1.50795,-3,-3,1.5
26.5205,-2.99098,-3.01229,1.50796,-3,-3,1.5
26.5305,-2.9909,-3.01231,1.50798,-3,-3,1.5
26.5405,-2.99082,-3.01234,1.508,-3,-3,1.5
26.5505,-2.99075,-3.01236,1.50801,-3,-3,1.5
26.5605,-2.99066,-3.01238,1.50802,-3,-3,1.5
26.5705,-2.99058,-3.0124,1.50803,-3,-3,1.5
26.5805,-2.9905,-3.01241,1.50803,-3,-3,1.5
26.5905,-2.99042,-3.01243,1.50803,-3,-3,1.5
26.6005,-2.99034,-3.01245,1.50803,-3,-3,1.5
26.6105,-2.99026,-3.01246,1.50803,-3,-3,1.5
26.6205,-2.99017,-3.01248,1.50803,-3,-3,1.5
26.6305,-2.99009,-3.01249,1.50803,-3,-3,1.5
26.6405,-2.99001,-3.0125,1.50804,-3,-3,1.5
26.6505,-2.98992,-3.01252,1.50804,-3,-3,1.5
26.6605,-2.98984,-3.01253,1.50804,-3,-3,1.5
26.6705,-2.98976,-3.01254,1.50804,-3,-3,1.5
26.6805,-2.98968,-3.01255,1.50803,-3,-3,1.5
26.6905,-2.98959,-3.01256,1.50803,-3,-3,1.5
26.7005,-2.98951,-3.01257,1.50802,-3,-3,1.5
26.7105,-2.98943,-3.01258,1.50802,-3,-3,1.5
26.7205,-2.98935,-3.01259,1.50802,-3,-3,1.5
26.7305,-2.98926,-3.0126,1.50803,-3,-3,1.5
26.7405,-2.98918,-3.01261,1.50803,-3,-3,1.5
26.7505,-2.9891,-3.01262,1.50804,-3,-3,1.5
26.7605,-2.98902,-3.01262,1.50805,-3,-3,1.5
26.7705,-2.98894,-3.01263,1.50806,-3,-3,1.5
26.7805,-2.98886,-3.01263,1.50808,-3,-3,1.5
26.7905,-2.98877,-3.01264,1.50809,-3,-3,1.5
26.8005,-2.98869,-3.01265,1.5081,-3,-3,1.5
26.8105,-2.98861,-3.01265,1.50811,-3,-3,1.5
26.8205,-2.98852,-3.01265,1.50811,-3,-3,1.5
26.8305,-2.98844,-3.01265,1.5081,-3,-3,1.5
26.8405,-2.98835,-3.01266,1.50809,-3,-3,1.5
26.8505,-2.98827,-3.01266,1.50808,-3,-3,1.5
26.8605,-2.98818,-3.01266,1.50807,-3,-3,1.5
26.8705,-2.98808,-3.01266,1.50805,-3,-3,1.5
26.8805,-2.98799,-3.01266,1.50804,-3,-3,1.5
26.8905,-2.9879,-3.01266,1.50802,-3,-3,1.5
26.9005,-2.9878,-3.01266,1.50801,-3,-3,1.5
26.9105,-2.9877,-3.01266,1.508,-3,-3,1.5
26.9205,-2.98759,-3.01266,1.50799,-3,-3,1.5
26.9305,-2.98749,-3.01266,1.50798,-3,-3,1.5
26.9405,-2.98738,-3.01266,1.50797,-3,-3,1.5
26.9505,-2.98727,-3.01266,1.50797,-3,-3,1.5
26.9605,-2.98716,-3.01266,1.50797,-3,-3,1.5
26.9705,-2.98704,-3.01266,1.50798,-3,-3,1.5
26.9805,-2.98692,-3.01266,1.50798,-3,-3,1.5
26.9905,-2.9868,-3.01266,1.50801,-3,-3,1.5
27.0005,-2.98667,-3.01266,1.50804,-3,-3,1.5
27.0105,-2.98655,-3.01265,1.50807,-3,-3,1.5
27.0205,-2.98642,-3.01265,1.50809,-3,-3,1.5
27.0305,-2.98629,-3.01265,1.50811,-3,-3,1.5
27.0405,-2.98616,-3.01265,1.50812,-3,-3,1.5
27.0505,-2.98603,-3.01264,1.50813,-3,-3,1.5
27.0605,-2.9859,-3.01264,1.50814,-3,-3,1.5
27.0705,-2.98577,-3.01264,1.50815,-3,-3,1.5
27.0805,-2.98565,-3.01263,1.50816,-3,-3,1.5
27.0905,-2.98552,-3.01263,1.50817,-3,-3,1.5
27.1005,-2.9854,-3.01262,1.50817,-3,-3,1.5
27.1105,-2.98527,-3.01262,1.50818,-3,-3,1.5
27.1205,-2.98515,-3.01261,1.50819,-3,-3,1.5
27.1305,-2.98503,-3.0126,1.5082,-3,-3,1.5
27.1405,-2.98491,-3.01259,1.50821,-3,-3,1.5
27.1505,-2.98479,-3.01259,1.50822,-3,-3,1.5
27.1605,-2.98467,-3.01258,1.50822,-3,-3,1.5
27.1705,-2.98455,-3.01257,1.50824,-3,-3,1.5
27.1805,-2.98444,-3.01256,1.50824,-3,-3,1.5
27.1905,-2.98432,-3.01254,1.50824,-3,-3,1.5
27.2005,-2.9842,-3.01253,1.50824,-3,-3,1.5
27.2105,-2.98408,-3.01252,1.50824,-3,-3,1.5
27.2205,-2.98396,-3.01251,1.50823,-3,-3,1.5
27.2305,-2.98384,-3.0125,1.50821,-3,-3,1.5
27.2405,-2.98372,-3.01249,1.5082,-3,-3,1.5
27.2505,-2.98361,-3.01247,1.50819,-3,-3,1.5
27.2605,-2.98349,-3.01246,1.50817,-3,-3,1.5
27.2705,-2.98337,-3.01245,1.50816,-3,-3,1.5
27.2805,-2.98325,-3.01243,1.50814,-3,-3,1.5
27.2905,-2.98313,-3.01242,1.50812,-3,-3,1.5
27.3005,-2.98301,-3.01241,1.5081,-3,-3,1.5
27.3105,-2.98289,-3.0124,1.5081,-3,-3,1.5
27.3205,-2.98276,-3.01239,1.5081,-3,-3,1.5
27.3305,-2.98264,-3.01237,1.5081,-3,-3,1.5
27.3405,-2.98252,-3.01236,1.5081,-3,-3,1.5
27.3505,-2.9824,-3.01235,1.5081,-3,-3,1.5
27.3605,-2.98227,-3.01233,1.5081,-3,-3,1.5
27.3705,-2.98215,-3.01232,1.5081,-3,-3,1.5
27.3805,-2.98203,-3.01231,1.5081,-3,-3,1.5
27.3905,-2.98191,-3.01229,1.50809,-3,-3,1.5
27.4005,-2.98179,-3.01228,1.50809,-3,-3,1.5
27.4105,-2.98167,-3.01226,1.50808,-3,-3,1.5
27.4205,-2.98155,-3.01224,1.50806,-3,-3,1.5
27.4305,-2.98144,-3.01223,1.50804,-3,-3,1.5
27.4405,-2.98132,-3.01221,1.50802,-3,-3,1.5
27.4505,-2.98121,-3.01219,1.508,-3,-3,1.5
27.4605,-2.9811,-3.01218,1.50798,-3,-3,1.5
27.4705,-2.98099,-3.01216,1.50796,-3,-3,1.5
27.4805,-2.98089,-3.01214,1.50793,-3,-3,1.5
27.4905,-2.98078,-3.01212,1.50791,-3,-3,1.5
27.5005,-2.98069,-3.01211,1.50789,-3,-3,1.5
27.5105,-2.98059,-3.01209,1.50788,-3,-3,1.5
27.5205,-2.98051,-3.01207,1.50791,-3,-3,1.5
27.5305,-2.98042,-3.01206,1.50795,-3,-3,1.5
27.5405,-2.98034,-3.01204,1.50799,-3,-3,1.5
27.5505,-2.98027,-3.01203,1.50803,-3,-3,1.5
27.5605,-2.98021,-3.01201,1.50805,-3,-3,1.5
27.5705,-2.98014,-3.012,1.50807,-3,-3,1.5
27.5805,-2.98009,-3.01198,1.50809,-3,-3,1.5
27.5905,-2.98004,-3.01197,1.5081,-3,-3,1.5
27.6005,-2.98,-3.01196,1.50811,-3,-3,1.5
27.6105,-2.97996,-3.01195,1.50814,-3,-3,1.5
27.6205,-2.97993,-3.01194,1.5082,-3,-3,1.5
27.6305,-2.97991,-3.01193,1.50824,-3,-3,1.5
27.6405,-2.97989,-3.01192,1.50827,-3,-3,1.5
27.6505,-2.97988,-3.01191,1.50829,-3,-3,1.5
27.6605,-2.97987,-3.01191,1.5083,-3,-3,1.5
27.6705,-2.97986,-3.0119,1.50831,-3,-3,1.5
27.6805,-2.97985,-3.01189,1.50832,-3,-3,1.5
27.6905,-2.97985,-3.01188,1.50834,-3,-3,1.5
27.7005,-2.97985,-3.01187,1.50837,-3,-3,1.5
27.7105,-2.97985,-3.01187,1.50838,-3,-3,1.5
27.7205,-2.97984,-3.01186,1.5084,-3,-3,1.5
27.7305,-2.97984,-3.01185,1.50841,-3,-3,1.5
27.7405,-2.97984,-3.01185,1.50841,-3,-3,1.5
27.7505,-2.97984,-3.01184,1.50842,-3,-3,1.5
27.7605,-2.97984,-3.01184,1.50842,-3,-3,1.5
27.7705,-2.97984,-3.01184,1.50842,-3,-3,1.5
27.7805,-2.97984,-3.01184,1.50841,-3,-3,1.5
27.7905,-2.97984,-3.01183,1.50841,-3,-3,1.5
27.8005,-2.97984,-3.01183,1.5084,-3,-3,1.5
27.8105,-2.97984,-3.01183,1.50838,-3,-3,1.5
27.8205,-2.97984,-3.01183,1.50837,-3,-3,1.5
27.8305,-2.97983,-3.01183,1.50836,-3,-3,1.5
27.8405,-2.97983,-3.01183,1.50834,-3,-3,1.5
27.8505,-2.97983,-3.01183,1.50833,-3,-3,1.5
27.8605,-2.97982,-3.01183,1.5083,-3,-3,1.5
27.8705,-2.97982,-3.01182,1.50829,-3,-3,1.5
27.8805,-2.97981,-3.01182,1.50827,-3,-3,1.5
27.8905,-2.9798,-3.01182,1.50826,-3,-3,1.5
27.9005,-2.9798,-3.01182,1.50823,-3,-3,1.5
27.9105,-2.97979,-3.01182,1.50821,-3,-3,1.5
27.9205,-2.97979,-3.01182,1.50819,-3,-3,1.5
27.9305,-2.97978,-3.01182,1.50817,-3,-3,1.5
27.9405,-2.97977,-3.01181,1.50814,-3,-3,1.5
27.9505,-2.97976,-3.01181,1.50812,-3,-3,1.5
27.9605,-2.97975,-3.01181,1.50809,-3,-3,1.5
27.9705,-2.97974,-3.01181,1.50806,-3,-3,1.5
27.9805,-2.97974,-3.0118,1.50804,-3,-3,1.5
27.9905,-2.97972,-3.0118,1.50802,-3,-3,1.5
28.0005,-2.97971,-3.0118,1.508,-3,-3,1.5
28.0105,-2.9797,-3.01179,1.50798,-3,-3,1.5
28.0205,-2.97969,-3.01179,1.50796,-3,-3,1.5
28.0305,-2.97968,-3.01179,1.50793,-3,-3,1.5
28.0405,-2.97967,-3.01178,1.5079,-3,-3,1.5
28.0505,-2.97966,-3.01178,1.50787,-3,-3,1.5
28.0605,-2.97964,-3.01177,1.50784,-3,-3,1.5
28.0705,-2.97963,-3.01177,1.50781,-3,-3,1.5
28.0805,-2.97962,-3.01177,1.50779,-3,-3,1.5
28.0905,-2.9796,-3.01176,1.50778,-3,-3,1.5
28.1005,-2.97959,-3.01176,1.50777,-3,-3,1.5
28.1105,-2.97957,-3.01175,1.50777,-3,-3,1.5
28.1205,-2.97956,-3.01175,1.50776,-3,-3,1.5
28.1305,-2.97954,-3.01174,1.50774,-3,-3,1.5
28.1405,-2.97953,-3.01174,1.50773,-3,-3,1.5
28.1505,-2.97951,-3.01174,1.50771,-3,-3,1.5
28.1605,-2.9795,-3.01173,1.5077,-3,-3,1.5
28.1705,-2.97949,-3.01173,1.50768,-3,-3,1.5
28.1805,-2.97947,-3.01172,1.50767,-3,-3,1.5
28.1905,-2.97946,-3.01172,1.50765,-3,-3,1.5
28.2006,-2.97945,-3.01171,1.50764,-3,-3,1.5
28.2106,-2.97944,-3.01171,1.50761,-3,-3,1.5
28.2206,-2.97943,-3.0117,1.50758,-3,-3,1.5
28.2306,-2.97942,-3.01169,1.50755,-3,-3,1.5
28.2406,-2.97942,-3.01169,1.50752,-3,-3,1.5
28.2506,-2.97941,-3.01168,1.50749,-3,-3,1.5
28.2606,-2.97941,-3.01167,1.50746,-3,-3,1.5
28.2706,-2.97941,-3.01166,1.50743,-3,-3,1.5
28.2806,-2.97941,-3.01166,1.50741,-3,-3,1.5
28.2906,-2.97942,-3.01165,1.50738,-3,-3,1.5
28.3006,-2.97943,-3.01164,1.50735,-3,-3,1.5
28.3106,-2.97944,-3.01164,1.50732,-3,-3,1.5
28.3206,-2.97945,-3.01163,1.50728,-3,-3,1.5
28.3306,-2.97946,-3.01163,1.50724,-3,-3,1.5
28.3406,-2.97947,-3.01162,1.50719,-3,-3,1.5
28.3506,-2.97949,-3.01162,1.50715,-3,-3,1.5
28.3606,-2.97951,-3.01162,1.50711,-3,-3,1.5
28.3706,-2.97953,-3.01162,1.50707,-3,-3,1.5
28.3806,-2.97954,-3.01162,1.50704,-3,-3,1.5
28.3906,-2.97956,-3.01162,1.507,-3,-3,1.5
28.4006,-2.97958,-3.01162,1.50697,-3,-3,1.5
28.4106,-2.9796,-3.01162,1.50693,-3,-3,1.5
28.4206,-2.97963,-3.01162,1.50689,-3,-3,1.5
28.4306,-2.97965,-3.01162,1.50686,-3,-3,1.5
28.4406,-2.97967,-3.01162,1.50682,-3,-3,1.5
28.4506,-2.97969,-3.01163,1.50679,-3,-3,1.5
28.4606,-2.97972,-3.01163,1.50675,-3,-3,1.5
28.4706,-2.97975,-3.01163,1.50672,-3,-3,1.5
28.4806,-2.97977,-3.01163,1.50669,-3,-3,1.5
28.4906,-2.9798,-3.01163,1.50666,-3,-3,1.5
28.5006,-2.97983,-3.01163,1.50663,-3,-3,1.5
28.5106,-2.97986,-3.01163,1.50661,-3,-3,1.5
28.5206,-2.97989,-3.01163,1.50658,-3,-3,1.5
28.5306,-2.97992,-3.01163,1.50656,-3,-3,1.5
28.5406,-2.97995,-3.01163,1.50654,-3,-3,1.5
28.5506,-2.97998,-3.01163,1.50651,-3,-3,1.5
28.5606,-2.98002,-3.01163,1.50649,-3,-3,1.5
28.5706,-2.98005,-3.01163,1.50647,-3,-3,1.5
28.5806,-2.98009,-3.01163,1.50644,-3,-3,1.5
28.5906,-2.98012,-3.01163,1.50641,-3,-3,1.5
28.6006,-2.98016,-3.01163,1.50638,-3,-3,1.5
28.6106,-2.9802,-3.01163,1.50635,-3,-3,1.5
28.6206,-2.98024,-3.01163,1.50632,-3,-3,1.5
28.6306,-2.98028,-3.01163,1.50629,-3,-3,1.5
28.6406,-2.98032,-3.01162,1.50626,-3,-3,1.5
28.6506,-2.98036,-3.01162,1.50623,-3,-3,1.5
28.6606,-2.9804,-3.01162,1.5062,-3,-3,1.5
28.6706,-2.98045,-3.01162,1.50618,-3,-3,1.5
28.6806,-2.98049,-3.01161,1.50615,-3,-3,1.5
28.6906,-2.98054,-3.01161,1.50612,-3,-3,1.5
28.7006,-2.98059,-3.01161,1.5061,-3,-3,1.5
28.7106,-2.98063,-3.0116,1.50608,-3,-3,1.5
28.7206,-2.98068,-3.0116,1.50605,-3,-3,1.5
28.7306,-2.98073,-3.01159,1.50603,-3,-3,1.5
28.7406,-2.98078,-3.01159,1.50601,-3,-3,1.5
28.7506,-2.98083,-3.01158,1.50598,-3,-3,1.5
28.7606,-2.98088,-3.01157,1.50596,-3,-3,1.5
28.7706,-2.98093,-3.01157,1.50593,-3,-3,1.5
28.7806,-2.98098,-3.01156,1.50589,-3,-3,1.5
28.7906,-2.98103,-3.01155,1.50586,-3,-3,1.5
28.8006,-2.98108,-3.01154,1.50582,-3,-3,1.5
28.8106,-2.98113,-3.01153,1.50578,-3,-3,1.5
28.8206,-2.98118,-3.01152,1.50574,-3,-3,1.5
28.8306,-2.98123,-3.01151,1.50571,-3,-3,1.5
28.8406,-2.98127,-3.0115,1.50567,-3,-3,1.5
28.8506,-2.98132,-3.01149,1.50564,-3,-3,1.5
28.8606,-2.98136,-3.01148,1.50562,-3,-3,1.5
28.8706,-2.9814,-3.01147,1.50563,-3,-3,1.5
28.8806,-2.98145,-3.01145,1.50563,-3,-3,1.5
28.8906,-2.98149,-3.01144,1.50563,-3,-3,1.5
28.9006,-2.98153,-3.01143,1.50562,-3,-3,1.5
28.9106,-2.98157,-3.01141,1.50561,-3,-3,1.5
28.9206,-2.98161,-3.0114,1.5056,-3,-3,1.5
28.9306,-2.98165,-3.01139,1.50559,-3,-3,1.5
28.9406,-2.98169,-3.01138,1.50557,-3,-3,1.5
28.9506,-2.98173,-3.01137,1.50556,-3,-3,1.5
28.9606,-2.98177,-3.01136,1.50555,-3,-3,1.5
28.9706,-2.98181,-3.01135,1.50554,-3,-3,1.5
28.9806,-2.98186,-3.01135,1.50555,-3,-3,1.5
28.9906,-2.9819,-3.01134,1.50559,-3,-3,1.5
29.0006,-2.98195,-3.01134,1.50562,-3,-3,1.5
29.0106,-2.98199,-3.01134,1.50563,-3,-3,1.5
29.0206,-2.98204,-3.01134,1.50563,-3,-3,1.5
29.0306,-2.98209,-3.01134,1.50563,-3,-3,1.5
29.0406,-2.98213,-3.01134,1.50563,-3,-3,1.5
29.0506,-2.98218,-3.01134,1.50563,-3,-3,1.5
29.0606,-2.98222,-3.01134,1.50565,-3,-3,1.5
29.0706,-2.98227,-3.01135,1.50567,-3,-3,1.5
29.0806,-2.98231,-3.01135,1.50572,-3,-3,1.5
29.0906,-2.98236,-3.01136,1.50579,-3,-3,1.5
29.1006,-2.9824,-3.01137,1.50585,-3,-3,1.5
29.1106,-2.98245,-3.01138,1.50589,-3,-3,1.5
29.1206,-2.98249,-3.01139,1.50592,-3,-3,1.5
29.1306,-2.98254,-3.0114,1.50595,-3,-3,1.5
29.1406,-2.98258,-3.01141,1.50595,-3,-3,1.5
29.1506,-2.98263,-3.01142,1.50596,-3,-3,1.5
29.1606,-2.98267,-3.01143,1.50596,-3,-3,1.5
29.1706,-2.98272,-3.01145,1.50595,-3,-3,1.5
29.1806,-2.98277,-3.01146,1.50593,-3,-3,1.5
29.1906,-2.98281,-3.01147,1.50592,-3,-3,1.5
29.2006,-2.98286,-3.01149,1.50591,-3,-3,1.5
29.2106,-2.98291,-3.0115,1.50591,-3,-3,1.5
29.2206,-2.98296,-3.01152,1.5059,-3,-3,1.5
29.2306,-2.98301,-3.01154,1.50587,-3,-3,1.5
29.2406,-2.98307,-3.01155,1.50584,-3,-3,1.5
29.2506,-2.98312,-3.01157,1.5058,-3,-3,1.5
29.2606,-2.98317,-3.01158,1.50576,-3,-3,1.5
29.2706,-2.98322,-3.0116,1.50573,-3,-3,1.5
29.2806,-2.98327,-3.01161,1.50576,-3,-3,1.5
29.2906,-2.98332,-3.01163,1.50579,-3,-3,1.5
29.3006,-2.98337,-3.01164,1.50579,-3,-3,1.5
29.3106,-2.98342,-3.01166,1.50578,-3,-3,1.5
29.3206,-2.98347,-3.01167,1.50575,-3,-3,1.5
29.3306,-2.98352,-3.01169,1.50572,-3,-3,1.5
29.3406,-2.98357,-3.0117,1.50568,-3,-3,1.5
29.3506,-2.98361,-3.01172,1.50565,-3,-3,1.5
29.3606,-2.98366,-3.01174,1.50564,-3,-3,1.5
29.3706,-2.9837,-3.01175,1.50566,-3,-3,1.5
29.3806,-2.98374,-3.01177,1.50568,-3,-3,1.5
29.3906,-2.98379,-3.01178,1.50569,-3,-3,1.5
29.4006,-2.98383,-3.0118,1.50569,-3,-3,1.5
29.4106,-2.98387,-3.01181,1.5057,-3,-3,1.5
29.4206,-2.98392,-3.01183,1.5057,-3,-3,1.5
29.4306,-2.98396,-3.01184,1.50572,-3,-3,1.5
29.4406,-2.98401,-3.01186,1.50577,-3,-3,1.5
29.4506,-2.98406,-3.01187,1.50581,-3,-3,1.5
29.4606,-2.98411,-3.01189,1.50582,-3,-3,1.5
29.4706,-2.98415,-3.0119,1.50582,-3,-3,1.5
29.4806,-2.9842,-3.01192,1.5058,-3,-3,1.5
29.4906,-2.98425,-3.01193,1.50581,-3,-3,1.5
29.5006,-2.9843,-3.01195,1.50583,-3,-3,1.5
29.5106,-2.98434,-3.01196,1.50585,-3,-3,1.5
29.5206,-2.98439,-3.01198,1.50586,-3,-3,1.5
29.5306,-2.98444,-3.01199,1.50587,-3,-3,1.5
29.5406,-2.98449,-3.01201,1.50587,-3,-3,1.5
29.5506,-2.98454,-3.01202,1.50588,-3,-3,1.5
29.5606,-2.98459,-3.01204,1.50588,-3,-3,1.5
29.5706,-2.98464,-3.01205,1.50589,-3,-3,1.5
29.5806,-2.9847,-3.01207,1.5059,-3,-3,1.5
29.5906,-2.98476,-3.01209,1.5059,-3,-3,1.5
29.6006,-2.98481,-3.01211,1.50594,-3,-3,1.5
29.6106,-2.98488,-3.01212,1.506,-3,-3,1.5
29.6206,-2.98494,-3.01215,1.50604,-3,-3,1.5
29.6306,-2.985,-3.01217,1.50609,-3,-3,1.5
29.6406,-2.98506,-3.01219,1.50615,-3,-3,1.5
29.6506,-2.98513,-3.01221,1.50619,-3,-3,1.5
29.6606,-2.98519,-3.01224,1.50621,-3,-3,1.5
29.6706,-2.98525,-3.01226,1.50622,-3,-3,1.5
29.6806,-2.98531,-3.01229,1.50621,-3,-3,1.5
29.6906,-2.98537,-3.01232,1.50619,-3,-3,1.5
29.7006,-2.98544,-3.01235,1.50616,-3,-3,1.5
29.7106,-2.9855,-3.01238,1.50614,-3,-3,1.5
29.7206,-2.98556,-3.01241,1.50611,-3,-3,1.5
29.7306,-2.98562,-3.01244,1.50607,-3,-3,1.5
29.7406,-2.98568,-3.01247,1.50604,-3,-3,1.5
29.7506,-2.98575,-3.0125,1.50601,-3,-3,1.5
29.7606,-2.98581,-3.01253,1.50598,-3,-3,1.5
29.7706,-2.98587,-3.01256,1.50595,-3,-3,1.5
29.7806,-2.98592,-3.01259,1.50593,-3,-3,1.5
29.7906,-2.98598,-3.01261,1.5059,-3,-3,1.5
29.8006,-2.98604,-3.01264,1.50586,-3,-3,1.5
29.8106,-2.9861,-3.01267,1.50582,-3,-3,1.5
29.8206,-2.98615,-3.01269,1.50578,-3,-3,1.5
29.8306,-2.98621,-3.01272,1.50575,-3,-3,1.5
29.8406,-2.98627,-3.01274,1.50572,-3,-3,1.5
29.8506,-2.98632,-3.01276,1.5057,-3,-3,1.5
29.8606,-2.98638,-3.01278,1.50567,-3,-3,1.5
29.8706,-2.98643,-3.0128,1.50564,-3,-3,1.5
29.8806,-2.98649,-3.01282,1.50561,-3,-3,1.5
29.8906,-2.98654,-3.01284,1.50557,-3,-3,1.5
29.9006,-2.9866,-3.01286,1.50553,-3,-3,1.5
29.9106,-2.98665,-3.01288,1.50551,-3,-3,1.5
29.9206,-2.98671,-3.01289,1.50549,-3,-3,1.5
29.9306,-2.98676,-3.01291,1.50546,-3,-3,1.5
29.9406,-2.98682,-3.01292,1.50543,-3,-3,1.5
29.9506,-2.98687,-3.01294,1.50539,-3,-3,1.5
29.9606,-2.98692,-3.01295,1.50536,-3,-3,1.5
29.9706,-2.98698,-3.01296,1.50533,-3,-3,1.5
29.9806,-2.98703,-3.01297,1.50531,-3,-3,1.5
29.9906,-2.98708,-3.01298,1.50529,-3,-3,1.5
30.0006,-2.98713,-3.01299,1.50526,-3,-3,1.5
30.0106,-2.98718,-3.013,1.50524,-3,-3,1.5
30.0206,-2.98723,-3.01301,1.50522,-3,-3,1.5
30.0306,-2.98727,-3.01302,1.5052,-3,-3,1.5
30.0406,-2.98732,-3.01302,1.50517,-3,-3,1.5
30.0506,-2.98737,-3.01303,1.50514,-3,-3,1.5
30.0606,-2.98742,-3.01303,1.5051,-3,-3,1.5
30.0706,-2.98746,-3.01303,1.50503,-3,-3,1.5
30.0806,-2.98751,-3.01304,1.50498,-3,-3,1.5
30.0906,-2.98756,-3.01304,1.50499,-3,-3,1.5
30.1006,-2.98761,-3.01304,1.50501,-3,-3,1.5
30.1106,-2.98765,-3.01303,1.50504,-3,-3,1.5
30.1206,-2.9877,-3.01302,1.50508,-3,-3,1.5
30.1306,-2.98774,-3.01302,1.50511,-3,-3,1.5
30.1406,-2.98779,-3.01301,1.50512,-3,-3,1.5
30.1506,-2.98784,-3.01299,1.50513,-3,-3,1.5
30.1606,-2.98788,-3.01298,1.50514,-3,-3,1.5
30.1706,-2.98793,-3.01297,1.50515,-3,-3,1.5
30.1806,-2.98798,-3.01295,1.50519,-3,-3,1.5
30.1906,-2.98803,-3.01294,1.50526,-3,-3,1.5
30.2006,-2.98808,-3.01293,1.50532,-3,-3,1.5
30.2106,-2.98813,-3.01292,1.50538,-3,-3,1.5
30.2206,-2.98818,-3.01291,1.50541,-3,-3,1.5
30.2306,-2.98823,-3.0129,1.50544,-3,-3,1.5
30.2406,-2.98828,-3.0129,1.50547,-3,-3,1.5
30.2506,-2.98833,-3.0129,1.50552,-3,-3,1.5
30.2606,-2.98838,-3.01289,1.50556,-3,-3,1.5
30.2706,-2.98842,-3.0129,1.50559,-3,-3,1.5
30.2806,-2.98847,-3.0129,1.50561,-3,-3,1.5
30.2906,-2.98852,-3.0129,1.50563,-3,-3,1.5
30.3006,-2.98857,-3.01291,1.50563,-3,-3,1.5
30.3106,-2.98861,-3.01292,1.50563,-3,-3,1.5
30.3206,-2.98866,-3.01293,1.50563,-3,-3,1.5
30.3306,-2.98871,-3.01294,1.50562,-3,-3,1.5
30.3406,-2.98876,-3.01295,1.50562,-3,-3,1.5
30.3506,-2.98881,-3.01296,1.50561,-3,-3,1.5
30.3606,-2.98887,-3.01298,1.5056,-3,-3,1.5
30.3706,-2.98892,-3.01299,1.5056,-3,-3,1.5
30.3806,-2.98898,-3.01301,1.50559,-3,-3,1.5
30.3906,-2.98904,-3.01303,1.50558,-3,-3,1.5
30.4006,-2.9891,-3.01304,1.5056,-3,-3,1.5
30.4106,-2.98916,-3.01306,1.50564,-3,-3,1.5
30.4206,-2.98923,-3.01308,1.50567,-3,-3,1.5
30.4306,-2.98929,-3.0131,1.50568,-3,-3,1.5
30.4406,-2.98936,-3.01313,1.50568,-3,-3,1.5
30.4506,-2.98942,-3.01315,1.5057,-3,-3,1.5
30.4606,-2.98949,-3.01317,1.50574,-3,-3,1.5
30.4706,-2.98955,-3.01319,1.50578,-3,-3,1.5
30.4806,-2.98962,-3.01321,1.50581,-3,-3,1.5
30.4906,-2.98968,-3.01323,1.50582,-3,-3,1.5
30.5006,-2.98974,-3.01325,1.50582,-3,-3,1.5
30.5106,-2.98981,-3.01328,1.50582,-3,-3,1.5
30.5206,-2.98987,-3.0133,1.5058,-3,-3,1.5
30.5306,-2.98994,-3.01332,1.50578,-3,-3,1.5
30.5406,-2.99,-3.01335,1.50576,-3,-3,1.5
30.5506,-2.99007,-3.01337,1.50574,-3,-3,1.5
30.5606,-2.99014,-3.01339,1.50571,-3,-3,1.5
30.5706,-2.9902,-3.01341,1.50569,-3,-3,1.5
30.5806,-2.99027,-3.01344,1.50567,-3,-3,1.5
30.5906,-2.99034,-3.01346,1.50565,-3,-3,1.5
30.6006,-2.99041,-3.01348,1.50563,-3,-3,1.5
30.6106,-2.99048,-3.0135,1.50561,-3,-3,1.5
30.6206,-2.99056,-3.01352,1.5056,-3,-3,1.5
30.6306,-2.99063,-3.01354,1.5056,-3,-3,1.5
30.6406,-2.99071,-3.01356,1.50558,-3,-3,1.5
30.6506,-2.99079,-3.01357,1.50556,-3,-3,1.5
30.6606,-2.99087,-3.01359,1.50553,-3,-3,1.5
30.6706,-2.99095,-3.0136,1.50551,-3,-3,1.5
30.6806,-2.99103,-3.01362,1.50548,-3,-3,1.5
30.6906,-2.99112,-3.01363,1.50546,-3,-3,1.5
30.7006,-2.9912,-3.01365,1.50544,-3,-3,1.5
30.7106,-2.99129,-3.01366,1.50543,-3,-3,1.5
30.7206,-2.99138,-3.01367,1.50541,-3,-3,1.5
30.7306,-2.99148,-3.01368,1.5054,-3,-3,1.5
30.7406,-2.99157,-3.01369,1.50538,-3,-3,1.5
30.7506,-2.99167,-3.0137,1.50537,-3,-3,1.5
30.7606,-2.99177,-3.01371,1.50536,-3,-3,1.5
30.7706,-2.99187,-3.01372,1.50536,-3,-3,1.5
30.7806,-2.99198,-3.01373,1.50534,-3,-3,1.5
30.7906,-2.99208,-3.01374,1.50532,-3,-3,1.5
30.8006,-2.99218,-3.01374,1.5053,-3,-3,1.5
30.8106,-2.99229,-3.01375,1.50528,-3,-3,1.5
30.8206,-2.99239,-3.01376,1.50526,-3,-3,1.5
30.8306,-2.99249,-3.01376,1.50523,-3,-3,1.5
30.8406,-2.9926,-3.01377,1.50521,-3,-3,1.5
30.8506,-2.9927,-3.01377,1.50519,-3,-3,1.5
30.8606,-2.9928,-3.01378,1.50516,-3,-3,1.5
30.8706,-2.9929,-3.01378,1.50514,-3,-3,1.5
30.8806,-2.993,-3.01378,1.50512,-3,-3,1.5
30.8906,-2.99309,-3.01379,1.50511,-3,-3,1.5
30.9006,-2.99319,-3.01379,1.50509,-3,-3,1.5
30.9106,-2.99328,-3.0138,1.50508,-3,-3,1.5
30.9206,-2.99337,-3.0138,1.50507,-3,-3,1.5
30.9306,-2.99345,-3.0138,1.50505,-3,-3,1.5
30.9406,-2.99354,-3.01381,1.50504,-3,-3,1.5
30.9506,-2.99362,-3.01381,1.50503,-3,-3,1.5
30.9606,-2.99369,-3.01381,1.50502,-3,-3,1.5
30.9706,-2.99377,-3.01381,1.50502,-3,-3,1.5
30.9806,-2.99384,-3.01382,1.50501,-3,-3,1.5
30.9906,-2.99391,-3.01382,1.505,-3,-3,1.5
31.0006,-2.99397,-3.01382,1.50499,-3,-3,1.5
31.0106,-2.99404,-3.01382,1.50498,-3,-3,1.5
31.0206,-2.99409,-3.01382,1.50497,-3,-3,1.5
31.0306,-2.99415,-3.01382,1.50496,-3,-3,1.5
31.0406,-2.9942,-3.01382,1.50495,-3,-3,1.5
31.0506,-2.99425,-3.01382,1.50494,-3,-3,1.5
31.0606,-2.99429,-3.01382,1.50493,-3,-3,1.5
31.0706,-2.99433,-3.01382,1.50492,-3,-3,1.5
31.0806,-2.99437,-3.01382,1.50491,-3,-3,1.5
31.0906,-2.99441,-3.01382,1.5049,-3,-3,1.5
31.1006,-2.99444,-3.01381,1.50489,-3,-3,1.5
31.1106,-2.99446,-3.01381,1.50488,-3,-3,1.5
31.1206,-2.99448,-3.01381,1.50487,-3,-3,1.5
31.1306,-2.9945,-3.01381,1.50486,-3,-3,1.5
31.1406,-2.99452,-3.01381,1.50485,-3,-3,1.5
31.1506,-2.99453,-3.0138,1.50484,-3,-3,1.5
31.1606,-2.99453,-3.0138,1.50483,-3,-3,1.5
31.1706,-2.99454,-3.0138,1.50482,-3,-3,1.5
31.1806,-2.99454,-3.0138,1.50481,-3,-3,1.5
31.1906,-2.99453,-3.01379,1.5048,-3,-3,1.5
31.2006,-2.99452,-3.01379,1.50479,-3,-3,1.5
31.2106,-2.99451,-3.01379,1.50478,-3,-3,1.5
31.2206,-2.9945,-3.01378,1.50477,-3,-3,1.5
31.2306,-2.99448,-3.01378,1.50477,-3,-3,1.5
31.2406,-2.99445,-3.01378,1.50475,-3,-3,1.5
31.2506,-2.99443,-3.01378,1.50474,-3,-3,1.5
31.2606,-2.9944,-3.01377,1.50473,-3,-3,1.5
31.2706,-2.99437,-3.01377,1.50472,-3,-3,1.5
31.2806,-2.99433,-3.01377,1.5047,-3,-3,1.5
31.2906,-2.99429,-3.01377,1.50469,-3,-3,1.5
31.3006,-2.99425,-3.01376,1.50468,-3,-3,1.5
31.3106,-2.9942,-3.01376,1.50467,-3,-3,1.5
31.3206,-2.99415,-3.01376,1.50466,-3,-3,1.5
31.3306,-2.99409,-3.01376,1.50466,-3,-3,1.5
31.3406,-2.99404,-3.01375,1.50465,-3,-3,1.5
31.3506,-2.99398,-3.01375,1.50464,-3,-3,1.5
31.3606,-2.99392,-3.01375,1.50464,-3,-3,1.5
31.3706,-2.99385,-3.01375,1.50465,-3,-3,1.5
31.3806,-2.99378,-3.01374,1.50466,-3,-3,1.5
31.3906,-2.99371,-3.01374,1.50468,-3,-3,1.5
31.4006,-2.99364,-3.01374,1.5047,-3,-3,1.5
31.4106,-2.99357,-3.01373,1.50472,-3,-3,1.5
31.4206,-2.99349,-3.01373,1.50475,-3,-3,1.5
31.4306,-2.99342,-3.01372,1.50477,-3,-3,1.5
31.4406,-2.99334,-3.01372,1.50479,-3,-3,1.5
31.4506,-2.99327,-3.01371,1.50479,-3,-3,1.5
31.4606,-2.99319,-3.01371,1.50479,-3,-3,1.5
31.4706,-2.99311,-3.0137,1.50478,-3,-3,1.5
31.4806,-2.99303,-3.01369,1.50477,-3,-3,1.5
31.4906,-2.99296,-3.01369,1.50476,-3,-3,1.5
31.5006,-2.99288,-3.01368,1.50476,-3,-3,1.5
31.5106,-2.9928,-3.01367,1.50476,-3,-3,1.5
31.5206,-2.99273,-3.01366,1.50477,-3,-3,1.5
31.5306,-2.99265,-3.01366,1.50477,-3,-3,1.5
31.5406,-2.99257,-3.01365,1.50478,-3,-3,1.5
31.5506,-2.9925,-3.01364,1.50479,-3,-3,1.5
31.5606,-2.99242,-3.01363,1.5048,-3,-3,1.5
31.5706,-2.99235,-3.01362,1.50482,-3,-3,1.5
31.5806,-2.99228,-3.01361,1.50484,-3,-3,1.5
31.5906,-2.99221,-3.0136,1.50486,-3,-3,1.5
31.6006,-2.99214,-3.01359,1.50486,-3,-3,1.5
31.6106,-2.99207,-3.01358,1.50487,-3,-3,1.5
31.6206,-2.992,-3.01357,1.50487,-3,-3,1.5
31.6306,-2.99193,-3.01356,1.50488,-3,-3,1.5
31.6406,-2.99186,-3.01355,1.50488,-3,-3,1.5
31.6506,-2.99179,-3.01354,1.50489,-3,-3,1.5
31.6606,-2.99172,-3.01353,1.50489,-3,-3,1.5
31.6706,-2.99165,-3.01351,1.50488,-3,-3,1.5
31.6806,-2.99158,-3.0135,1.50488,-3,-3,1.5
31.6906,-2.99151,-3.01349,1.50488,-3,-3,1.5
31.7006,-2.99144,-3.01348,1.50488,-3,-3,1.5
31.7106,-2.99137,-3.01346,1.50488,-3,-3,1.5
31.7206,-2.9913,-3.01345,1.50488,-3,-3,1.5
31.7306,-2.99123,-3.01344,1.50489,-3,-3,1.5
31.7406,-2.99115,-3.01343,1.50489,-3,-3,1.5
31.7506,-2.99108,-3.01341,1.50489,-3,-3,1.5
31.7606,-2.99101,-3.0134,1.50489,-3,-3,1.5
31.7706,-2.99093,-3.01339,1.50488,-3,-3,1.5
31.7806,-2.99086,-3.01338,1.50488,-3,-3,1.5
31.7906,-2.99078,-3.01336,1.50488,-3,-3,1.5
31.8006,-2.99071,-3.01335,1.50487,-3,-3,1.5
31.8106,-2.99063,-3.01334,1.50487,-3,-3,1.5
31.8206,-2.99056,-3.01333,1.50487,-3,-3,1.5
31.8306,-2.99048,-3.01332,1.50486,-3,-3,1.5
31.8406,-2.9904,-3.0133,1.50486,-3,-3,1.5
31.8506,-2.99033,-3.01329,1.50486,-3,-3,1.5
31.8606,-2.99025,-3.01328,1.50486,-3,-3,1.5
31.8706,-2.99017,-3.01327,1.50485,-3,-3,1.5
31.8806,-2.99009,-3.01326,1.50485,-3,-3,1.5
31.8906,-2.99002,-3.01325,1.50485,-3,-3,1.5
31.9006,-2.98994,-3.01324,1.50484,-3,-3,1.5
31.9106,-2.98986,-3.01323,1.50484,-3,-3,1.5
31.9206,-2.98978,-3.01322,1.50484,-3,-3,1.5
31.9306,-2.9897,-3.01321,1.50484,-3,-3,1.5
31.9406,-2.98963,-3.0132,1.50484,-3,-3,1.5
31.9506,-2.98955,-3.0132,1.50484,-3,-3,1.5
31.9606,-2.98947,-3.01319,1.50484,-3,-3,1.5
31.9706,-2.9894,-3.01318,1.50485,-3,-3,1.5
31.9806,-2.98933,-3.01317,1.50486,-3,-3,1.5
31.9906,-2.98925,-3.01317,1.50487,-3,-3,1.5
32.0006,-2.98918,-3.01316,1.50488,-3,-3,1.5
32.0106,-2.98911,-3.01315,1.50489,-3,-3,1.5
32.0206,-2.98904,-3.01314,1.50489,-3,-3,1.5
32.0306,-2.98897,-3.01314,1.5049,-3,-3,1.5
32.0406,-2.9889,-3.01313,1.5049,-3,-3,1.5
32.0506,-2.98883,-3.01312,1.5049,-3,-3,1.5
32.0606,-2.98876,-3.01312,1.5049,-3,-3,1.5
32.0706,-2.98869,-3.01311,1.50491,-3,-3,1.5
32.0806,-2.98862,-3.01311,1.50491,-3,-3,1.5
32.0906,-2.98855,-3.0131,1.50491,-3,-3,1.5
32.1006,-2.98848,-3.01309,1.50492,-3,-3,1.5
32.1106,-2.98841,-3.01309,1.50492,-3,-3,1.5
32.1206,-2.98834,-3.01308,1.50493,-3,-3,1.5
32.1306,-2.98827,-3.01308,1.50493,-3,-3,1.5
32.1406,-2.9882,-3.01307,1.50494,-3,-3,1.5
32.1506,-2.98814,-3.01306,1.50494,-3,-3,1.5
32.1606,-2.98807,-3.01306,1.50494,-3,-3,1.5
32.1706,-2.988,-3.01305,1.50495,-3,-3,1.5
32.1806,-2.98793,-3.01305,1.50496,-3,-3,1.5
32.1906,-2.98786,-3.01304,1.50497,-3,-3,1.5
32.2006,-2.9878,-3.01304,1.50497,-3,-3,1.5
32.2106,-2.98773,-3.01303,1.50498,-3,-3,1.5
32.2206,-2.98766,-3.01303,1.50499,-3,-3,1.5
32.2306,-2.98759,-3.01303,1.50499,-3,-3,1.5
32.2406,-2.98753,-3.01302,1.50499,-3,-3,1.5
32.2506,-2.98746,-3.01302,1.505,-3,-3,1.5
32.2606,-2.98739,-3.01301,1.505,-3,-3,1.5
32.2706,-2.98733,-3.01301,1.50502,-3,-3,1.5
32.2806,-2.98726,-3.01301,1.50504,-3,-3,1.5
32.2906,-2.98719,-3.013,1.50505,-3,-3,1.5
32.3006,-2.98713,-3.013,1.50507,-3,-3,1.5
32.3106,-2.98706,-3.013,1.50509,-3,-3,1.5
32.3206,-2.98699,-3.013,1.50512,-3,-3,1.5
32.3306,-2.98693,-3.01299,1.50517,-3,-3,1.5
32.3406,-2.98686,-3.01299,1.50522,-3,-3,1.5
32.3506,-2.98679,-3.01299,1.50526,-3,-3,1.5
32.3606,-2.98673,-3.01298,1.50531,-3,-3,1.5
32.3706,-2.98666,-3.01298,1.50535,-3,-3,1.5
32.3806,-2.98659,-3.01298,1.50539,-3,-3,1.5
32.3906,-2.98652,-3.01298,1.50542,-3,-3,1.5
32.4006,-2.98645,-3.01297,1.50545,-3,-3,1.5
32.4106,-2.98637,-3.01297,1.50548,-3,-3,1.5
32.4206,-2.9863,-3.01297,1.50552,-3,-3,1.5
32.4306,-2.98623,-3.01297,1.50555,-3,-3,1.5
32.4406,-2.98615,-3.01297,1.50558,-3,-3,1.5
32.4506,-2.98608,-3.01297,1.50561,-3,-3,1.5
32.4606,-2.98601,-3.01296,1.50564,-3,-3,1.5
32.4706,-2.98593,-3.01296,1.50568,-3,-3,1.5
32.4806,-2.98585,-3.01296,1.50573,-3,-3,1.5
32.4906,-2.98577,-3.01295,1.50579,-3,-3,1.5
32.5006,-2.98569,-3.01295,1.50584,-3,-3,1.5
32.5106,-2.98561,-3.01295,1.50589,-3,-3,1.5
32.5205,-2.98553,-3.01294,1.50595,-3,-3,1.5
32.5305,-2.98545,-3.01294,1.506,-3,-3,1.5
32.5405,-2.98536,-3.01294,1.50605,-3,-3,1.5
32.5505,-2.98527,-3.01293,1.5061,-3,-3,1.5
32.5605,-2.98519,-3.01293,1.50616,-3,-3,1.5
32.5705,-2.9851,-3.01293,1.5062,-3,-3,1.5
32.5805,-2.98501,-3.01293,1.50624,-3,-3,1.5
32.5905,-2.98492,-3.01292,1.50627,-3,-3,1.5
32.6005,-2.98483,-3.01292,1.5063,-3,-3,1.5
32.6105,-2.98475,-3.01292,1.50633,-3,-3,1.5
32.6205,-2.98466,-3.01292,1.50636,-3,-3,1.5
32.6305,-2.98458,-3.01292,1.50639,-3,-3,1.5
32.6405,-2.98449,-3.01292,1.50642,-3,-3,1.5
32.6505,-2.98441,-3.01292,1.50645,-3,-3,1.5
32.6605,-2.98433,-3.01292,1.50647,-3,-3,1.5
32.6705,-2.98425,-3.01292,1.50649,-3,-3,1.5
32.6805,-2.98418,-3.01292,1.50652,-3,-3,1.5
32.6905,-2.9841,-3.01292,1.50655,-3,-3,1.5
32.7005,-2.98403,-3.01292,1.50657,-3,-3,1.5
32.7105,-2.98396,-3.01292,1.5066,-3,-3,1.5
32.7205,-2.98389,-3.01292,1.50663,-3,-3,1.5
32.7305,-2.98382,-3.01292,1.50667,-3,-3,1.5
32.7405,-2.98375,-3.01292,1.50671,-3,-3,1.5
32.7505,-2.98369,-3.01292,1.50674,-3,-3,1.5
32.7605,-2.98362,-3.01292,1.50676,-3,-3,1.5
32.7705,-2.98356,-3.01293,1.50674,-3,-3,1.5
32.7805,-2.98349,-3.01293,1.50667,-3,-3,1.5
32.7905,-2.98343,-3.01294,1.50662,-3,-3,1.5
32.8005,-2.98336,-3.01294,1.50664,-3,-3,1.5
32.8105,-2.9833,-3.01294,1.50672,-3,-3,1.5
32.8205,-2.98324,-3.01294,1.50679,-3,-3,1.5
32.8305,-2.98319,-3.01295,1.50682,-3,-3,1.5
32.8405,-2.98313,-3.01295,1.50685,-3,-3,1.5
32.8505,-2.98308,-3.01295,1.50688,-3,-3,1.5
32.8605,-2.98303,-3.01295,1.50691,-3,-3,1.5
32.8705,-2.98298,-3.01295,1.50694,-3,-3,1.5
32.8805,-2.98293,-3.01295,1.50697,-3,-3,1.5
32.8905,-2.98289,-3.01295,1.50699,-3,-3,1.5
32.9005,-2.98285,-3.01295,1.50702,-3,-3,1.5
32.9105,-2.98281,-3.01295,1.50704,-3,-3,1.5
32.9205,-2.98277,-3.01295,1.50706,-3,-3,1.5
32.9305,-2.98273,-3.01295,1.50709,-3,-3,1.5
32.9405,-2.98269,-3.01295,1.50712,-3,-3,1.5
32.9505,-2.98265,-3.01295,1.50715,-3,-3,1.5
32.9605,-2.98262,-3.01295,1.5072,-3,-3,1.5
32.9705,-2.98258,-3.01295,1.50723,-3,-3,1.5
32.9805,-2.98254,-3.01294,1.50726,-3,-3,1.5
32.9905,-2.98251,-3.01294,1.50728,-3,-3,1.5
33.0005,-2.98247,-3.01294,1.50731,-3,-3,1.5
33.0105,-2.98243,-3.01293,1.50734,-3,-3,1.5
33.0205,-2.98239,-3.01293,1.50735,-3,-3,1.5
33.0305,-2.98235,-3.01292,1.50736,-3,-3,1.5
33.0405,-2.98231,-3.01291,1.50738,-3,-3,1.5
33.0505,-2.98227,-3.0129,1.5074,-3,-3,1.5
33.0605,-2.98223,-3.0129,1.50743,-3,-3,1.5
33.0705,-2.98218,-3.01289,1.50744,-3,-3,1.5
33.0805,-2.98214,-3.01288,1.50745,-3,-3,1.5
33.0905,-2.98209,-3.01287,1.50746,-3,-3,1.5
33.1005,-2.98204,-3.01286,1.50748,-3,-3,1.5
33.1105,-2.982,-3.01285,1.50751,-3,-3,1.5
33.1204,-2.98195,-3.01283,1.50752,-3,-3,1.5
33.1304,-2.9819,-3.01282,1.50754,-3,-3,1.5
33.1404,-2.98185,-3.01281,1.50756,-3,-3,1.5
33.1504,-2.9818,-3.0128,1.50758,-3,-3,1.5
33.1604,-2.98174,-3.01278,1.5076,-3,-3,1.5
33.1704,-2.98169,-3.01277,1.50763,-3,-3,1.5
33.1804,-2.98163,-3.01275,1.50766,-3,-3,1.5
33.1904,-2.98157,-3.01274,1.50771,-3,-3,1.5
33.2004,-2.98152,-3.01273,1.50776,-3,-3,1.5
33.2104,-2.98146,-3.01271,1.5078,-3,-3,1.5
33.2204,-2.98139,-3.0127,1.50784,-3,-3,1.5
33.2304,-2.98133,-3.01268,1.50788,-3,-3,1.5
33.2404,-2.98126,-3.01267,1.5079,-3,-3,1.5
33.2504,-2.98119,-3.01265,1.50792,-3,-3,1.5
33.2604,-2.98112,-3.01264,1.50795,-3,-3,1.5
33.2704,-2.98105,-3.01262,1.50797,-3,-3,1.5
33.2804,-2.98098,-3.0126,1.50797,-3,-3,1.5
33.2904,-2.9809,-3.01259,1.50798,-3,-3,1.5
33.3004,-2.98083,-3.01257,1.50799,-3,-3,1.5
33.3104,-2.98075,-3.01256,1.50801,-3,-3,1.5
33.3204,-2.98067,-3.01254,1.50802,-3,-3,1.5
33.3304,-2.98059,-3.01252,1.50803,-3,-3,1.5
33.3404,-2.98051,-3.01251,1.50805,-3,-3,1.5
33.3504,-2.98043,-3.01249,1.50808,-3,-3,1.5
33.3604,-2.98034,-3.01247,1.50812,-3,-3,1.5
33.3704,-2.98026,-3.01246,1.50816,-3,-3,1.5
33.3804,-2.98017,-3.01244,1.50819,-3,-3,1.5
33.3904,-2.98008,-3.01242,1.50822,-3,-3,1.5
33.4004,-2.98,-3.0124,1.50825,-3,-3,1.5
33.4104,-2.97991,-3.01239,1.50827,-3,-3,1.5
33.4204,-2.97982,-3.01237,1.5083,-3,-3,1.5
33.4304,-2.97973,-3.01235,1.50833,-3,-3,1.5
33.4404,-2.97964,-3.01234,1.50836,-3,-3,1.5
33.4504,-2.97956,-3.01232,1.50837,-3,-3,1.5
33.4604,-2.97947,-3.0123,1.50839,-3,-3,1.5
33.4704,-2.97938,-3.01229,1.5084,-3,-3,1.5
33.4804,-2.97929,-3.01227,1.50843,-3,-3,1.5
33.4904,-2.9792,-3.01225,1.50847,-3,-3,1.5
33.5004,-2.97912,-3.01223,1.50851,-3,-3,1.5
33.5104,-2.97903,-3.01221,1.50855,-3,-3,1.5
33.5204,-2.97894,-3.0122,1.50858,-3,-3,1.5
33.5304,-2.97885,-3.01218,1.5086,-3,-3,1.5
33.5404,-2.97876,-3.01216,1.50862,-3,-3,1.5
33.5504,-2.97868,-3.01214,1.50864,-3,-3,1.5
33.5604,-2.97859,-3.01212,1.50865,-3,-3,1.5
33.5704,-2.9785,-3.0121,1.50866,-3,-3,1.5
33.5804,-2.97841,-3.01208,1.50869,-3,-3,1.5
33.5904,-2.97833,-3.01207,1.50871,-3,-3,1.5
33.6004,-2.97824,-3.01205,1.5087,-3,-3,1.5
33.6104,-2.97815,-3.01203,1.5087,-3,-3,1.5
33.6204,-2.97807,-3.01201,1.5087,-3,-3,1.5
33.6304,-2.97798,-3.012,1.50871,-3,-3,1.5
33.6404,-2.9779,-3.01198,1.50872,-3,-3,1.5
33.6504,-2.97781,-3.01196,1.50876,-3,-3,1.5
33.6604,-2.97773,-3.01195,1.50878,-3,-3,1.5
33.6704,-2.97765,-3.01194,1.50875,-3,-3,1.5
33.6804,-2.97757,-3.01192,1.50873,-3,-3,1.5
33.6904,-2.97749,-3.01191,1.50873,-3,-3,1.5
33.7004,-2.97741,-3.0119,1.50872,-3,-3,1.5
33.7104,-2.97733,-3.01189,1.50872,-3,-3,1.5
33.7203,-2.97726,-3.01189,1.50872,-3,-3,1.5
33.7303,-2.97718,-3.01188,1.50872,-3,-3,1.5
33.7403,-2.97711,-3.01188,1.50873,-3,-3,1.5
33.7503,-2.97704,-3.01187,1.50873,-3,-3,1.5
33.7603,-2.97697,-3.01187,1.50874,-3,-3,1.5
33.7703,-2.9769,-3.01187,1.50874,-3,-3,1.5
33.7803,-2.97683,-3.01187,1.50875,-3,-3,1.5
33.7903,-2.97676,-3.01186,1.50876,-3,-3,1.5
33.8003,-2.9767,-3.01186,1.50878,-3,-3,1.5
33.8103,-2.97663,-3.01186,1.50879,-3,-3,1.5
33.8203,-2.97656,-3.01186,1.5088,-3,-3,1.5
33.8303,-2.9765,-3.01186,1.50882,-3,-3,1.5
33.8403,-2.97643,-3.01185,1.50885,-3,-3,1.5
33.8503,-2.97636,-3.01185,1.50888,-3,-3,1.5
33.8603,-2.97629,-3.01185,1.50891,-3,-3,1.5
33.8703,-2.97623,-3.01184,1.50894,-3,-3,1.5
33.8803,-2.97616,-3.01184,1.50896,-3,-3,1.5
33.8903,-2.97609,-3.01184,1.50898,-3,-3,1.5
33.9003,-2.97603,-3.01183,1.50899,-3,-3,1.5
33.9103,-2.97596,-3.01183,1.509,-3,-3,1.5
33.9203,-2.9759,-3.01182,1.50901,-3,-3,1.5
33.9303,-2.97583,-3.01182,1.50902,-3,-3,1.5
33.9403,-2.97577,-3.01181,1.50903,-3,-3,1.5
33.9503,-2.97571,-3.01181,1.50904,-3,-3,1.5
33.9603,-2.97564,-3.0118,1.50907,-3,-3,1.5
33.9703,-2.97558,-3.0118,1.50908,-3,-3,1.5
33.9803,-2.97552,-3.01179,1.50908,-3,-3,1.5
33.9903,-2.97545,-3.01179,1.5091,-3,-3,1.5
34.0003,-2.97539,-3.01178,1.50911,-3,-3,1.5
34.0103,-2.97533,-3.01177,1.50906,-3,-3,1.5
34.0203,-2.97527,-3.01176,1.509,-3,-3,1.5
34.0303,-2.97521,-3.01176,1.50894,-3,-3,1.5
34.0403,-2.97515,-3.01175,1.50887,-3,-3,1.5
34.0503,-2.97509,-3.01174,1.5088,-3,-3,1.5
34.0603,-2.97503,-3.01174,1.50871,-3,-3,1.5
34.0703,-2.97498,-3.01173,1.5086,-3,-3,1.5
34.0803,-2.97493,-3.01172,1.50858,-3,-3,1.5
34.0903,-2.97488,-3.01171,1.50864,-3,-3,1.5
34.1003,-2.97484,-3.01169,1.50866,-3,-3,1.5
34.1103,-2.9748,-3.01168,1.50867,-3,-3,1.5
34.1203,-2.97476,-3.01166,1.50866,-3,-3,1.5
34.1303,-2.97473,-3.01164,1.50866,-3,-3,1.5
34.1403,-2.9747,-3.01162,1.50865,-3,-3,1.5
34.1503,-2.97467,-3.0116,1.50864,-3,-3,1.5
34.1603,-2.97464,-3.01158,1.50862,-3,-3,1.5
34.1703,-2.97462,-3.01156,1.50861,-3,-3,1.5
34.1803,-2.9746,-3.01153,1.50859,-3,-3,1.5
34.1903,-2.97458,-3.01151,1.50857,-3,-3,1.5
34.2003,-2.97456,-3.01149,1.50855,-3,-3,1.5
34.2103,-2.97454,-3.01147,1.50855,-3,-3,1.5
34.2203,-2.97453,-3.01145,1.50854,-3,-3,1.5
34.2303,-2.97451,-3.01143,1.50855,-3,-3,1.5
34.2403,-2.97449,-3.01141,1.50857,-3,-3,1.5
34.2503,-2.97448,-3.01139,1.50859,-3,-3,1.5
34.2603,-2.97446,-3.01137,1.50862,-3,-3,1.5
34.2703,-2.97444,-3.01135,1.50864,-3,-3,1.5
34.2803,-2.97442,-3.01133,1.50867,-3,-3,1.5
34.2903,-2.9744,-3.01131,1.50869,-3,-3,1.5
34.3003,-2.97439,-3.01129,1.50871,-3,-3,1.5
34.3102,-2.97437,-3.01127,1.50873,-3,-3,1.5
34.3202,-2.97435,-3.01125,1.50874,-3,-3,1.5
34.3302,-2.97433,-3.01123,1.50875,-3,-3,1.5
34.3402,-2.97432,-3.01121,1.50875,-3,-3,1.5
34.3502,-2.9743,-3.0112,1.50875,-3,-3,1.5
34.3602,-2.97428,-3.01118,1.50874,-3,-3,1.5
34.3702,-2.97427,-3.01116,1.50873,-3,-3,1.5
34.3802,-2.97425,-3.01114,1.50871,-3,-3,1.5
34.3902,-2.97423,-3.01113,1.50871,-3,-3,1.5
34.4002,-2.97421,-3.01111,1.5087,-3,-3,1.5
34.4102,-2.9742,-3.01109,1.50871,-3,-3,1.5
34.4202,-2.97417,-3.01108,1.50872,-3,-3,1.5
34.4302,-2.97415,-3.01106,1.50873,-3,-3,1.5
34.4402,-2.97413,-3.01104,1.50874,-3,-3,1.5
34.4502,-2.9741,-3.01102,1.50876,-3,-3,1.5
34.4602,-2.97408,-3.01101,1.50876,-3,-3,1.5
34.4702,-2.97405,-3.01099,1.50876,-3,-3,1.5
34.4802,-2.97402,-3.01097,1.50876,-3,-3,1.5
34.4902,-2.97399,-3.01096,1.50876,-3,-3,1.5
34.5002,-2.97396,-3.01094,1.50875,-3,-3,1.5
34.5102,-2.97393,-3.01092,1.50875,-3,-3,1.5
34.5202,-2.97389,-3.01091,1.50874,-3,-3,1.5
34.5302,-2.97386,-3.01089,1.50872,-3,-3,1.5
34.5402,-2.97383,-3.01087,1.50871,-3,-3,1.5
34.5502,-2.97379,-3.01086,1.50869,-3,-3,1.5
34.5602,-2.97375,-3.01084,1.50867,-3,-3,1.5
34.5702,-2.97371,-3.01082,1.50865,-3,-3,1.5
34.5802,-2.97367,-3.0108,1.50863,-3,-3,1.5
34.5902,-2.97363,-3.01079,1.50861,-3,-3,1.5
34.6002,-2.97359,-3.01077,1.50859,-3,-3,1.5
34.6102,-2.97354,-3.01076,1.50857,-3,-3,1.5
34.6202,-2.97349,-3.01074,1.50854,-3,-3,1.5
34.6302,-2.97344,-3.01072,1.50852,-3,-3,1.5
34.6402,-2.97338,-3.01071,1.50849,-3,-3,1.5
34.6502,-2.97333,-3.01069,1.50846,-3,-3,1.5
34.6602,-2.97327,-3.01068,1.50844,-3,-3,1.5
34.6702,-2.97321,-3.01067,1.50841,-3,-3,1.5
34.6802,-2.97315,-3.01065,1.50838,-3,-3,1.5
34.6902,-2.97308,-3.01064,1.50835,-3,-3,1.5
34.7002,-2.97301,-3.01063,1.50834,-3,-3,1.5
34.7102,-2.97294,-3.01062,1.50832,-3,-3,1.5
34.7202,-2.97287,-3.01061,1.5083,-3,-3,1.5
34.7302,-2.9728,-3.0106,1.50829,-3,-3,1.5
34.7402,-2.97272,-3.01059,1.50827,-3,-3,1.5
34.7502,-2.97265,-3.01058,1.50825,-3,-3,1.5
34.7602,-2.97257,-3.01057,1.50823,-3,-3,1.5
34.7702,-2.97248,-3.01056,1.50822,-3,-3,1.5
34.7802,-2.9724,-3.01055,1.50822,-3,-3,1.5
34.7902,-2.97232,-3.01054,1.50821,-3,-3,1.5
34.8002,-2.97223,-3.01053,1.5082,-3,-3,1.5
34.8102,-2.97214,-3.01053,1.50819,-3,-3,1.5
34.8202,-2.97206,-3.01052,1.50818,-3,-3,1.5
34.8302,-2.97197,-3.01051,1.50817,-3,-3,1.5
34.8402,-2.97188,-3.0105,1.50816,-3,-3,1.5
34.8502,-2.97179,-3.01049,1.50818,-3,-3,1.5
34.8602,-2.9717,-3.01048,1.50819,-3,-3,1.5
34.8702,-2.97161,-3.01047,1.5082,-3,-3,1.5
34.8802,-2.97152,-3.01046,1.5082,-3,-3,1.5
34.8902,-2.97144,-3.01046,1.50821,-3,-3,1.5
34.9002,-2.97135,-3.01045,1.50821,-3,-3,1.5
34.9101,-2.97127,-3.01044,1.50822,-3,-3,1.5
34.9201,-2.97119,-3.01043,1.50822,-3,-3,1.5
34.9301,-2.97111,-3.01043,1.50822,-3,-3,1.5
34.9401,-2.97103,-3.01043,1.50823,-3,-3,1.5
34.9501,-2.97095,-3.01042,1.50823,-3,-3,1.5
34.9601,-2.97088,-3.01042,1.50822,-3,-3,1.5
34.9701,-2.97081,-3.01042,1.50822,-3,-3,1.5
34.9801,-2.97074,-3.01042,1.50821,-3,-3,1.5
34.9901,-2.97068,-3.01042,1.50821,-3,-3,1.5
35.0001,-2.97062,-3.01043,1.5082,-3,-3,1.5
35.0101,-2.97056,-3.01043,1.50819,-3,-3,1.5
35.0201,-2.9705,-3.01043,1.50818,-3,-3,1.5
35.0301,-2.97045,-3.01043,1.50815,-3,-3,1.5
35.0401,-2.97041,-3.01044,1.50812,-3,-3,1.5
35.0501,-2.97036,-3.01044,1.5081,-3,-3,1.5
35.0601,-2.97033,-3.01044,1.50807,-3,-3,1.5
35.0701,-2.97029,-3.01045,1.50805,-3,-3,1.5
35.0801,-2.97027,-3.01045,1.50802,-3,-3,1.5
35.0901,-2.97024,-3.01045,1.50799,-3,-3,1.5
35.1001,-2.97022,-3.01046,1.50796,-3,-3,1.5
35.1101,-2.97021,-3.01046,1.50792,-3,-3,1.5
35.1201,-2.9702,-3.01047,1.50788,-3,-3,1.5
35.1301,-2.9702,-3.01048,1.50786,-3,-3,1.5
35.1401,-2.9702,-3.01048,1.50784,-3,-3,1.5
35.1501,-2.9702,-3.01049,1.50782,-3,-3,1.5
35.1601,-2.97021,-3.01049,1.5078,-3,-3,1.5
35.1701,-2.97023,-3.0105,1.50778,-3,-3,1.5
35.1801,-2.97025,-3.01051,1.50775,-3,-3,1.5
35.1901,-2.97027,-3.01052,1.50772,-3,-3,1.5
35.2001,-2.9703,-3.01052,1.50769,-3,-3,1.5
35.2101,-2.97033,-3.01053,1.50766,-3,-3,1.5
35.2201,-2.97037,-3.01054,1.50763,-3,-3,1.5
35.2301,-2.97041,-3.01055,1.50761,-3,-3,1.5
35.2401,-2.97046,-3.01056,1.50759,-3,-3,1.5
35.2501,-2.9705,-3.01057,1.50757,-3,-3,1.5
35.2601,-2.97056,-3.01057,1.50756,-3,-3,1.5
35.2701,-2.97061,-3.01058,1.50754,-3,-3,1.5
35.2801,-2.97067,-3.01059,1.50754,-3,-3,1.5
35.2901,-2.97072,-3.01059,1.50755,-3,-3,1.5
35.3001,-2.97078,-3.0106,1.50754,-3,-3,1.5
35.3101,-2.97084,-3.0106,1.50753,-3,-3,1.5
35.3201,-2.9709,-3.01061,1.50752,-3,-3,1.5
35.3301,-2.97096,-3.01061,1.5075,-3,-3,1.5
35.3401,-2.97102,-3.01062,1.50748,-3,-3,1.5
35.3501,-2.97108,-3.01062,1.50746,-3,-3,1.5
35.3601,-2.97115,-3.01063,1.50744,-3,-3,1.5
35.3701,-2.97121,-3.01063,1.50743,-3,-3,1.5
35.3801,-2.97128,-3.01063,1.50743,-3,-3,1.5
35.3901,-2.97135,-3.01064,1.50741,-3,-3,1.5
35.4001,-2.97142,-3.01064,1.5074,-3,-3,1.5
35.4101,-2.97149,-3.01064,1.50738,-3,-3,1.5
35.4201,-2.97157,-3.01064,1.50735,-3,-3,1.5
35.4301,-2.97164,-3.01064,1.50731,-3,-3,1.5
35.4401,-2.97172,-3.01064,1.50727,-3,-3,1.5
35.4501,-2.97179,-3.01064,1.50724,-3,-3,1.5
35.4601,-2.97187,-3.01064,1.50721,-3,-3,1.5
35.4701,-2.97195,-3.01064,1.50718,-3,-3,1.5
35.4801,-2.97202,-3.01064,1.50714,-3,-3,1.5
35.4901,-2.9721,-3.01064,1.50711,-3,-3,1.5
35.5,-2.97218,-3.01063,1.50708,-3,-3,1.5
35.51,-2.97225,-3.01063,1.50704,-3,-3,1.5
35.52,-2.97233,-3.01062,1.507,-3,-3,1.5
35.53,-2.9724,-3.01062,1.50697,-3,-3,1.5
35.54,-2.97247,-3.01061,1.50694,-3,-3,1.5
35.55,-2.97254,-3.01061,1.5069,-3,-3,1.5
35.56,-2.97262,-3.0106,1.50686,-3,-3,1.5
35.57,-2.97268,-3.01059,1.50683,-3,-3,1.5
35.58,-2.97275,-3.01059,1.50681,-3,-3,1.5
35.59,-2.97282,-3.01058,1.50678,-3,-3,1.5
35.6,-2.97289,-3.01057,1.50674,-3,-3,1.5
35.61,-2.97295,-3.01056,1.50671,-3,-3,1.5
35.62,-2.97302,-3.01054,1.50668,-3,-3,1.5
35.63,-2.97308,-3.01053,1.50665,-3,-3,1.5
35.64,-2.97314,-3.01052,1.50662,-3,-3,1.5
35.65,-2.9732,-3.01051,1.50658,-3,-3,1.5
35.66,-2.97326,-3.01049,1.50655,-3,-3,1.5
35.67,-2.97332,-3.01048,1.50651,-3,-3,1.5
35.68,-2.97338,-3.01047,1.50647,-3,-3,1.5
35.69,-2.97344,-3.01045,1.50643,-3,-3,1.5
35.7,-2.9735,-3.01044,1.5064,-3,-3,1.5
35.71,-2.97356,-3.01042,1.50636,-3,-3,1.5
35.72,-2.97361,-3.01041,1.50633,-3,-3,1.5
35.73,-2.97367,-3.01039,1.5063,-3,-3,1.5
35.74,-2.97373,-3.01037,1.50627,-3,-3,1.5
35.75,-2.97379,-3.01036,1.50624,-3,-3,1.5
35.76,-2.97384,-3.01034,1.5062,-3,-3,1.5
35.77,-2.9739,-3.01032,1.50619,-3,-3,1.5
35.78,-2.97397,-3.0103,1.50621,-3,-3,1.5
35.79,-2.97403,-3.01028,1.50623,-3,-3,1.5
35.8,-2.97409,-3.01026,1.50624,-3,-3,1.5
35.81,-2.97416,-3.01024,1.50629,-3,-3,1.5
35.82,-2.97422,-3.01023,1.50635,-3,-3,1.5
35.83,-2.97429,-3.01021,1.50638,-3,-3,1.5
35.84,-2.97436,-3.0102,1.50639,-3,-3,1.5
35.85,-2.97443,-3.01018,1.50637,-3,-3,1.5
35.86,-2.9745,-3.01017,1.50636,-3,-3,1.5
35.87,-2.97458,-3.01016,1.50633,-3,-3,1.5
35.88,-2.97465,-3.01014,1.5063,-3,-3,1.5
35.89,-2.97472,-3.01013,1.50627,-3,-3,1.5
35.9,-2.97479,-3.01012,1.50624,-3,-3,1.5
35.91,-2.97486,-3.01011,1.50621,-3,-3,1.5
35.92,-2.97493,-3.0101,1.50617,-3,-3,1.5
35.93,-2.975,-3.01009,1.50613,-3,-3,1.5
35.94,-2.97507,-3.01008,1.5061,-3,-3,1.5
35.95,-2.97513,-3.01006,1.50608,-3,-3,1.5
35.96,-2.9752,-3.01005,1.50604,-3,-3,1.5
35.97,-2.97527,-3.01004,1.50601,-3,-3,1.5
35.98,-2.97533,-3.01003,1.50598,-3,-3,1.5
35.99,-2.9754,-3.01002,1.50595,-3,-3,1.5
36,-2.97547,-3.01001,1.50592,-3,-3,1.5
36.01,-2.97553,-3.01,1.50589,-3,-3,1.5
36.02,-2.97559,-3.00999,1.50586,-3,-3,1.5
36.03,-2.97566,-3.00998,1.50582,-3,-3,1.5
36.04,-2.97572,-3.00996,1.5058,-3,-3,1.5
36.05,-2.97578,-3.00995,1.50578,-3,-3,1.5
36.06,-2.97584,-3.00994,1.50575,-3,-3,1.5
36.07,-2.9759,-3.00993,1.50572,-3,-3,1.5
36.08,-2.97596,-3.00992,1.5057,-3,-3,1.5
36.09,-2.97602,-3.0099,1.50571,-3,-3,1.5
36.0999,-2.97608,-3.00989,1.50571,-3,-3,1.5
36.1099,-2.97615,-3.00988,1.50572,-3,-3,1.5
36.1199,-2.97621,-3.00987,1.50571,-3,-3,1.5
36.1299,-2.97627,-3.00986,1.50571,-3,-3,1.5
36.1399,-2.97634,-3.00985,1.5057,-3,-3,1.5
36.1499,-2.9764,-3.00985,1.5057,-3,-3,1.5
36.1599,-2.97646,-3.00984,1.50568,-3,-3,1.5
36.1699,-2.97653,-3.00984,1.50567,-3,-3,1.5
36.1799,-2.97659,-3.00984,1.50566,-3,-3,1.5
36.1899,-2.97666,-3.00984,1.50564,-3,-3,1.5
36.1999,-2.97673,-3.00984,1.50561,-3,-3,1.5
36.2099,-2.9768,-3.00984,1.50558,-3,-3,1.5
36.2199,-2.97686,-3.00984,1.50554,-3,-3,1.5
36.2299,-2.97693,-3.00984,1.50551,-3,-3,1.5
36.2399,-2.977,-3.00985,1.50551,-3,-3,1.5
36.2499,-2.97708,-3.00985,1.5055,-3,-3,1.5
36.2599,-2.97715,-3.00985,1.50549,-3,-3,1.5
36.2699,-2.97722,-3.00985,1.50549,-3,-3,1.5
36.2799,-2.9773,-3.00985,1.50548,-3,-3,1.5
36.2899,-2.97738,-3.00985,1.50547,-3,-3,1.5
36.2999,-2.97746,-3.00985,1.50549,-3,-3,1.5
36.3099,-2.97754,-3.00985,1.50551,-3,-3,1.5
36.3199,-2.97762,-3.00986,1.50552,-3,-3,1.5
36.3299,-2.97771,-3.00986,1.50553,-3,-3,1.5
36.3399,-2.97779,-3.00987,1.50555,-3,-3,1.5
36.3499,-2.97787,-3.00988,1.5056,-3,-3,1.5
36.3599,-2.97796,-3.00989,1.50567,-3,-3,1.5
36.3699,-2.97805,-3.0099,1.50572,-3,-3,1.5
36.3799,-2.97813,-3.00991,1.50576,-3,-3,1.5
36.3899,-2.97822,-3.00993,1.50581,-3,-3,1.5
36.3999,-2.9783,-3.00994,1.50587,-3,-3,1.5
36.4099,-2.97839,-3.00996,1.50595,-3,-3,1.5
36.4199,-2.97847,-3.00998,1.50604,-3,-3,1.5
36.4299,-2.97855,-3.01,1.50611,-3,-3,1.5
36.4399,-2.97864,-3.01003,1.50619,-3,-3,1.5
36.4499,-2.97872,-3.01006,1.50625,-3,-3,1.5
36.4599,-2.9788,-3.01009,1.50629,-3,-3,1.5
36.4699,-2.97888,-3.01013,1.50634,-3,-3,1.5
36.4799,-2.97896,-3.01017,1.50638,-3,-3,1.5
36.4899,-2.97904,-3.01021,1.50638,-3,-3,1.5
36.4999,-2.97911,-3.01026,1.50637,-3,-3,1.5
36.5099,-2.97919,-3.01031,1.50634,-3,-3,1.5
36.5199,-2.97926,-3.01037,1.50634,-3,-3,1.5
36.5299,-2.97933,-3.01042,1.50636,-3,-3,1.5
36.5399,-2.9794,-3.01048,1.50638,-3,-3,1.5
36.5499,-2.97947,-3.01053,1.50639,-3,-3,1.5
36.5599,-2.97954,-3.01059,1.50639,-3,-3,1.5
36.5699,-2.97961,-3.01065,1.50638,-3,-3,1.5
36.5799,-2.97968,-3.01072,1.50637,-3,-3,1.5
36.5899,-2.97975,-3.01078,1.50634,-3,-3,1.5
36.5999,-2.97982,-3.01084,1.50627,-3,-3,1.5
36.6099,-2.97989,-3.01091,1.5062,-3,-3,1.5
36.6199,-2.97996,-3.01097,1.50615,-3,-3,1.5
36.6299,-2.98003,-3.01103,1.50613,-3,-3,1.5
36.6399,-2.9801,-3.01109,1.50613,-3,-3,1.5
36.6499,-2.98017,-3.01115,1.50613,-3,-3,1.5
36.6599,-2.98024,-3.0112,1.50612,-3,-3,1.5
36.6699,-2.98031,-3.01126,1.50611,-3,-3,1.5
36.6799,-2.98038,-3.01132,1.5061,-3,-3,1.5
36.6898,-2.98045,-3.01137,1.5061,-3,-3,1.5
36.6998,-2.98053,-3.01142,1.50609,-3,-3,1.5
36.7098,-2.9806,-3.01147,1.50607,-3,-3,1.5
36.7198,-2.98068,-3.01152,1.50603,-3,-3,1.5
36.7298,-2.98075,-3.01157,1.506,-3,-3,1.5
36.7398,-2.98083,-3.01162,1.50601,-3,-3,1.5
36.7498,-2.98092,-3.01167,1.50606,-3,-3,1.5
36.7598,-2.981,-3.01172,1.50612,-3,-3,1.5
36.7698,-2.98108,-3.01177,1.50617,-3,-3,1.5
36.7798,-2.98117,-3.01182,1.50622,-3,-3,1.5
36.7898,-2.98126,-3.01187,1.50626,-3,-3,1.5
36.7998,-2.98134,-3.01192,1.50629,-3,-3,1.5
36.8098,-2.98143,-3.01198,1.5063,-3,-3,1.5
36.8198,-2.98152,-3.01203,1.5063,-3,-3,1.5
36.8298,-2.98161,-3.01209,1.50627,-3,-3,1.5
36.8398,-2.9817,-3.01214,1.50624,-3,-3,1.5
36.8498,-2.98179,-3.0122,1.50621,-3,-3,1.5
36.8598,-2.98188,-3.01225,1.50617,-3,-3,1.5
36.8698,-2.98197,-3.0123,1.50612,-3,-3,1.5
36.8798,-2.98206,-3.01236,1.50613,-3,-3,1.5
36.8898,-2.98215,-3.01241,1.50617,-3,-3,1.5
36.8998,-2.98225,-3.01246,1.50619,-3,-3,1.5
36.9098,-2.98234,-3.01251,1.50621,-3,-3,1.5
36.9198,-2.98243,-3.01256,1.50622,-3,-3,1.5
36.9298,-2.98253,-3.01261,1.50622,-3,-3,1.5
36.9398,-2.98263,-3.01266,1.50623,-3,-3,1.5
36.9498,-2.98272,-3.01271,1.50623,-3,-3,1.5
36.9598,-2.98282,-3.01276,1.50623,-3,-3,1.5
36.9698,-2.98293,-3.01281,1.50622,-3,-3,1.5
36.9798,-2.98303,-3.01285,1.5062,-3,-3,1.5
36.9898,-2.98313,-3.0129,1.50617,-3,-3,1.5
36.9998,-2.98324,-3.01294,1.50613,-3,-3,1.5
37.0098,-2.98334,-3.01299,1.5061,-3,-3,1.5
37.0198,-2.98345,-3.01303,1.50606,-3,-3,1.5
37.0298,-2.98356,-3.01307,1.50603,-3,-3,1.5
37.0398,-2.98367,-3.01312,1.506,-3,-3,1.5
37.0498,-2.98378,-3.01316,1.50596,-3,-3,1.5
37.0598,-2.98389,-3.0132,1.50589,-3,-3,1.5
37.0698,-2.984,-3.01323,1.50583,-3,-3,1.5
37.0798,-2.98412,-3.01327,1.50578,-3,-3,1.5
37.0898,-2.98423,-3.0133,1.50571,-3,-3,1.5
37.0998,-2.98434,-3.01333,1.50563,-3,-3,1.5
37.1098,-2.98446,-3.01336,1.50556,-3,-3,1.5
37.1198,-2.98457,-3.01339,1.50551,-3,-3,1.5
37.1298,-2.98469,-3.01342,1.50549,-3,-3,1.5
37.1398,-2.9848,-3.01344,1.50547,-3,-3,1.5
37.1498,-2.98491,-3.01347,1.50543,-3,-3,1.5
37.1598,-2.98502,-3.01349,1.5054,-3,-3,1.5
37.1698,-2.98513,-3.01351,1.50538,-3,-3,1.5
37.1798,-2.98524,-3.01354,1.50535,-3,-3,1.5
37.1898,-2.98535,-3.01356,1.50532,-3,-3,1.5
37.1998,-2.98545,-3.01358,1.50529,-3,-3,1.5
37.2098,-2.98556,-3.01359,1.50526,-3,-3,1.5
37.2198,-2.98566,-3.01361,1.50523,-3,-3,1.5
37.2298,-2.98576,-3.01363,1.5052,-3,-3,1.5
37.2398,-2.98586,-3.01364,1.50517,-3,-3,1.5
37.2498,-2.98596,-3.01366,1.50514,-3,-3,1.5
37.2598,-2.98605,-3.01367,1.50513,-3,-3,1.5
37.2698,-2.98614,-3.01368,1.50514,-3,-3,1.5
37.2798,-2.98624,-3.01369,1.50515,-3,-3,1.5
37.2897,-2.98633,-3.0137,1.50517,-3,-3,1.5
37.2997,-2.98642,-3.01371,1.50521,-3,-3,1.5
37.3097,-2.98651,-3.01372,1.50526,-3,-3,1.5
37.3197,-2.9866,-3.01373,1.50531,-3,-3,1.5
37.3297,-2.98669,-3.01374,1.50533,-3,-3,1.5
37.3397,-2.98678,-3.01374,1.50534,-3,-3,1.5
37.3497,-2.98687,-3.01375,1.50535,-3,-3,1.5
37.3597,-2.98696,-3.01375,1.50536,-3,-3,1.5
37.3697,-2.98705,-3.01376,1.50536,-3,-3,1.5
37.3797,-2.98714,-3.01376,1.50536,-3,-3,1.5
37.3897,-2.98723,-3.01377,1.50535,-3,-3,1.5
37.3997,-2.98732,-3.01377,1.50535,-3,-3,1.5
37.4097,-2.98741,-3.01378,1.50535,-3,-3,1.5
37.4197,-2.9875,-3.01378,1.50535,-3,-3,1.5
37.4297,-2.98759,-3.01378,1.50536,-3,-3,1.5
37.4397,-2.98768,-3.01379,1.50536,-3,-3,1.5
37.4497,-2.98777,-3.01379,1.50534,-3,-3,1.5
37.4597,-2.98786,-3.01379,1.50531,-3,-3,1.5
37.4697,-2.98796,-3.01379,1.50528,-3,-3,1.5
37.4797,-2.98805,-3.01379,1.50526,-3,-3,1.5
37.4897,-2.98815,-3.01379,1.50524,-3,-3,1.5
37.4997,-2.98825,-3.01379,1.50522,-3,-3,1.5
37.5097,-2.98835,-3.01379,1.5052,-3,-3,1.5
37.5197,-2.98845,-3.01379,1.50519,-3,-3,1.5
37.5297,-2.98855,-3.01379,1.50518,-3,-3,1.5
37.5397,-2.98866,-3.01379,1.50516,-3,-3,1.5
37.5497,-2.98876,-3.01379,1.50514,-3,-3,1.5
37.5597,-2.98887,-3.01379,1.50514,-3,-3,1.5
37.5697,-2.98898,-3.0138,1.50515,-3,-3,1.5
37.5797,-2.98909,-3.0138,1.50516,-3,-3,1.5
37.5897,-2.9892,-3.0138,1.50518,-3,-3,1.5
37.5997,-2.98931,-3.01381,1.50522,-3,-3,1.5
37.6097,-2.98942,-3.01381,1.50525,-3,-3,1.5
37.6197,-2.98953,-3.01381,1.50525,-3,-3,1.5
37.6297,-2.98963,-3.01382,1.50526,-3,-3,1.5
37.6397,-2.98974,-3.01382,1.50526,-3,-3,1.5
37.6497,-2.98984,-3.01383,1.50526,-3,-3,1.5
37.6597,-2.98995,-3.01383,1.50526,-3,-3,1.5
37.6697,-2.99005,-3.01383,1.50526,-3,-3,1.5
37.6797,-2.99015,-3.01384,1.50526,-3,-3,1.5
37.6897,-2.99025,-3.01384,1.50526,-3,-3,1.5
37.6997,-2.99035,-3.01384,1.50526,-3,-3,1.5
37.7097,-2.99044,-3.01384,1.50526,-3,-3,1.5
37.7197,-2.99054,-3.01384,1.50525,-3,-3,1.5
37.7297,-2.99063,-3.01385,1.50524,-3,-3,1.5
37.7397,-2.99072,-3.01385,1.50523,-3,-3,1.5
37.7497,-2.99081,-3.01385,1.50522,-3,-3,1.5
37.7597,-2.9909,-3.01385,1.50521,-3,-3,1.5
37.7697,-2.99098,-3.01385,1.50521,-3,-3,1.5
37.7797,-2.99107,-3.01385,1.5052,-3,-3,1.5
37.7897,-2.99115,-3.01385,1.5052,-3,-3,1.5
37.7997,-2.99123,-3.01385,1.5052,-3,-3,1.5
37.8097,-2.99131,-3.01385,1.5052,-3,-3,1.5
37.8197,-2.99139,-3.01385,1.50521,-3,-3,1.5
37.8297,-2.99147,-3.01385,1.50522,-3,-3,1.5
37.8397,-2.99155,-3.01385,1.50525,-3,-3,1.5
37.8497,-2.99163,-3.01385,1.50527,-3,-3,1.5
37.8597,-2.99171,-3.01385,1.50531,-3,-3,1.5
37.8697,-2.99178,-3.01385,1.50534,-3,-3,1.5
37.8797,-2.99186,-3.01386,1.50538,-3,-3,1.5
37.8896,-2.99194,-3.01386,1.50541,-3,-3,1.5
37.8996,-2.99202,-3.01387,1.50544,-3,-3,1.5
37.9096,-2.99209,-3.01387,1.50547,-3,-3,1.5
37.9196,-2.99217,-3.01388,1.50549,-3,-3,1.5
37.9296,-2.99225,-3.01389,1.50552,-3,-3,1.5
37.9396,-2.99233,-3.0139,1.50555,-3,-3,1.5
37.9496,-2.99241,-3.01391,1.50558,-3,-3,1.5
37.9596,-2.9925,-3.01392,1.50562,-3,-3,1.5
37.9696,-2.99258,-3.01393,1.50565,-3,-3,1.5
37.9796,-2.99266,-3.01394,1.50568,-3,-3,1.5
37.9896,-2.99275,-3.01395,1.50571,-3,-3,1.5
37.9996,-2.99284,-3.01397,1.50573,-3,-3,1.5
38.0096,-2.99293,-3.01398,1.50575,-3,-3,1.5
38.0196,-2.99302,-3.014,1.50575,-3,-3,1.5
38.0296,-2.99311,-3.01402,1.50576,-3,-3,1.5
38.0396,-2.99321,-3.01404,1.50576,-3,-3,1.5
38.0496,-2.9933,-3.01406,1.50576,-3,-3,1.5
38.0596,-2.99339,-3.01408,1.50576,-3,-3,1.5
38.0696,-2.99349,-3.01411,1.50575,-3,-3,1.5
38.0796,-2.99358,-3.01413,1.50574,-3,-3,1.5
38.0896,-2.99367,-3.01416,1.50574,-3,-3,1.5
38.0996,-2.99376,-3.01418,1.50573,-3,-3,1.5
38.1096,-2.99385,-3.01421,1.50574,-3,-3,1.5
38.1196,-2.99394,-3.01423,1.50573,-3,-3,1.5
38.1296,-2.99402,-3.01426,1.50573,-3,-3,1.5
38.1396,-2.9941,-3.01428,1.50572,-3,-3,1.5
38.1496,-2.99418,-3.01431,1.50572,-3,-3,1.5
38.1596,-2.99425,-3.01433,1.50573,-3,-3,1.5
38.1696,-2.99432,-3.01436,1.50576,-3,-3,1.5
38.1796,-2.99439,-3.01438,1.50578,-3,-3,1.5
38.1896,-2.99445,-3.01441,1.50579,-3,-3,1.5
38.1996,-2.99451,-3.01443,1.50581,-3,-3,1.5
38.2096,-2.99457,-3.01445,1.50582,-3,-3,1.5
38.2196,-2.99463,-3.01447,1.50584,-3,-3,1.5
38.2296,-2.99469,-3.01449,1.50586,-3,-3,1.5
38.2396,-2.99474,-3.01452,1.50587,-3,-3,1.5
38.2496,-2.9948,-3.01453,1.50587,-3,-3,1.5
38.2596,-2.99485,-3.01455,1.50587,-3,-3,1.5
38.2696,-2.9949,-3.01457,1.50586,-3,-3,1.5
38.2796,-2.99495,-3.01459,1.50585,-3,-3,1.5
38.2896,-2.99499,-3.01461,1.50585,-3,-3,1.5
38.2996,-2.99504,-3.01462,1.50584,-3,-3,1.5
38.3096,-2.99508,-3.01464,1.50584,-3,-3,1.5
38.3196,-2.99512,-3.01465,1.50584,-3,-3,1.5
38.3296,-2.99515,-3.01467,1.50584,-3,-3,1.5
38.3396,-2.99518,-3.01468,1.50584,-3,-3,1.5
38.3496,-2.99521,-3.0147,1.50585,-3,-3,1.5
38.3596,-2.99523,-3.01471,1.50585,-3,-3,1.5
38.3696,-2.99525,-3.01472,1.50588,-3,-3,1.5
38.3796,-2.99527,-3.01473,1.50592,-3,-3,1.5
38.3896,-2.99528,-3.01474,1.50596,-3,-3,1.5
38.3996,-2.99529,-3.01475,1.50599,-3,-3,1.5
38.4096,-2.9953,-3.01476,1.50603,-3,-3,1.5
38.4196,-2.9953,-3.01477,1.50606,-3,-3,1.5
38.4296,-2.9953,-3.01478,1.50609,-3,-3,1.5
38.4396,-2.99531,-3.01479,1.50613,-3,-3,1.5
38.4496,-2.99531,-3.0148,1.50616,-3,-3,1.5
38.4596,-2.99531,-3.0148,1.50619,-3,-3,1.5
38.4696,-2.99531,-3.01481,1.50623,-3,-3,1.5
38.4795,-2.99531,-3.01482,1.50625,-3,-3,1.5
38.4895,-2.99531,-3.01482,1.50627,-3,-3,1.5
38.4995,-2.99531,-3.01483,1.50629,-3,-3,1.5
38.5095,-2.99531,-3.01483,1.5063,-3,-3,1.5
38.5195,-2.99531,-3.01484,1.5063,-3,-3,1.5
38.5295,-2.9953,-3.01484,1.50631,-3,-3,1.5
38.5395,-2.9953,-3.01484,1.50632,-3,-3,1.5
38.5495,-2.9953,-3.01485,1.50634,-3,-3,1.5
38.5595,-2.99529,-3.01485,1.50638,-3,-3,1.5
38.5695,-2.99528,-3.01485,1.50642,-3,-3,1.5
38.5795,-2.99527,-3.01485,1.50646,-3,-3,1.5
38.5895,-2.99526,-3.01485,1.5065,-3,-3,1.5
38.5995,-2.99525,-3.01485,1.50653,-3,-3,1.5
38.6095,-2.99523,-3.01485,1.50655,-3,-3,1.5
38.6195,-2.99522,-3.01485,1.50658,-3,-3,1.5
38.6295,-2.9952,-3.01485,1.5066,-3,-3,1.5
38.6395,-2.99518,-3.01485,1.50664,-3,-3,1.5
38.6495,-2.99515,-3.01485,1.50667,-3,-3,1.5
38.6595,-2.99513,-3.01485,1.50669,-3,-3,1.5
38.6695,-2.9951,-3.01485,1.5067,-3,-3,1.5
38.6795,-2.99508,-3.01485,1.50671,-3,-3,1.5
38.6895,-2.99505,-3.01484,1.50673,-3,-3,1.5
38.6995,-2.99501,-3.01484,1.50675,-3,-3,1.5
38.7095,-2.99498,-3.01483,1.50677,-3,-3,1.5
38.7195,-2.99494,-3.01483,1.5068,-3,-3,1.5
38.7295,-2.99491,-3.01482,1.50683,-3,-3,1.5
38.7395,-2.99487,-3.01482,1.50686,-3,-3,1.5
38.7495,-2.99483,-3.01481,1.50687,-3,-3,1.5
38.7595,-2.99478,-3.0148,1.50688,-3,-3,1.5
38.7695,-2.99474,-3.01479,1.50689,-3,-3,1.5
38.7795,-2.99469,-3.01478,1.50689,-3,-3,1.5
38.7895,-2.99465,-3.01477,1.5069,-3,-3,1.5
38.7995,-2.9946,-3.01476,1.5069,-3,-3,1.5
38.8095,-2.99455,-3.01475,1.50691,-3,-3,1.5
38.8195,-2.9945,-3.01474,1.50692,-3,-3,1.5
38.8295,-2.99444,-3.01473,1.50694,-3,-3,1.5
38.8395,-2.99439,-3.01472,1.50697,-3,-3,1.5
38.8495,-2.99433,-3.01471,1.50699,-3,-3,1.5
38.8595,-2.99427,-3.0147,1.50701,-3,-3,1.5
38.8695,-2.99421,-3.01469,1.50703,-3,-3,1.5
38.8795,-2.99414,-3.01468,1.50705,-3,-3,1.5
38.8895,-2.99408,-3.01467,1.50707,-3,-3,1.5
38.8995,-2.99401,-3.01465,1.5071,-3,-3,1.5
38.9095,-2.99395,-3.01464,1.50714,-3,-3,1.5
38.9195,-2.99388,-3.01463,1.50717,-3,-3,1.5
38.9295,-2.99381,-3.01461,1.50721,-3,-3,1.5
38.9395,-2.99374,-3.0146,1.50725,-3,-3,1.5
38.9495,-2.99366,-3.01458,1.50729,-3,-3,1.5
38.9595,-2.99359,-3.01457,1.50733,-3,-3,1.5
38.9695,-2.99352,-3.01455,1.50737,-3,-3,1.5
38.9795,-2.99344,-3.01453,1.50741,-3,-3,1.5
38.9895,-2.99336,-3.01452,1.50744,-3,-3,1.5
38.9995,-2.99328,-3.0145,1.50747,-3,-3,1.5
39.0095,-2.9932,-3.01449,1.5075,-3,-3,1.5
39.0195,-2.99312,-3.01447,1.50754,-3,-3,1.5
39.0295,-2.99304,-3.01445,1.50757,-3,-3,1.5
39.0395,-2.99296,-3.01443,1.50758,-3,-3,1.5
39.0495,-2.99288,-3.01442,1.50757,-3,-3,1.5
39.0595,-2.9928,-3.0144,1.50754,-3,-3,1.5
39.0695,-2.99272,-3.01438,1.50751,-3,-3,1.5
39.0794,-2.99264,-3.01436,1.50747,-3,-3,1.5
39.0894,-2.99255,-3.01435,1.50744,-3,-3,1.5
39.0994,-2.99248,-3.01433,1.50739,-3,-3,1.5
39.1094,-2.9924,-3.01431,1.50733,-3,-3,1.5
39.1194,-2.99232,-3.0143,1.50725,-3,-3,1.5
39.1294,-2.99224,-3.01428,1.50712,-3,-3,1.5
39.1394,-2.99216,-3.01426,1.50704,-3,-3,1.5
39.1494,-2.99209,-3.01425,1.50701,-3,-3,1.5
39.1594,-2.99201,-3.01423,1.50698,-3,-3,1.5
39.1694,-2.99194,-3.01422,1.50698,-3,-3,1.5
39.1794,-2.99186,-3.0142,1.50704,-3,-3,1.5
39.1894,-2.99179,-3.01418,1.50709,-3,-3,1.5
39.1994,-2.99172,-3.01416,1.50709,-3,-3,1.5
39.2094,-2.99165,-3.01414,1.50711,-3,-3,1.5
39.2194,-2.99158,-3.01413,1.50712,-3,-3,1.5
39.2294,-2.99152,-3.01411,1.50712,-3,-3,1.5
39.2394,-2.99146,-3.0141,1.5071,-3,-3,1.5
39.2494,-2.99139,-3.01408,1.50711,-3,-3,1.5
39.2594,-2.99133,-3.01407,1.50712,-3,-3,1.5
39.2694,-2.99128,-3.01406,1.50709,-3,-3,1.5
39.2794,-2.99122,-3.01405,1.50705,-3,-3,1.5
39.2894,-2.99117,-3.01404,1.50704,-3,-3,1.5
39.2994,-2.99111,-3.01404,1.50706,-3,-3,1.5
39.3094,-2.99105,-3.01403,1.50706,-3,-3,1.5
39.3194,-2.991,-3.01402,1.50704,-3,-3,1.5
39.3294,-2.99094,-3.01402,1.50702,-3,-3,1.5
39.3394,-2.99088,-3.01401,1.50702,-3,-3,1.5
39.3494,-2.99083,-3.01401,1.50703,-3,-3,1.5
39.3594,-2.99077,-3.014,1.50705,-3,-3,1.5
39.3694,-2.9907,-3.014,1.50708,-3,-3,1.5
39.3794,-2.99064,-3.01399,1.50711,-3,-3,1.5
39.3894,-2.99057,-3.01398,1.50714,-3,-3,1.5
39.3994,-2.99051,-3.01398,1.50717,-3,-3,1.5
39.4094,-2.99044,-3.01397,1.50719,-3,-3,1.5
39.4194,-2.99036,-3.01396,1.50721,-3,-3,1.5
39.4294,-2.99029,-3.01395,1.50723,-3,-3,1.5
39.4394,-2.99022,-3.01393,1.50725,-3,-3,1.5
39.4494,-2.99014,-3.01392,1.50727,-3,-3,1.5
39.4594,-2.99006,-3.01391,1.50728,-3,-3,1.5
39.4694,-2.98998,-3.01389,1.50729,-3,-3,1.5
39.4794,-2.9899,-3.01388,1.5073,-3,-3,1.5
39.4894,-2.98982,-3.01386,1.50731,-3,-3,1.5
39.4994,-2.98974,-3.01385,1.50734,-3,-3,1.5
39.5094,-2.98966,-3.01383,1.50738,-3,-3,1.5
39.5194,-2.98958,-3.01382,1.50741,-3,-3,1.5
39.5294,-2.9895,-3.0138,1.50745,-3,-3,1.5
39.5394,-2.98941,-3.01379,1.50748,-3,-3,1.5
39.5494,-2.98933,-3.01377,1.50751,-3,-3,1.5
39.5594,-2.98924,-3.01376,1.50754,-3,-3,1.5
39.5694,-2.98916,-3.01375,1.50757,-3,-3,1.5
39.5794,-2.98907,-3.01373,1.50759,-3,-3,1.5
39.5894,-2.98899,-3.01372,1.50761,-3,-3,1.5
39.5994,-2.9889,-3.01371,1.50764,-3,-3,1.5
39.6094,-2.98881,-3.0137,1.50766,-3,-3,1.5
39.6194,-2.98872,-3.01368,1.50768,-3,-3,1.5
39.6294,-2.98864,-3.01367,1.50769,-3,-3,1.5
39.6394,-2.98855,-3.01366,1.50771,-3,-3,1.5
39.6494,-2.98846,-3.01364,1.50772,-3,-3,1.5
39.6594,-2.98837,-3.01363,1.50773,-3,-3,1.5
39.6693,-2.98829,-3.01362,1.50774,-3,-3,1.5
39.6793,-2.9882,-3.0136,1.50774,-3,-3,1.5
39.6893,-2.98811,-3.01359,1.50776,-3,-3,1.5
39.6993,-2.98802,-3.01358,1.50777,-3,-3,1.5
39.7093,-2.98794,-3.01356,1.50779,-3,-3,1.5
39.7193,-2.98785,-3.01355,1.50781,-3,-3,1.5
39.7293,-2.98776,-3.01353,1.50782,-3,-3,1.5
39.7393,-2.98767,-3.01352,1.50783,-3,-3,1.5
39.7493,-2.98758,-3.0135,1.50785,-3,-3,1.5
39.7593,-2.98749,-3.01348,1.50785,-3,-3,1.5
39.7693,-2.9874,-3.01347,1.50786,-3,-3,1.5
39.7793,-2.9873,-3.01345,1.50787,-3,-3,1.5
39.7893,-2.98721,-3.01343,1.50786,-3,-3,1.5
39.7993,-2.98712,-3.01341,1.50786,-3,-3,1.5
39.8093,-2.98702,-3.01339,1.50786,-3,-3,1.5
39.8193,-2.98693,-3.01337,1.50786,-3,-3,1.5
39.8293,-2.98683,-3.01335,1.50786,-3,-3,1.5
39.8393,-2.98673,-3.01333,1.50786,-3,-3,1.5
39.8493,-2.98663,-3.01331,1.50785,-3,-3,1.5
39.8593,-2.98654,-3.01329,1.50784,-3,-3,1.5
39.8693,-2.98644,-3.01327,1.50783,-3,-3,1.5
39.8793,-2.98634,-3.01324,1.50783,-3,-3,1.5
39.8893,-2.98624,-3.01322,1.50782,-3,-3,1.5
39.8993,-2.98614,-3.0132,1.50781,-3,-3,1.5
39.9093,-2.98604,-3.01318,1.50779,-3,-3,1.5
39.9193,-2.98595,-3.01316,1.50778,-3,-3,1.5
39.9293,-2.98585,-3.01313,1.50777,-3,-3,1.5
39.9393,-2.98575,-3.01311,1.50777,-3,-3,1.5
39.9493,-2.98566,-3.01309,1.50777,-3,-3,1.5
39.9593,-2.98557,-3.01307,1.50776,-3,-3,1.5
39.9693,-2.98547,-3.01305,1.50776,-3,-3,1.5
39.9793,-2.98538,-3.01303,1.50775,-3,-3,1.5
39.9893,-2.9853,-3.013,1.50774,-3,-3,1.5
39.9993,-2.98521,-3.01298,1.50773,-3,-3,1.5
40.0093,-2.98512,-3.01296,1.50772,-3,-3,1.5
40.0193,-2.98504,-3.01294,1.5077,-3,-3,1.5
40.0293,-2.98495,-3.01292,1.50769,-3,-3,1.5
40.0393,-2.98487,-3.0129,1.50767,-3,-3,1.5
40.0493,-2.98479,-3.01288,1.50766,-3,-3,1.5
40.0593,-2.98471,-3.01286,1.50765,-3,-3,1.5
40.0693,-2.98464,-3.01284,1.50764,-3,-3,1.5
40.0793,-2.98456,-3.01282,1.50763,-3,-3,1.5
40.0893,-2.98449,-3.01281,1.50763,-3,-3,1.5
40.0993,-2.98442,-3.01279,1.50763,-3,-3,1.5
40.1093,-2.98436,-3.01277,1.50765,-3,-3,1.5
40.1193,-2.9843,-3.01276,1.5077,-3,-3,1.5
40.1293,-2.98424,-3.01274,1.50773,-3,-3,1.5
40.1393,-2.98418,-3.01273,1.50776,-3,-3,1.5
40.1493,-2.98413,-3.01272,1.50779,-3,-3,1.5
40.1593,-2.98408,-3.0127,1.50783,-3,-3,1.5
40.1693,-2.98403,-3.01269,1.50786,-3,-3,1.5
40.1793,-2.98399,-3.01268,1.50787,-3,-3,1.5
40.1893,-2.98395,-3.01268,1.50788,-3,-3,1.5
40.1993,-2.9839,-3.01267,1.50789,-3,-3,1.5
40.2093,-2.98386,-3.01266,1.50789,-3,-3,1.5
40.2193,-2.98382,-3.01265,1.50789,-3,-3,1.5
40.2293,-2.98378,-3.01265,1.50789,-3,-3,1.5
40.2393,-2.98374,-3.01264,1.50788,-3,-3,1.5
40.2493,-2.98371,-3.01264,1.50788,-3,-3,1.5
40.2593,-2.98367,-3.01263,1.50788,-3,-3,1.5
40.2692,-2.98363,-3.01262,1.50787,-3,-3,1.5
40.2792,-2.98359,-3.01262,1.50786,-3,-3,1.5
40.2892,-2.98355,-3.01261,1.50784,-3,-3,1.5
40.2992,-2.98351,-3.01261,1.50783,-3,-3,1.5
40.3092,-2.98347,-3.0126,1.50783,-3,-3,1.5
40.3192,-2.98344,-3.01259,1.50782,-3,-3,1.5
40.3292,-2.9834,-3.01259,1.50781,-3,-3,1.5
40.3392,-2.98336,-3.01258,1.5078,-3,-3,1.5
40.3492,-2.98332,-3.01258,1.50778,-3,-3,1.5
40.3592,-2.98329,-3.01257,1.50776,-3,-3,1.5
40.3692,-2.98325,-3.01257,1.50775,-3,-3,1.5
40.3792,-2.98322,-3.01256,1.50776,-3,-3,1.5
40.3892,-2.98318,-3.01255,1.50777,-3,-3,1.5
40.3992,-2.98315,-3.01255,1.50778,-3,-3,1.5
40.4092,-2.98311,-3.01255,1.50779,-3,-3,1.5
40.4192,-2.98308,-3.01254,1.50779,-3,-3,1.5
40.4292,-2.98305,-3.01254,1.5078,-3,-3,1.5
40.4392,-2.98302,-3.01254,1.50781,-3,-3,1.5
40.4492,-2.983,-3.01253,1.50782,-3,-3,1.5
40.4592,-2.98297,-3.01253,1.50783,-3,-3,1.5
40.4692,-2.98295,-3.01253,1.50784,-3,-3,1.5
40.4792,-2.98293,-3.01253,1.50784,-3,-3,1.5
40.4892,-2.98292,-3.01252,1.50783,-3,-3,1.5
40.4992,-2.9829,-3.01252,1.5078,-3,-3,1.5
40.5092,-2.9829,-3.01252,1.50777,-3,-3,1.5
40.5192,-2.98289,-3.01252,1.50776,-3,-3,1.5
40.5292,-2.98289,-3.01252,1.50774,-3,-3,1.5
40.5392,-2.98289,-3.01251,1.50774,-3,-3,1.5
40.5492,-2.9829,-3.01251,1.50774,-3,-3,1.5
40.5592,-2.98291,-3.01251,1.50775,-3,-3,1.5
40.5692,-2.98292,-3.0125,1.50776,-3,-3,1.5
40.5792,-2.98294,-3.01249,1.50777,-3,-3,1.5
40.5892,-2.98296,-3.01249,1.50778,-3,-3,1.5
40.5992,-2.98298,-3.01248,1.5078,-3,-3,1.5
40.6092,-2.983,-3.01248,1.50783,-3,-3,1.5
40.6192,-2.98303,-3.01247,1.50786,-3,-3,1.5
40.6292,-2.98305,-3.01246,1.5079,-3,-3,1.5
40.6392,-2.98308,-3.01246,1.50794,-3,-3,1.5
40.6492,-2.98311,-3.01246,1.50797,-3,-3,1.5
40.6592,-2.98314,-3.01245,1.50799,-3,-3,1.5
40.6692,-2.98318,-3.01245,1.50801,-3,-3,1.5
40.6792,-2.98321,-3.01245,1.50802,-3,-3,1.5
40.6892,-2.98325,-3.01246,1.50803,-3,-3,1.5
40.6992,-2.98329,-3.01246,1.50803,-3,-3,1.5
40.7092,-2.98332,-3.01246,1.50803,-3,-3,1.5
40.7192,-2.98336,-3.01247,1.50803,-3,-3,1.5
40.7292,-2.9834,-3.01248,1.50802,-3,-3,1.5
40.7392,-2.98344,-3.01248,1.50801,-3,-3,1.5
40.7492,-2.98347,-3.01249,1.508,-3,-3,1.5
40.7592,-2.98351,-3.0125,1.50799,-3,-3,1.5
40.7692,-2.98355,-3.0125,1.50796,-3,-3,1.5
40.7792,-2.98358,-3.01251,1.50793,-3,-3,1.5
40.7892,-2.98362,-3.01252,1.5079,-3,-3,1.5
40.7992,-2.98366,-3.01253,1.50787,-3,-3,1.5
40.8092,-2.98369,-3.01253,1.50784,-3,-3,1.5
40.8192,-2.98373,-3.01254,1.50781,-3,-3,1.5
40.8292,-2.98376,-3.01255,1.50778,-3,-3,1.5
40.8392,-2.9838,-3.01256,1.50775,-3,-3,1.5
40.8492,-2.98383,-3.01256,1.50771,-3,-3,1.5
40.8591,-2.98387,-3.01257,1.50768,-3,-3,1.5
40.8691,-2.9839,-3.01257,1.50765,-3,-3,1.5
40.8791,-2.98393,-3.01258,1.50763,-3,-3,1.5
40.8891,-2.98397,-3.01258,1.50759,-3,-3,1.5
40.8991,-2.984,-3.01258,1.50756,-3,-3,1.5
40.9091,-2.98403,-3.01259,1.50752,-3,-3,1.5
40.9191,-2.98407,-3.01259,1.50749,-3,-3,1.5
40.9291,-2.9841,-3.01259,1.50745,-3,-3,1.5
40.9391,-2.98413,-3.01259,1.50742,-3,-3,1.5
40.9491,-2.98417,-3.0126,1.50739,-3,-3,1.5
40.9591,-2.9842,-3.0126,1.50736,-3,-3,1.5
40.9691,-2.98423,-3.0126,1.50733,-3,-3,1.5
40.9791,-2.98427,-3.0126,1.5073,-3,-3,1.5
40.9891,-2.9843,-3.01259,1.50725,-3,-3,1.5
40.9991,-2.98434,-3.01259,1.50719,-3,-3,1.5
41.0091,-2.98437,-3.01259,1.50714,-3,-3,1.5
41.0191,-2.98441,-3.01259,1.50711,-3,-3,1.5
41.0291,-2.98445,-3.01258,1.50708,-3,-3,1.5
41.0391,-2.98449,-3.01258,1.50704,-3,-3,1.5
41.0491,-2.98453,-3.01257,1.50701,-3,-3,1.5
41.0591,-2.98457,-3.01256,1.50697,-3,-3,1.5
41.0691,-2.98461,-3.01255,1.50694,-3,-3,1.5
41.0791,-2.98465,-3.01255,1.5069,-3,-3,1.5
41.0891,-2.98469,-3.01254,1.50687,-3,-3,1.5
41.0991,-2.98474,-3.01253,1.50684,-3,-3,1.5
41.1091,-2.98478,-3.01252,1.5068,-3,-3,1.5
41.1191,-2.98482,-3.0125,1.50675,-3,-3,1.5
41.1291,-2.98487,-3.01249,1.50667,-3,-3,1.5
41.1391,-2.98491,-3.01248,1.50658,-3,-3,1.5
41.1491,-2.98496,-3.01246,1.50651,-3,-3,1.5
41.1591,-2.985,-3.01245,1.50644,-3,-3,1.5
41.1691,-2.98505,-3.01243,1.50639,-3,-3,1.5
41.1791,-2.9851,-3.01241,1.50637,-3,-3,1.5
41.1891,-2.98514,-3.01239,1.50637,-3,-3,1.5
41.1991,-2.98518,-3.01236,1.50639,-3,-3,1.5
41.2091,-2.98523,-3.01234,1.50643,-3,-3,1.5
41.2191,-2.98527,-3.01232,1.50646,-3,-3,1.5
41.2291,-2.98532,-3.01229,1.50647,-3,-3,1.5
41.2391,-2.98536,-3.01227,1.50647,-3,-3,1.5
41.2491,-2.9854,-3.01225,1.50645,-3,-3,1.5
41.2591,-2.98544,-3.01222,1.50644,-3,-3,1.5
41.2691,-2.98549,-3.0122,1.50642,-3,-3,1.5
41.2791,-2.98552,-3.01217,1.5064,-3,-3,1.5
41.2891,-2.98556,-3.01215,1.50638,-3,-3,1.5
41.2991,-2.9856,-3.01213,1.50637,-3,-3,1.5
41.3091,-2.98564,-3.0121,1.50635,-3,-3,1.5
41.3191,-2.98567,-3.01208,1.50633,-3,-3,1.5
41.3291,-2.98571,-3.01206,1.50629,-3,-3,1.5
41.3391,-2.98575,-3.01203,1.50625,-3,-3,1.5
41.3491,-2.98578,-3.01201,1.50621,-3,-3,1.5
41.3591,-2.98582,-3.01198,1.50621,-3,-3,1.5
41.3691,-2.98586,-3.01196,1.50624,-3,-3,1.5
41.3791,-2.9859,-3.01194,1.50627,-3,-3,1.5
41.3891,-2.98594,-3.01191,1.50629,-3,-3,1.5
41.3991,-2.98598,-3.01189,1.50631,-3,-3,1.5
41.4091,-2.98602,-3.01188,1.50634,-3,-3,1.5
41.4191,-2.98607,-3.01186,1.50639,-3,-3,1.5
41.4291,-2.98611,-3.01185,1.50646,-3,-3,1.5
41.4391,-2.98616,-3.01184,1.50651,-3,-3,1.5
41.4491,-2.98621,-3.01183,1.50654,-3,-3,1.5
41.459,-2.98626,-3.01183,1.50659,-3,-3,1.5
41.469,-2.98631,-3.01183,1.50663,-3,-3,1.5
41.479,-2.98636,-3.01183,1.50666,-3,-3,1.5
41.489,-2.98641,-3.01184,1.50668,-3,-3,1.5
41.499,-2.98646,-3.01185,1.50671,-3,-3,1.5
41.509,-2.9865,-3.01186,1.50676,-3,-3,1.5
41.519,-2.98655,-3.01187,1.50678,-3,-3,1.5
41.529,-2.9866,-3.01188,1.50679,-3,-3,1.5
41.539,-2.98665,-3.01189,1.50677,-3,-3,1.5
41.549,-2.9867,-3.01191,1.50675,-3,-3,1.5
41.559,-2.98675,-3.01192,1.50674,-3,-3,1.5
41.569,-2.9868,-3.01194,1.50672,-3,-3,1.5
41.579,-2.98685,-3.01195,1.5067,-3,-3,1.5
41.589,-2.9869,-3.01197,1.50671,-3,-3,1.5
41.599,-2.98696,-3.01199,1.50673,-3,-3,1.5
41.609,-2.98702,-3.01201,1.50675,-3,-3,1.5
41.619,-2.98707,-3.01203,1.50677,-3,-3,1.5
41.629,-2.98713,-3.01205,1.50678,-3,-3,1.5
41.639,-2.98719,-3.01208,1.50678,-3,-3,1.5
41.649,-2.98724,-3.0121,1.50678,-3,-3,1.5
41.659,-2.9873,-3.01213,1.50679,-3,-3,1.5
41.669,-2.98735,-3.01217,1.50681,-3,-3,1.5
41.679,-2.9874,-3.0122,1.50681,-3,-3,1.5
41.689,-2.98745,-3.01223,1.50677,-3,-3,1.5
41.699,-2.98751,-3.01227,1.50674,-3,-3,1.5
41.709,-2.98756,-3.0123,1.50669,-3,-3,1.5
41.719,-2.98761,-3.01234,1.50662,-3,-3,1.5
41.729,-2.98766,-3.01237,1.50656,-3,-3,1.5
41.739,-2.98771,-3.01241,1.50649,-3,-3,1.5
41.749,-2.98776,-3.01244,1.50642,-3,-3,1.5
41.759,-2.98781,-3.01246,1.50636,-3,-3,1.5
41.769,-2.98787,-3.01249,1.50631,-3,-3,1.5
41.779,-2.98792,-3.01251,1.50626,-3,-3,1.5
41.789,-2.98797,-3.01253,1.50623,-3,-3,1.5
41.799,-2.98802,-3.01255,1.5062,-3,-3,1.5
41.809,-2.98807,-3.01257,1.50617,-3,-3,1.5
41.819,-2.98812,-3.01258,1.50613,-3,-3,1.5
41.829,-2.98817,-3.01259,1.5061,-3,-3,1.5
41.839,-2.98822,-3.01261,1.50607,-3,-3,1.5
41.849,-2.98827,-3.01262,1.50604,-3,-3,1.5
41.859,-2.98832,-3.01262,1.50601,-3,-3,1.5
41.869,-2.98837,-3.01263,1.50598,-3,-3,1.5
41.879,-2.98842,-3.01264,1.50595,-3,-3,1.5
41.889,-2.98847,-3.01264,1.50592,-3,-3,1.5
41.899,-2.98852,-3.01265,1.50589,-3,-3,1.5
41.909,-2.98857,-3.01265,1.50586,-3,-3,1.5
41.919,-2.98862,-3.01265,1.50583,-3,-3,1.5
41.929,-2.98867,-3.01265,1.50578,-3,-3,1.5
41.939,-2.98872,-3.01266,1.50574,-3,-3,1.5
41.949,-2.98877,-3.01265,1.5057,-3,-3,1.5
41.959,-2.98882,-3.01265,1.50567,-3,-3,1.5
41.969,-2.98887,-3.01265,1.50563,-3,-3,1.5
41.979,-2.98892,-3.01265,1.5056,-3,-3,1.5
41.989,-2.98898,-3.01265,1.50561,-3,-3,1.5
41.999,-2.98903,-3.01264,1.50566,-3,-3,1.5
42.009,-2.98909,-3.01264,1.50568,-3,-3,1.5
42.019,-2.98915,-3.01264,1.5057,-3,-3,1.5
42.029,-2.98921,-3.01264,1.5057,-3,-3,1.5
42.039,-2.98927,-3.01264,1.50567,-3,-3,1.5
42.049,-2.98934,-3.01264,1.50565,-3,-3,1.5
42.0589,-2.9894,-3.01264,1.50563,-3,-3,1.5
42.0689,-2.98946,-3.01264,1.5056,-3,-3,1.5
42.0789,-2.98952,-3.01264,1.50558,-3,-3,1.5
42.0889,-2.98959,-3.01265,1.50556,-3,-3,1.5
42.0989,-2.98965,-3.01265,1.50555,-3,-3,1.5
42.1089,-2.98971,-3.01265,1.50553,-3,-3,1.5
42.1189,-2.98978,-3.01265,1.50551,-3,-3,1.5
42.1289,-2.98984,-3.01266,1.50549,-3,-3,1.5
42.1389,-2.9899,-3.01266,1.50546,-3,-3,1.5
42.1489,-2.98996,-3.01266,1.50544,-3,-3,1.5
42.1589,-2.99002,-3.01266,1.50541,-3,-3,1.5
42.1689,-2.99008,-3.01266,1.50538,-3,-3,1.5
42.1789,-2.99014,-3.01266,1.50535,-3,-3,1.5
42.1889,-2.9902,-3.01266,1.50532,-3,-3,1.5
42.1989,-2.99025,-3.01266,1.50529,-3,-3,1.5
42.2089,-2.99031,-3.01266,1.50527,-3,-3,1.5
42.2189,-2.99037,-3.01266,1.50525,-3,-3,1.5
42.2289,-2.99042,-3.01266,1.50522,-3,-3,1.5
42.2389,-2.99047,-3.01265,1.50519,-3,-3,1.5
42.2489,-2.99053,-3.01265,1.50517,-3,-3,1.5
42.2589,-2.99058,-3.01265,1.50514,-3,-3,1.5
42.2689,-2.99063,-3.01264,1.50511,-3,-3,1.5
42.2789,-2.99069,-3.01263,1.50507,-3,-3,1.5
42.2889,-2.99074,-3.01263,1.50503,-3,-3,1.5
42.2989,-2.99079,-3.01262,1.50499,-3,-3,1.5
42.3089,-2.99084,-3.01261,1.50494,-3,-3,1.5
42.3189,-2.99089,-3.0126,1.50488,-3,-3,1.5
42.3289,-2.99094,-3.01259,1.50485,-3,-3,1.5
42.3389,-2.99099,-3.01258,1.50482,-3,-3,1.5
42.3489,-2.99104,-3.01257,1.50479,-3,-3,1.5
42.3589,-2.99109,-3.01256,1.50476,-3,-3,1.5
42.3689,-2.99114,-3.01255,1.50474,-3,-3,1.5
42.3789,-2.99119,-3.01253,1.50472,-3,-3,1.5
42.3889,-2.99124,-3.01252,1.50469,-3,-3,1.5
42.3989,-2.99129,-3.0125,1.50466,-3,-3,1.5
42.4089,-2.99134,-3.01249,1.50463,-3,-3,1.5
42.4189,-2.99139,-3.01247,1.50459,-3,-3,1.5
42.4289,-2.99144,-3.01245,1.50456,-3,-3,1.5
42.4389,-2.99149,-3.01243,1.50453,-3,-3,1.5
42.4489,-2.99155,-3.01241,1.5045,-3,-3,1.5
42.4589,-2.9916,-3.01239,1.5045,-3,-3,1.5
42.4689,-2.99166,-3.01237,1.50454,-3,-3,1.5
42.4789,-2.99172,-3.01234,1.50456,-3,-3,1.5
42.4889,-2.99178,-3.01232,1.50459,-3,-3,1.5
42.4989,-2.99184,-3.0123,1.5046,-3,-3,1.5
42.5089,-2.9919,-3.01228,1.50458,-3,-3,1.5
42.5189,-2.99197,-3.01225,1.50454,-3,-3,1.5
42.5289,-2.99203,-3.01223,1.50451,-3,-3,1.5
42.5389,-2.99209,-3.01221,1.5045,-3,-3,1.5
42.5489,-2.99216,-3.01218,1.50451,-3,-3,1.5
42.5589,-2.99222,-3.01216,1.50451,-3,-3,1.5
42.5689,-2.99228,-3.01213,1.50451,-3,-3,1.5
42.5789,-2.99235,-3.01211,1.50451,-3,-3,1.5
42.5889,-2.99242,-3.01208,1.50451,-3,-3,1.5
42.5989,-2.99248,-3.01206,1.50451,-3,-3,1.5
42.6089,-2.99255,-3.01203,1.5045,-3,-3,1.5
42.6189,-2.99262,-3.01201,1.5045,-3,-3,1.5
42.6289,-2.9927,-3.01198,1.5045,-3,-3,1.5
42.6389,-2.99277,-3.01196,1.50451,-3,-3,1.5
42.6488,-2.99285,-3.01194,1.50451,-3,-3,1.5
42.6588,-2.99292,-3.01193,1.50451,-3,-3,1.5
42.6688,-2.993,-3.01191,1.5045,-3,-3,1.5
42.6788,-2.99308,-3.0119,1.50449,-3,-3,1.5
42.6888,-2.99316,-3.01189,1.50447,-3,-3,1.5
42.6988,-2.99324,-3.01189,1.50445,-3,-3,1.5
42.7088,-2.99332,-3.01188,1.50443,-3,-3,1.5
42.7188,-2.9934,-3.01188,1.5044,-3,-3,1.5
42.7288,-2.99348,-3.01188,1.50437,-3,-3,1.5
42.7388,-2.99355,-3.01187,1.50434,-3,-3,1.5
42.7488,-2.99363,-3.01187,1.5043,-3,-3,1.5
42.7588,-2.99371,-3.01187,1.50426,-3,-3,1.5
42.7688,-2.99378,-3.01187,1.50423,-3,-3,1.5
42.7788,-2.99386,-3.01187,1.5042,-3,-3,1.5
42.7888,-2.99393,-3.01187,1.50417,-3,-3,1.5
42.7988,-2.994,-3.01187,1.50415,-3,-3,1.5
42.8088,-2.99408,-3.01188,1.50412,-3,-3,1.5
42.8188,-2.99414,-3.01188,1.5041,-3,-3,1.5
42.8288,-2.99421,-3.01188,1.50408,-3,-3,1.5
42.8388,-2.99428,-3.01188,1.50406,-3,-3,1.5
42.8488,-2.99434,-3.01188,1.50405,-3,-3,1.5
42.8588,-2.9944,-3.01188,1.50403,-3,-3,1.5
42.8688,-2.99446,-3.01187,1.50401,-3,-3,1.5
42.8788,-2.99452,-3.01187,1.50402,-3,-3,1.5
42.8888,-2.99457,-3.01187,1.50404,-3,-3,1.5
42.8988,-2.99463,-3.01187,1.50405,-3,-3,1.5
42.9088,-2.99468,-3.01186,1.50407,-3,-3,1.5
42.9188,-2.99473,-3.01186,1.50408,-3,-3,1.5
42.9288,-2.99478,-3.01185,1.50408,-3,-3,1.5
42.9388,-2.99482,-3.01185,1.50408,-3,-3,1.5
42.9488,-2.99487,-3.01184,1.50407,-3,-3,1.5
42.9588,-2.99492,-3.01184,1.50406,-3,-3,1.5
42.9688,-2.99497,-3.01183,1.50405,-3,-3,1.5
42.9788,-2.99501,-3.01183,1.50404,-3,-3,1.5
42.9888,-2.99506,-3.01182,1.50403,-3,-3,1.5
42.9988,-2.99511,-3.01182,1.50402,-3,-3,1.5
43.0088,-2.99516,-3.01181,1.504,-3,-3,1.5
43.0188,-2.99521,-3.01181,1.50397,-3,-3,1.5
43.0288,-2.99526,-3.0118,1.50395,-3,-3,1.5
43.0388,-2.99531,-3.0118,1.50393,-3,-3,1.5
43.0488,-2.99536,-3.01179,1.50392,-3,-3,1.5
43.0588,-2.99542,-3.01179,1.50391,-3,-3,1.5
43.0688,-2.99547,-3.01178,1.5039,-3,-3,1.5
43.0788,-2.99553,-3.01178,1.50389,-3,-3,1.5
43.0888,-2.99559,-3.01178,1.5039,-3,-3,1.5
43.0988,-2.99565,-3.01178,1.50393,-3,-3,1.5
43.1088,-2.99572,-3.01178,1.50395,-3,-3,1.5
43.1188,-2.99578,-3.01178,1.50396,-3,-3,1.5
43.1288,-2.99585,-3.01178,1.50397,-3,-3,1.5
43.1388,-2.99591,-3.01178,1.50398,-3,-3,1.5
43.1488,-2.99598,-3.01178,1.50399,-3,-3,1.5
43.1588,-2.99605,-3.01179,1.504,-3,-3,1.5
43.1688,-2.99612,-3.01179,1.50399,-3,-3,1.5
43.1788,-2.99619,-3.01179,1.50399,-3,-3,1.5
43.1888,-2.99626,-3.0118,1.50398,-3,-3,1.5
43.1988,-2.99633,-3.0118,1.50397,-3,-3,1.5
43.2088,-2.9964,-3.01181,1.50396,-3,-3,1.5
43.2188,-2.99646,-3.01181,1.50396,-3,-3,1.5
43.2288,-2.99653,-3.01182,1.50395,-3,-3,1.5
43.2388,-2.99659,-3.01182,1.50395,-3,-3,1.5
43.2487,-2.99666,-3.01183,1.50394,-3,-3,1.5
43.2587,-2.99672,-3.01183,1.50393,-3,-3,1.5
43.2687,-2.99678,-3.01183,1.50391,-3,-3,1.5
43.2787,-2.99684,-3.01184,1.5039,-3,-3,1.5
43.2887,-2.99689,-3.01184,1.50388,-3,-3,1.5
43.2987,-2.99695,-3.01184,1.50387,-3,-3,1.5
43.3087,-2.99699,-3.01185,1.50387,-3,-3,1.5
43.3187,-2.99704,-3.01185,1.5039,-3,-3,1.5
43.3287,-2.99709,-3.01185,1.50394,-3,-3,1.5
43.3387,-2.99713,-3.01185,1.50399,-3,-3,1.5
43.3487,-2.99717,-3.01186,1.50403,-3,-3,1.5
43.3587,-2.99721,-3.01186,1.50408,-3,-3,1.5
43.3687,-2.99725,-3.01186,1.50413,-3,-3,1.5
43.3787,-2.99729,-3.01187,1.50418,-3,-3,1.5
43.3887,-2.99733,-3.01187,1.50422,-3,-3,1.5
43.3987,-2.99736,-3.01188,1.50427,-3,-3,1.5
43.4087,-2.9974,-3.01189,1.50431,-3,-3,1.5
43.4187,-2.99744,-3.01189,1.50437,-3,-3,1.5
43.4287,-2.99748,-3.0119,1.50443,-3,-3,1.5
43.4387,-2.99752,-3.01191,1.50449,-3,-3,1.5
43.4487,-2.99756,-3.01193,1.50454,-3,-3,1.5
43.4587,-2.9976,-3.01194,1.5046,-3,-3,1.5
43.4687,-2.99764,-3.01195,1.50465,-3,-3,1.5
43.4787,-2.99768,-3.01197,1.50469,-3,-3,1.5
43.4887,-2.99772,-3.01198,1.50473,-3,-3,1.5
43.4987,-2.99775,-3.012,1.50476,-3,-3,1.5
43.5087,-2.99778,-3.01201,1.50478,-3,-3,1.5
43.5187,-2.99781,-3.01203,1.50481,-3,-3,1.5
43.5287,-2.99784,-3.01205,1.50484,-3,-3,1.5
43.5387,-2.99787,-3.01207,1.50487,-3,-3,1.5
43.5487,-2.99789,-3.01209,1.5049,-3,-3,1.5
43.5587,-2.99791,-3.01211,1.50492,-3,-3,1.5
43.5687,-2.99793,-3.01213,1.50493,-3,-3,1.5
43.5787,-2.99794,-3.01215,1.50494,-3,-3,1.5
43.5887,-2.99796,-3.01217,1.50495,-3,-3,1.5
43.5987,-2.99797,-3.0122,1.50496,-3,-3,1.5
43.6087,-2.99798,-3.01222,1.50496,-3,-3,1.5
43.6187,-2.99798,-3.01224,1.50496,-3,-3,1.5
43.6287,-2.99799,-3.01226,1.50497,-3,-3,1.5
43.6387,-2.99799,-3.01228,1.50496,-3,-3,1.5
43.6487,-2.99799,-3.0123,1.50496,-3,-3,1.5
43.6587,-2.99799,-3.01232,1.50496,-3,-3,1.5
43.6687,-2.99799,-3.01234,1.50497,-3,-3,1.5
43.6787,-2.99798,-3.01236,1.50498,-3,-3,1.5
43.6887,-2.99798,-3.01238,1.505,-3,-3,1.5
43.6987,-2.99797,-3.0124,1.50502,-3,-3,1.5
43.7087,-2.99796,-3.01242,1.50503,-3,-3,1.5
43.7187,-2.99795,-3.01244,1.50505,-3,-3,1.5
43.7287,-2.99795,-3.01245,1.50507,-3,-3,1.5
43.7387,-2.99794,-3.01247,1.50507,-3,-3,1.5
43.7487,-2.99792,-3.01248,1.50507,-3,-3,1.5
43.7587,-2.99791,-3.0125,1.50507,-3,-3,1.5
43.7687,-2.9979,-3.01251,1.50508,-3,-3,1.5
43.7787,-2.99789,-3.01252,1.50509,-3,-3,1.5
43.7887,-2.99787,-3.01254,1.50508,-3,-3,1.5
43.7987,-2.99786,-3.01255,1.50507,-3,-3,1.5
43.8087,-2.99784,-3.01256,1.50507,-3,-3,1.5
43.8187,-2.99782,-3.01257,1.50506,-3,-3,1.5
43.8287,-2.9978,-3.01258,1.50505,-3,-3,1.5
43.8386,-2.99778,-3.01259,1.50504,-3,-3,1.5
43.8486,-2.99775,-3.0126,1.50502,-3,-3,1.5
43.8586,-2.99772,-3.01261,1.50501,-3,-3,1.5
43.8686,-2.99769,-3.01262,1.505,-3,-3,1.5
43.8786,-2.99766,-3.01264,1.50498,-3,-3,1.5
43.8886,-2.99762,-3.01265,1.50496,-3,-3,1.5
43.8986,-2.99758,-3.01266,1.50493,-3,-3,1.5
43.9086,-2.99754,-3.01267,1.50491,-3,-3,1.5
43.9186,-2.99749,-3.01268,1.50488,-3,-3,1.5
43.9286,-2.99744,-3.01269,1.50486,-3,-3,1.5
43.9386,-2.99739,-3.0127,1.50484,-3,-3,1.5
43.9486,-2.99734,-3.01271,1.50483,-3,-3,1.5
43.9586,-2.99729,-3.01272,1.50481,-3,-3,1.5
43.9686,-2.99723,-3.01273,1.5048,-3,-3,1.5
43.9786,-2.99717,-3.01274,1.50479,-3,-3,1.5
43.9886,-2.99711,-3.01275,1.50477,-3,-3,1.5
43.9986,-2.99705,-3.01276,1.50476,-3,-3,1.5
44.0086,-2.99699,-3.01278,1.50476,-3,-3,1.5
44.0186,-2.99693,-3.01279,1.50476,-3,-3,1.5
44.0286,-2.99686,-3.0128,1.50476,-3,-3,1.5
44.0386,-2.9968,-3.01282,1.50476,-3,-3,1.5
44.0486,-2.99674,-3.01283,1.50476,-3,-3,1.5
44.0586,-2.99668,-3.01284,1.50476,-3,-3,1.5
44.0686,-2.99662,-3.01286,1.50476,-3,-3,1.5
44.0786,-2.99656,-3.01287,1.50475,-3,-3,1.5
44.0886,-2.9965,-3.01289,1.50474,-3,-3,1.5
44.0986,-2.99645,-3.0129,1.50474,-3,-3,1.5
44.1086,-2.99639,-3.01291,1.50475,-3,-3,1.5
44.1186,-2.99635,-3.01293,1.50477,-3,-3,1.5
44.1286,-2.9963,-3.01294,1.50478,-3,-3,1.5
44.1386,-2.99626,-3.01296,1.50478,-3,-3,1.5
44.1486,-2.99622,-3.01297,1.50477,-3,-3,1.5
44.1586,-2.99619,-3.01299,1.50476,-3,-3,1.5
44.1686,-2.99616,-3.01301,1.50475,-3,-3,1.5
44.1786,-2.99613,-3.01303,1.50474,-3,-3,1.5
44.1886,-2.99611,-3.01306,1.50472,-3,-3,1.5
44.1986,-2.99609,-3.01308,1.5047,-3,-3,1.5
44.2086,-2.99608,-3.0131,1.50468,-3,-3,1.5
44.2186,-2.99607,-3.01313,1.50466,-3,-3,1.5
44.2286,-2.99607,-3.01315,1.50464,-3,-3,1.5
44.2386,-2.99607,-3.01318,1.50463,-3,-3,1.5
44.2486,-2.99607,-3.01321,1.50463,-3,-3,1.5
44.2586,-2.99607,-3.01324,1.50463,-3,-3,1.5
44.2686,-2.99608,-3.01327,1.50463,-3,-3,1.5
44.2786,-2.99609,-3.0133,1.50464,-3,-3,1.5
44.2886,-2.9961,-3.01333,1.50465,-3,-3,1.5
44.2986,-2.99611,-3.01336,1.50466,-3,-3,1.5
44.3086,-2.99611,-3.01339,1.50467,-3,-3,1.5
44.3186,-2.99612,-3.01342,1.50468,-3,-3,1.5
44.3286,-2.99612,-3.01345,1.50471,-3,-3,1.5
44.3386,-2.99613,-3.01347,1.50476,-3,-3,1.5
44.3486,-2.99613,-3.0135,1.50479,-3,-3,1.5
44.3586,-2.99612,-3.01353,1.50482,-3,-3,1.5
44.3686,-2.99612,-3.01356,1.50484,-3,-3,1.5
44.3786,-2.99612,-3.01359,1.50486,-3,-3,1.5
44.3886,-2.99611,-3.01361,1.50489,-3,-3,1.5
44.3986,-2.9961,-3.01364,1.50491,-3,-3,1.5
44.4086,-2.99609,-3.01366,1.50493,-3,-3,1.5
44.4186,-2.99608,-3.01369,1.50493,-3,-3,1.5
44.4286,-2.99606,-3.01371,1.50494,-3,-3,1.5
44.4385,-2.99604,-3.01373,1.50495,-3,-3,1.5
44.4485,-2.99602,-3.01375,1.50496,-3,-3,1.5
44.4585,-2.996,-3.01377,1.50498,-3,-3,1.5
44.4685,-2.99597,-3.01379,1.50501,-3,-3,1.5
44.4785,-2.99595,-3.01381,1.50503,-3,-3,1.5
44.4885,-2.99591,-3.01383,1.50504,-3,-3,1.5
44.4985,-2.99588,-3.01384,1.50505,-3,-3,1.5
44.5085,-2.99584,-3.01386,1.50506,-3,-3,1.5
44.5185,-2.9958,-3.01387,1.50507,-3,-3,1.5
44.5285,-2.99576,-3.01389,1.50508,-3,-3,1.5
44.5385,-2.99572,-3.0139,1.50509,-3,-3,1.5
44.5485,-2.99567,-3.01391,1.5051,-3,-3,1.5
44.5585,-2.99562,-3.01393,1.50512,-3,-3,1.5
44.5685,-2.99557,-3.01394,1.50514,-3,-3,1.5
44.5785,-2.99552,-3.01395,1.50517,-3,-3,1.5
44.5885,-2.99546,-3.01396,1.5052,-3,-3,1.5
44.5985,-2.9954,-3.01397,1.50523,-3,-3,1.5
44.6085,-2.99534,-3.01398,1.50525,-3,-3,1.5
44.6185,-2.99528,-3.01398,1.50529,-3,-3,1.5
44.6285,-2.99521,-3.01399,1.50531,-3,-3,1.5
44.6385,-2.99514,-3.014,1.50532,-3,-3,1.5
44.6485,-2.99508,-3.014,1.50534,-3,-3,1.5
44.6585,-2.99501,-3.01401,1.50537,-3,-3,1.5
44.6685,-2.99494,-3.01401,1.50541,-3,-3,1.5
44.6785,-2.99486,-3.01401,1.50545,-3,-3,1.5
44.6885,-2.99479,-3.01402,1.50549,-3,-3,1.5
44.6985,-2.99471,-3.01402,1.50552,-3,-3,1.5
44.7085,-2.99464,-3.01403,1.50556,-3,-3,1.5
44.7185,-2.99456,-3.01403,1.50559,-3,-3,1.5
44.7285,-2.99448,-3.01403,1.50563,-3,-3,1.5
44.7385,-2.9944,-3.01404,1.50565,-3,-3,1.5
44.7485,-2.99432,-3.01404,1.50567,-3,-3,1.5
44.7585,-2.99424,-3.01405,1.50568,-3,-3,1.5
44.7685,-2.99416,-3.01405,1.50569,-3,-3,1.5
44.7785,-2.99407,-3.01406,1.50571,-3,-3,1.5
44.7885,-2.99399,-3.01406,1.50574,-3,-3,1.5
44.7985,-2.99391,-3.01407,1.50579,-3,-3,1.5
44.8085,-2.99382,-3.01407,1.50583,-3,-3,1.5
44.8185,-2.99373,-3.01407,1.50586,-3,-3,1.5
44.8285,-2.99365,-3.01407,1.5059,-3,-3,1.5
44.8385,-2.99356,-3.01408,1.50593,-3,-3,1.5
44.8485,-2.99347,-3.01408,1.50595,-3,-3,1.5
44.8585,-2.99339,-3.01408,1.50597,-3,-3,1.5
44.8685,-2.9933,-3.01409,1.50599,-3,-3,1.5
44.8785,-2.99322,-3.01409,1.50601,-3,-3,1.5
44.8885,-2.99313,-3.0141,1.50604,-3,-3,1.5
44.8985,-2.99304,-3.0141,1.50606,-3,-3,1.5
44.9085,-2.99296,-3.01411,1.50609,-3,-3,1.5
44.9185,-2.99287,-3.01411,1.50612,-3,-3,1.5
44.9285,-2.99279,-3.01411,1.50615,-3,-3,1.5
44.9385,-2.9927,-3.01411,1.50616,-3,-3,1.5
44.9485,-2.99261,-3.01412,1.50619,-3,-3,1.5
44.9585,-2.99253,-3.01412,1.50621,-3,-3,1.5
44.9685,-2.99244,-3.01412,1.50624,-3,-3,1.5
44.9785,-2.99235,-3.01412,1.50627,-3,-3,1.5
44.9885,-2.99226,-3.01412,1.5063,-3,-3,1.5
44.9985,-2.99217,-3.01411,1.50634,-3,-3,1.5
45.0085,-2.99208,-3.01411,1.50638,-3,-3,1.5
45.0185,-2.99199,-3.01411,1.50641,-3,-3,1.5
45.0285,-2.9919,-3.0141,1.50644,-3,-3,1.5
45.0384,-2.9918,-3.0141,1.50647,-3,-3,1.5
45.0484,-2.9917,-3.01409,1.50649,-3,-3,1.5
45.0584,-2.99161,-3.01409,1.50651,-3,-3,1.5
45.0684,-2.99151,-3.01408,1.50653,-3,-3,1.5
45.0784,-2.99141,-3.01407,1.50655,-3,-3,1.5
45.0884,-2.99131,-3.01406,1.50659,-3,-3,1.5
45.0984,-2.9912,-3.01405,1.50665,-3,-3,1.5
45.1084,-2.9911,-3.01404,1.5067,-3,-3,1.5
45.1184,-2.991,-3.01403,1.50674,-3,-3,1.5
45.1284,-2.99089,-3.01401,1.50678,-3,-3,1.5
45.1384,-2.99079,-3.014,1.50681,-3,-3,1.5
45.1484,-2.99068,-3.01399,1.50684,-3,-3,1.5
45.1584,-2.99058,-3.01398,1.50686,-3,-3,1.5
45.1684,-2.99048,-3.01396,1.50689,-3,-3,1.5
45.1784,-2.99037,-3.01395,1.50692,-3,-3,1.5
45.1884,-2.99027,-3.01393,1.50694,-3,-3,1.5
45.1984,-2.99016,-3.01392,1.50696,-3,-3,1.5
45.2084,-2.99006,-3.0139,1.50699,-3,-3,1.5
45.2184,-2.98995,-3.01389,1.507,-3,-3,1.5
45.2284,-2.98985,-3.01387,1.50695,-3,-3,1.5
45.2384,-2.98975,-3.01386,1.50689,-3,-3,1.5
45.2484,-2.98965,-3.01384,1.50685,-3,-3,1.5
45.2584,-2.98955,-3.01382,1.50681,-3,-3,1.5
45.2684,-2.98945,-3.01381,1.50678,-3,-3,1.5
45.2784,-2.98936,-3.01379,1.50678,-3,-3,1.5
45.2884,-2.98927,-3.01377,1.50679,-3,-3,1.5
45.2984,-2.98919,-3.01376,1.50684,-3,-3,1.5
45.3084,-2.98911,-3.01374,1.50686,-3,-3,1.5
45.3184,-2.98903,-3.01373,1.50683,-3,-3,1.5
45.3284,-2.98897,-3.01371,1.50678,-3,-3,1.5
45.3384,-2.9889,-3.0137,1.50675,-3,-3,1.5
45.3484,-2.98884,-3.01369,1.50674,-3,-3,1.5
45.3584,-2.98878,-3.01368,1.50673,-3,-3,1.5
45.3684,-2.98873,-3.01368,1.50671,-3,-3,1.5
45.3784,-2.98868,-3.01367,1.50674,-3,-3,1.5
45.3884,-2.98863,-3.01366,1.50679,-3,-3,1.5
45.3984,-2.98858,-3.01366,1.50678,-3,-3,1.5
45.4084,-2.98854,-3.01365,1.50679,-3,-3,1.5
45.4184,-2.9885,-3.01365,1.50678,-3,-3,1.5
45.4284,-2.98846,-3.01364,1.50676,-3,-3,1.5
45.4384,-2.98842,-3.01364,1.50673,-3,-3,1.5
45.4484,-2.98838,-3.01364,1.5067,-3,-3,1.5
45.4584,-2.98834,-3.01364,1.50666,-3,-3,1.5
45.4684,-2.98831,-3.01364,1.50662,-3,-3,1.5
45.4784,-2.98828,-3.01364,1.50658,-3,-3,1.5
45.4884,-2.98824,-3.01365,1.50658,-3,-3,1.5
45.4984,-2.98821,-3.01365,1.5066,-3,-3,1.5
45.5084,-2.98817,-3.01365,1.50663,-3,-3,1.5
45.5184,-2.98814,-3.01365,1.50666,-3,-3,1.5
45.5284,-2.9881,-3.01365,1.5067,-3,-3,1.5
45.5384,-2.98807,-3.01365,1.50673,-3,-3,1.5
45.5484,-2.98803,-3.01365,1.50674,-3,-3,1.5
45.5584,-2.98799,-3.01364,1.50673,-3,-3,1.5
45.5684,-2.98795,-3.01364,1.50671,-3,-3,1.5
45.5784,-2.9879,-3.01364,1.5067,-3,-3,1.5
45.5884,-2.98785,-3.01363,1.50671,-3,-3,1.5
45.5984,-2.9878,-3.01363,1.50672,-3,-3,1.5
45.6084,-2.98775,-3.01362,1.50673,-3,-3,1.5
45.6184,-2.9877,-3.01361,1.50673,-3,-3,1.5
45.6283,-2.98765,-3.0136,1.50674,-3,-3,1.5
45.6383,-2.9876,-3.0136,1.50674,-3,-3,1.5
45.6483,-2.98755,-3.01359,1.50675,-3,-3,1.5
45.6583,-2.98749,-3.01359,1.50676,-3,-3,1.5
45.6683,-2.98744,-3.01358,1.50677,-3,-3,1.5
45.6783,-2.98739,-3.01357,1.50677,-3,-3,1.5
45.6883,-2.98734,-3.01357,1.50678,-3,-3,1.5
45.6983,-2.98729,-3.01357,1.50678,-3,-3,1.5
45.7083,-2.98723,-3.01356,1.50678,-3,-3,1.5
45.7183,-2.98718,-3.01356,1.50679,-3,-3,1.5
45.7283,-2.98713,-3.01356,1.50681,-3,-3,1.5
45.7383,-2.98708,-3.01355,1.50686,-3,-3,1.5
45.7483,-2.98703,-3.01355,1.5069,-3,-3,1.5
45.7583,-2.98698,-3.01355,1.50694,-3,-3,1.5
45.7683,-2.98693,-3.01356,1.50698,-3,-3,1.5
45.7783,-2.98688,-3.01356,1.50701,-3,-3,1.5
45.7883,-2.98683,-3.01356,1.50704,-3,-3,1.5
45.7983,-2.98678,-3.01356,1.50706,-3,-3,1.5
45.8083,-2.98673,-3.01357,1.50708,-3,-3,1.5
45.8183,-2.98667,-3.01357,1.50709,-3,-3,1.5
45.8283,-2.98662,-3.01358,1.5071,-3,-3,1.5
45.8383,-2.98657,-3.01358,1.50712,-3,-3,1.5
45.8483,-2.98651,-3.01359,1.50714,-3,-3,1.5
45.8583,-2.98645,-3.01359,1.50716,-3,-3,1.5
45.8683,-2.9864,-3.0136,1.50717,-3,-3,1.5
45.8783,-2.98634,-3.0136,1.50718,-3,-3,1.5
45.8883,-2.98628,-3.01361,1.5072,-3,-3,1.5
45.8983,-2.98622,-3.01361,1.50722,-3,-3,1.5
45.9083,-2.98615,-3.01361,1.50723,-3,-3,1.5
45.9183,-2.98609,-3.01361,1.50725,-3,-3,1.5
45.9283,-2.98602,-3.01361,1.50728,-3,-3,1.5
45.9383,-2.98595,-3.01361,1.5073,-3,-3,1.5
45.9483,-2.98588,-3.01361,1.50732,-3,-3,1.5
45.9583,-2.98581,-3.01361,1.50734,-3,-3,1.5
45.9683,-2.98574,-3.01361,1.50735,-3,-3,1.5
45.9783,-2.98567,-3.01361,1.50737,-3,-3,1.5
45.9883,-2.98559,-3.01361,1.50738,-3,-3,1.5
45.9983,-2.98551,-3.0136,1.50739,-3,-3,1.5
46.0083,-2.98543,-3.0136,1.50739,-3,-3,1.5
46.0183,-2.98535,-3.0136,1.5074,-3,-3,1.5
46.0283,-2.98527,-3.01359,1.50741,-3,-3,1.5
46.0383,-2.98518,-3.01359,1.50742,-3,-3,1.5
46.0483,-2.9851,-3.01358,1.50744,-3,-3,1.5
46.0583,-2.98501,-3.01357,1.50745,-3,-3,1.5
46.0683,-2.98492,-3.01356,1.50746,-3,-3,1.5
46.0783,-2.98483,-3.01355,1.50748,-3,-3,1.5
46.0883,-2.98474,-3.01355,1.5075,-3,-3,1.5
46.0983,-2.98464,-3.01354,1.50752,-3,-3,1.5
46.1083,-2.98455,-3.01352,1.50753,-3,-3,1.5
46.1183,-2.98445,-3.01351,1.50754,-3,-3,1.5
46.1283,-2.98435,-3.0135,1.50755,-3,-3,1.5
46.1383,-2.98425,-3.01349,1.50755,-3,-3,1.5
46.1483,-2.98415,-3.01348,1.50754,-3,-3,1.5
46.1583,-2.98405,-3.01346,1.50754,-3,-3,1.5
46.1683,-2.98395,-3.01345,1.50753,-3,-3,1.5
46.1783,-2.98385,-3.01344,1.50753,-3,-3,1.5
46.1883,-2.98375,-3.01342,1.50753,-3,-3,1.5
46.1983,-2.98365,-3.01341,1.50753,-3,-3,1.5
46.2083,-2.98355,-3.01339,1.50754,-3,-3,1.5
46.2183,-2.98345,-3.01338,1.50754,-3,-3,1.5
46.2282,-2.98335,-3.01336,1.50755,-3,-3,1.5
46.2382,-2.98325,-3.01335,1.50756,-3,-3,1.5
46.2482,-2.98315,-3.01333,1.50756,-3,-3,1.5
46.2582,-2.98305,-3.01331,1.50757,-3,-3,1.5
46.2682,-2.98295,-3.0133,1.50757,-3,-3,1.5
46.2782,-2.98285,-3.01328,1.50757,-3,-3,1.5
46.2882,-2.98276,-3.01326,1.50757,-3,-3,1.5
46.2982,-2.98266,-3.01324,1.50757,-3,-3,1.5
46.3082,-2.98256,-3.01322,1.50757,-3,-3,1.5
46.3182,-2.98247,-3.0132,1.50757,-3,-3,1.5
46.3282,-2.98237,-3.01318,1.50757,-3,-3,1.5
46.3382,-2.98228,-3.01316,1.50757,-3,-3,1.5
46.3482,-2.98218,-3.01314,1.50757,-3,-3,1.5
46.3582,-2.98209,-3.01311,1.50757,-3,-3,1.5
46.3682,-2.982,-3.01309,1.50757,-3,-3,1.5
46.3782,-2.98191,-3.01307,1.50756,-3,-3,1.5
46.3882,-2.98181,-3.01304,1.50756,-3,-3,1.5
46.3982,-2.98172,-3.01302,1.50756,-3,-3,1.5
46.4082,-2.98163,-3.013,1.50756,-3,-3,1.5
46.4182,-2.98154,-3.01297,1.50756,-3,-3,1.5
46.4282,-2.98145,-3.01295,1.50756,-3,-3,1.5
46.4382,-2.98136,-3.01292,1.50755,-3,-3,1.5
46.4482,-2.98127,-3.01289,1.50755,-3,-3,1.5
46.4582,-2.98118,-3.01287,1.50754,-3,-3,1.5
46.4682,-2.9811,-3.01284,1.50754,-3,-3,1.5
46.4782,-2.98101,-3.01281,1.50753,-3,-3,1.5
46.4882,-2.98093,-3.01278,1.50752,-3,-3,1.5
46.4982,-2.98085,-3.01276,1.50751,-3,-3,1.5
46.5082,-2.98077,-3.01273,1.50751,-3,-3,1.5
46.5182,-2.9807,-3.0127,1.5075,-3,-3,1.5
46.5282,-2.98063,-3.01267,1.50748,-3,-3,1.5
46.5382,-2.98056,-3.01264,1.50745,-3,-3,1.5
46.5482,-2.9805,-3.01262,1.50743,-3,-3,1.5
46.5582,-2.98044,-3.01259,1.50741,-3,-3,1.5
46.5682,-2.98038,-3.01256,1.5074,-3,-3,1.5
46.5782,-2.98033,-3.01253,1.50739,-3,-3,1.5
46.5882,-2.98029,-3.01251,1.50738,-3,-3,1.5
46.5982,-2.98025,-3.01248,1.50737,-3,-3,1.5
46.6082,-2.98021,-3.01246,1.50738,-3,-3,1.5
46.6182,-2.98018,-3.01244,1.50741,-3,-3,1.5
46.6282,-2.98016,-3.01241,1.50742,-3,-3,1.5
46.6382,-2.98013,-3.0124,1.50744,-3,-3,1.5
46.6482,-2.98012,-3.01238,1.50745,-3,-3,1.5
46.6582,-2.9801,-3.01236,1.50747,-3,-3,1.5
46.6682,-2.98008,-3.01235,1.50748,-3,-3,1.5
46.6782,-2.98007,-3.01234,1.50748,-3,-3,1.5
46.6882,-2.98006,-3.01232,1.50751,-3,-3,1.5
46.6982,-2.98004,-3.01231,1.50754,-3,-3,1.5
46.7082,-2.98003,-3.0123,1.50757,-3,-3,1.5
46.7182,-2.98002,-3.01229,1.50758,-3,-3,1.5
46.7282,-2.98001,-3.01228,1.5076,-3,-3,1.5
46.7382,-2.98,-3.01228,1.50762,-3,-3,1.5
46.7482,-2.97999,-3.01227,1.50763,-3,-3,1.5
46.7582,-2.97998,-3.01226,1.50763,-3,-3,1.5
46.7682,-2.97997,-3.01226,1.50762,-3,-3,1.5
46.7782,-2.97997,-3.01226,1.50761,-3,-3,1.5
46.7882,-2.97996,-3.01226,1.50759,-3,-3,1.5
46.7982,-2.97996,-3.01227,1.50758,-3,-3,1.5
46.8082,-2.97996,-3.01227,1.50756,-3,-3,1.5
46.8181,-2.97996,-3.01228,1.50753,-3,-3,1.5
46.8281,-2.97996,-3.01229,1.50752,-3,-3,1.5
46.8381,-2.97997,-3.0123,1.5075,-3,-3,1.5
46.8481,-2.97997,-3.01231,1.50748,-3,-3,1.5
46.8581,-2.97999,-3.01232,1.50746,-3,-3,1.5
46.8681,-2.98,-3.01233,1.50744,-3,-3,1.5
46.8781,-2.98002,-3.01235,1.50742,-3,-3,1.5
46.8881,-2.98005,-3.01236,1.5074,-3,-3,1.5
46.8981,-2.98007,-3.01238,1.5074,-3,-3,1.5
46.9081,-2.9801,-3.0124,1.50743,-3,-3,1.5
46.9181,-2.98014,-3.01241,1.50743,-3,-3,1.5
46.9281,-2.98017,-3.01244,1.50743,-3,-3,1.5
46.9381,-2.98021,-3.01246,1.50742,-3,-3,1.5
46.9481,-2.98025,-3.01248,1.50742,-3,-3,1.5
46.9581,-2.98029,-3.0125,1.5074,-3,-3,1.5
46.9681,-2.98033,-3.01252,1.50738,-3,-3,1.5
46.9781,-2.98037,-3.01254,1.50736,-3,-3,1.5
46.9881,-2.98041,-3.01256,1.50733,-3,-3,1.5
46.9981,-2.98045,-3.01258,1.50731,-3,-3,1.5
47.0081,-2.98049,-3.0126,1.50728,-3,-3,1.5
47.0181,-2.98053,-3.01263,1.50725,-3,-3,1.5
47.0281,-2.98056,-3.01265,1.50725,-3,-3,1.5
47.0381,-2.9806,-3.01267,1.50727,-3,-3,1.5
47.0481,-2.98063,-3.01268,1.50728,-3,-3,1.5
47.0581,-2.98066,-3.0127,1.50729,-3,-3,1.5
47.0681,-2.98069,-3.01272,1.5073,-3,-3,1.5
47.0781,-2.98073,-3.01274,1.50731,-3,-3,1.5
47.0881,-2.98076,-3.01276,1.50731,-3,-3,1.5
47.0981,-2.98079,-3.01278,1.50731,-3,-3,1.5
47.1081,-2.98083,-3.0128,1.5073,-3,-3,1.5
47.1181,-2.98087,-3.01281,1.5073,-3,-3,1.5
47.1281,-2.98091,-3.01283,1.5073,-3,-3,1.5
47.1381,-2.98095,-3.01285,1.5073,-3,-3,1.5
47.1481,-2.981,-3.01287,1.50729,-3,-3,1.5
47.1581,-2.98105,-3.01289,1.50728,-3,-3,1.5
47.1681,-2.9811,-3.01291,1.5073,-3,-3,1.5
47.1781,-2.98115,-3.01293,1.50734,-3,-3,1.5
47.1881,-2.98121,-3.01295,1.50736,-3,-3,1.5
47.1981,-2.98127,-3.01297,1.50737,-3,-3,1.5
47.2081,-2.98133,-3.01298,1.50736,-3,-3,1.5
47.2181,-2.98139,-3.013,1.50734,-3,-3,1.5
47.2281,-2.98145,-3.01302,1.50732,-3,-3,1.5
47.2381,-2.98152,-3.01304,1.50729,-3,-3,1.5
47.2481,-2.98158,-3.01306,1.50725,-3,-3,1.5
47.2581,-2.98164,-3.01307,1.50722,-3,-3,1.5
47.2681,-2.98171,-3.01309,1.50718,-3,-3,1.5
47.2781,-2.98177,-3.01311,1.50714,-3,-3,1.5
47.2881,-2.98183,-3.01312,1.50709,-3,-3,1.5
47.2981,-2.9819,-3.01314,1.50705,-3,-3,1.5
47.3081,-2.98196,-3.01316,1.50702,-3,-3,1.5
47.3181,-2.98202,-3.01318,1.50698,-3,-3,1.5
47.3281,-2.98208,-3.01319,1.50695,-3,-3,1.5
47.3381,-2.98214,-3.01321,1.50692,-3,-3,1.5
47.3481,-2.9822,-3.01322,1.5069,-3,-3,1.5
47.3581,-2.98226,-3.01324,1.50686,-3,-3,1.5
47.3681,-2.98232,-3.01325,1.50683,-3,-3,1.5
47.3781,-2.98239,-3.01327,1.50681,-3,-3,1.5
47.3881,-2.98245,-3.01328,1.50678,-3,-3,1.5
47.3981,-2.98251,-3.01329,1.50675,-3,-3,1.5
47.4081,-2.98257,-3.01331,1.50673,-3,-3,1.5
47.418,-2.98263,-3.01332,1.50671,-3,-3,1.5
47.428,-2.98269,-3.01333,1.50668,-3,-3,1.5
47.438,-2.98275,-3.01333,1.50666,-3,-3,1.5
47.448,-2.98281,-3.01334,1.50664,-3,-3,1.5
47.458,-2.98286,-3.01335,1.50661,-3,-3,1.5
47.468,-2.98292,-3.01336,1.50659,-3,-3,1.5
47.478,-2.98298,-3.01336,1.50657,-3,-3,1.5
47.488,-2.98304,-3.01337,1.50654,-3,-3,1.5
47.498,-2.9831,-3.01337,1.50652,-3,-3,1.5
47.508,-2.98316,-3.01337,1.5065,-3,-3,1.5
47.518,-2.98321,-3.01338,1.50647,-3,-3,1.5
47.528,-2.98327,-3.01338,1.50645,-3,-3,1.5
47.538,-2.98333,-3.01338,1.50643,-3,-3,1.5
47.548,-2.98338,-3.01338,1.5064,-3,-3,1.5
47.558,-2.98344,-3.01338,1.50637,-3,-3,1.5
47.568,-2.9835,-3.01337,1.50635,-3,-3,1.5
47.578,-2.98355,-3.01337,1.50632,-3,-3,1.5
47.588,-2.98361,-3.01337,1.5063,-3,-3,1.5
47.598,-2.98366,-3.01336,1.50628,-3,-3,1.5
47.608,-2.98371,-3.01335,1.50626,-3,-3,1.5
47.618,-2.98377,-3.01335,1.50622,-3,-3,1.5
47.628,-2.98382,-3.01334,1.50618,-3,-3,1.5
47.638,-2.98388,-3.01333,1.50614,-3,-3,1.5
47.648,-2.98393,-3.01332,1.50611,-3,-3,1.5
47.658,-2.98398,-3.01331,1.50608,-3,-3,1.5
47.668,-2.98404,-3.0133,1.50604,-3,-3,1.5
47.678,-2.98409,-3.01329,1.506,-3,-3,1.5
47.688,-2.98414,-3.01327,1.50597,-3,-3,1.5
47.698,-2.98419,-3.01326,1.50593,-3,-3,1.5
47.708,-2.98424,-3.01325,1.5059,-3,-3,1.5
47.718,-2.9843,-3.01324,1.50586,-3,-3,1.5
47.728,-2.98435,-3.01322,1.50583,-3,-3,1.5
47.738,-2.9844,-3.01321,1.50579,-3,-3,1.5
47.748,-2.98445,-3.01319,1.50576,-3,-3,1.5
47.758,-2.98451,-3.01317,1.50572,-3,-3,1.5
47.768,-2.98456,-3.01316,1.50569,-3,-3,1.5
47.778,-2.98461,-3.01314,1.50566,-3,-3,1.5
47.788,-2.98467,-3.01312,1.50563,-3,-3,1.5
47.798,-2.98472,-3.0131,1.50559,-3,-3,1.5
47.808,-2.98478,-3.01308,1.50556,-3,-3,1.5
47.818,-2.98483,-3.01306,1.50553,-3,-3,1.5
47.828,-2.98488,-3.01304,1.50551,-3,-3,1.5
47.838,-2.98494,-3.01302,1.50548,-3,-3,1.5
47.848,-2.98499,-3.013,1.50544,-3,-3,1.5
47.858,-2.98504,-3.01297,1.5054,-3,-3,1.5
47.868,-2.9851,-3.01295,1.50537,-3,-3,1.5
47.878,-2.98515,-3.01292,1.50534,-3,-3,1.5
47.888,-2.9852,-3.0129,1.50531,-3,-3,1.5
47.898,-2.98526,-3.01287,1.50528,-3,-3,1.5
47.908,-2.98531,-3.01285,1.50525,-3,-3,1.5
47.918,-2.98536,-3.01282,1.50521,-3,-3,1.5
47.928,-2.98542,-3.0128,1.50517,-3,-3,1.5
47.938,-2.98547,-3.01277,1.50515,-3,-3,1.5
47.948,-2.98553,-3.01274,1.50512,-3,-3,1.5
47.958,-2.98558,-3.01271,1.5051,-3,-3,1.5
47.968,-2.98563,-3.01269,1.50508,-3,-3,1.5
47.978,-2.98569,-3.01266,1.50505,-3,-3,1.5
47.988,-2.98574,-3.01263,1.50503,-3,-3,1.5
47.998,-2.98579,-3.0126,1.505,-3,-3,1.5
48.0079,-2.98585,-3.01257,1.50497,-3,-3,1.5
48.0179,-2.9859,-3.01255,1.50494,-3,-3,1.5
48.0279,-2.98595,-3.01252,1.5049,-3,-3,1.5
48.0379,-2.986,-3.01249,1.50487,-3,-3,1.5
48.0479,-2.98606,-3.01246,1.50485,-3,-3,1.5
48.0579,-2.98611,-3.01243,1.50482,-3,-3,1.5
48.0679,-2.98616,-3.0124,1.5048,-3,-3,1.5
48.0779,-2.98621,-3.01237,1.50477,-3,-3,1.5
48.0879,-2.98627,-3.01234,1.50475,-3,-3,1.5
48.0979,-2.98632,-3.01231,1.50472,-3,-3,1.5
48.1079,-2.98638,-3.01227,1.50468,-3,-3,1.5
48.1179,-2.98643,-3.01224,1.50467,-3,-3,1.5
48.1279,-2.98649,-3.01221,1.50468,-3,-3,1.5
48.1379,-2.98654,-3.01218,1.50469,-3,-3,1.5
48.1479,-2.9866,-3.01215,1.50469,-3,-3,1.5
48.1579,-2.98666,-3.01212,1.50469,-3,-3,1.5
48.1679,-2.98672,-3.01209,1.50468,-3,-3,1.5
48.1779,-2.98678,-3.01206,1.50468,-3,-3,1.5
48.1879,-2.98684,-3.01203,1.50467,-3,-3,1.5
48.1979,-2.98689,-3.01201,1.50466,-3,-3,1.5
48.2079,-2.98695,-3.01198,1.50465,-3,-3,1.5
48.2179,-2.98701,-3.01196,1.50464,-3,-3,1.5
48.2279,-2.98707,-3.01194,1.50463,-3,-3,1.5
48.2379,-2.98713,-3.01192,1.50458,-3,-3,1.5
48.2479,-2.9872,-3.0119,1.50452,-3,-3,1.5
48.2579,-2.98726,-3.01188,1.50449,-3,-3,1.5
48.2679,-2.98732,-3.01186,1.50454,-3,-3,1.5
48.2779,-2.98738,-3.01184,1.50461,-3,-3,1.5
48.2879,-2.98744,-3.01181,1.50465,-3,-3,1.5
48.2979,-2.98751,-3.01178,1.50468,-3,-3,1.5
48.3079,-2.98757,-3.01176,1.50469,-3,-3,1.5
48.3179,-2.98763,-3.01172,1.50469,-3,-3,1.5
48.3279,-2.98769,-3.01169,1.50469,-3,-3,1.5
48.3379,-2.98775,-3.01166,1.50469,-3,-3,1.5
48.3479,-2.98782,-3.01163,1.5047,-3,-3,1.5
48.3579,-2.98788,-3.0116,1.50474,-3,-3,1.5
48.3679,-2.98794,-3.01157,1.5048,-3,-3,1.5
48.3779,-2.98801,-3.01154,1.50487,-3,-3,1.5
48.3879,-2.98808,-3.01151,1.50496,-3,-3,1.5
48.3979,-2.98814,-3.01149,1.50505,-3,-3,1.5
48.4079,-2.98821,-3.01147,1.50512,-3,-3,1.5
48.4179,-2.98827,-3.01145,1.50521,-3,-3,1.5
48.4279,-2.98834,-3.01143,1.5053,-3,-3,1.5
48.4379,-2.9884,-3.01142,1.50535,-3,-3,1.5
48.4479,-2.98846,-3.01141,1.5054,-3,-3,1.5
48.4579,-2.98852,-3.0114,1.50546,-3,-3,1.5
48.4679,-2.98858,-3.0114,1.50554,-3,-3,1.5
48.4779,-2.98864,-3.0114,1.50563,-3,-3,1.5
48.4879,-2.9887,-3.0114,1.50566,-3,-3,1.5
48.4979,-2.98877,-3.01141,1.50568,-3,-3,1.5
48.5079,-2.98883,-3.01142,1.50569,-3,-3,1.5
48.5179,-2.98888,-3.01143,1.5057,-3,-3,1.5
48.5279,-2.98894,-3.01144,1.50571,-3,-3,1.5
48.5379,-2.989,-3.01146,1.50573,-3,-3,1.5
48.5479,-2.98905,-3.01148,1.50574,-3,-3,1.5
48.5579,-2.98911,-3.0115,1.50574,-3,-3,1.5
48.5679,-2.98916,-3.01152,1.50572,-3,-3,1.5
48.5779,-2.98922,-3.01155,1.50571,-3,-3,1.5
48.5879,-2.98927,-3.01157,1.50569,-3,-3,1.5
48.5979,-2.98932,-3.01159,1.50566,-3,-3,1.5
48.6078,-2.98938,-3.01162,1.50562,-3,-3,1.5
48.6178,-2.98944,-3.01164,1.50564,-3,-3,1.5
48.6278,-2.98949,-3.01166,1.5057,-3,-3,1.5
48.6378,-2.98955,-3.01169,1.50575,-3,-3,1.5
48.6478,-2.98961,-3.01171,1.5058,-3,-3,1.5
48.6578,-2.98967,-3.01174,1.50584,-3,-3,1.5
48.6678,-2.98974,-3.01177,1.50585,-3,-3,1.5
48.6778,-2.9898,-3.0118,1.50583,-3,-3,1.5
48.6878,-2.98986,-3.01183,1.50581,-3,-3,1.5
48.6978,-2.98992,-3.01186,1.50578,-3,-3,1.5
48.7078,-2.98998,-3.01189,1.50576,-3,-3,1.5
48.7178,-2.99004,-3.01192,1.50577,-3,-3,1.5
48.7278,-2.9901,-3.01195,1.5058,-3,-3,1.5
48.7378,-2.99016,-3.01199,1.50582,-3,-3,1.5
48.7478,-2.99022,-3.01202,1.50584,-3,-3,1.5
48.7578,-2.99028,-3.01206,1.50583,-3,-3,1.5
48.7678,-2.99035,-3.01209,1.50581,-3,-3,1.5
48.7778,-2.99041,-3.01213,1.50578,-3,-3,1.5
48.7878,-2.99047,-3.01217,1.50575,-3,-3,1.5
48.7978,-2.99053,-3.01221,1.50572,-3,-3,1.5
48.8078,-2.99059,-3.01225,1.50568,-3,-3,1.5
48.8178,-2.99065,-3.01229,1.50564,-3,-3,1.5
48.8278,-2.99072,-3.01233,1.50563,-3,-3,1.5
48.8378,-2.99078,-3.01236,1.50564,-3,-3,1.5
48.8478,-2.99085,-3.0124,1.50562,-3,-3,1.5
48.8578,-2.99091,-3.01244,1.50559,-3,-3,1.5
48.8678,-2.99098,-3.01247,1.50559,-3,-3,1.5
48.8778,-2.99105,-3.0125,1.50564,-3,-3,1.5
48.8878,-2.99112,-3.01254,1.50567,-3,-3,1.5
48.8978,-2.99119,-3.01257,1.50569,-3,-3,1.5
48.9078,-2.99126,-3.0126,1.50568,-3,-3,1.5
48.9178,-2.99133,-3.01264,1.50565,-3,-3,1.5
48.9278,-2.99141,-3.01267,1.5056,-3,-3,1.5
48.9378,-2.99148,-3.0127,1.50559,-3,-3,1.5
48.9478,-2.99155,-3.01273,1.5056,-3,-3,1.5
48.9578,-2.99163,-3.01276,1.50561,-3,-3,1.5
48.9678,-2.99171,-3.01278,1.50561,-3,-3,1.5
48.9778,-2.99178,-3.01281,1.50561,-3,-3,1.5
48.9878,-2.99186,-3.01283,1.50561,-3,-3,1.5
48.9978,-2.99194,-3.01286,1.5056,-3,-3,1.5
49.0078,-2.99201,-3.01288,1.50559,-3,-3,1.5
49.0178,-2.99209,-3.01291,1.50557,-3,-3,1.5
49.0278,-2.99217,-3.01293,1.50552,-3,-3,1.5
49.0378,-2.99225,-3.01295,1.50548,-3,-3,1.5
49.0478,-2.99232,-3.01297,1.50552,-3,-3,1.5
49.0578,-2.9924,-3.01299,1.50559,-3,-3,1.5
49.0678,-2.99248,-3.013,1.50565,-3,-3,1.5
49.0778,-2.99256,-3.01301,1.50569,-3,-3,1.5
49.0878,-2.99263,-3.01302,1.50572,-3,-3,1.5
49.0978,-2.99271,-3.01303,1.50574,-3,-3,1.5
49.1078,-2.99279,-3.01304,1.50574,-3,-3,1.5
49.1178,-2.99287,-3.01305,1.50574,-3,-3,1.5
49.1278,-2.99294,-3.01305,1.50574,-3,-3,1.5
49.1378,-2.99302,-3.01306,1.50573,-3,-3,1.5
49.1478,-2.9931,-3.01307,1.50573,-3,-3,1.5
49.1578,-2.99318,-3.01308,1.50572,-3,-3,1.5
49.1678,-2.99326,-3.01308,1.5057,-3,-3,1.5
49.1778,-2.99333,-3.01309,1.50569,-3,-3,1.5
49.1878,-2.99341,-3.0131,1.50567,-3,-3,1.5
49.1978,-2.99349,-3.01311,1.50565,-3,-3,1.5
49.2077,-2.99357,-3.01311,1.50561,-3,-3,1.5
49.2177,-2.99364,-3.01312,1.50558,-3,-3,1.5
49.2277,-2.99372,-3.01312,1.50555,-3,-3,1.5
49.2377,-2.9938,-3.01313,1.50553,-3,-3,1.5
49.2477,-2.99387,-3.01313,1.5055,-3,-3,1.5
49.2577,-2.99395,-3.01314,1.50548,-3,-3,1.5
49.2677,-2.99403,-3.01314,1.50545,-3,-3,1.5
49.2777,-2.9941,-3.01314,1.50542,-3,-3,1.5
49.2877,-2.99418,-3.01314,1.5054,-3,-3,1.5
49.2977,-2.99426,-3.01314,1.50537,-3,-3,1.5
49.3077,-2.99434,-3.01314,1.50535,-3,-3,1.5
49.3177,-2.99442,-3.01314,1.50532,-3,-3,1.5
49.3277,-2.99449,-3.01314,1.5053,-3,-3,1.5
49.3377,-2.99457,-3.01314,1.50528,-3,-3,1.5
49.3477,-2.99465,-3.01314,1.50526,-3,-3,1.5
49.3577,-2.99473,-3.01313,1.50524,-3,-3,1.5
49.3677,-2.99481,-3.01313,1.50522,-3,-3,1.5
49.3777,-2.99489,-3.01313,1.50518,-3,-3,1.5
49.3877,-2.99496,-3.01312,1.50516,-3,-3,1.5
49.3977,-2.99504,-3.01312,1.50513,-3,-3,1.5
49.4077,-2.99512,-3.01311,1.50511,-3,-3,1.5
49.4177,-2.9952,-3.01311,1.5051,-3,-3,1.5
49.4277,-2.99528,-3.0131,1.50508,-3,-3,1.5
49.4377,-2.99536,-3.01309,1.50507,-3,-3,1.5
49.4477,-2.99543,-3.01309,1.50506,-3,-3,1.5
49.4577,-2.99551,-3.01308,1.50505,-3,-3,1.5
49.4677,-2.99559,-3.01307,1.50504,-3,-3,1.5
49.4777,-2.99566,-3.01306,1.50503,-3,-3,1.5
49.4877,-2.99574,-3.01305,1.50501,-3,-3,1.5
49.4977,-2.99581,-3.01304,1.505,-3,-3,1.5
49.5077,-2.99588,-3.01303,1.50499,-3,-3,1.5
49.5177,-2.99595,-3.01302,1.50498,-3,-3,1.5
49.5277,-2.99602,-3.01301,1.50499,-3,-3,1.5
49.5377,-2.99609,-3.013,1.50498,-3,-3,1.5
49.5477,-2.99616,-3.01299,1.50498,-3,-3,1.5
49.5577,-2.99623,-3.01298,1.50497,-3,-3,1.5
49.5677,-2.99629,-3.01296,1.50496,-3,-3,1.5
49.5777,-2.99635,-3.01295,1.50495,-3,-3,1.5
49.5877,-2.99642,-3.01294,1.50494,-3,-3,1.5
49.5977,-2.99648,-3.01293,1.50493,-3,-3,1.5
49.6077,-2.99654,-3.01292,1.50492,-3,-3,1.5
49.6177,-2.9966,-3.0129,1.50491,-3,-3,1.5
49.6277,-2.99666,-3.01289,1.5049,-3,-3,1.5
49.6377,-2.99672,-3.01288,1.50489,-3,-3,1.5
49.6477,-2.99678,-3.01286,1.50488,-3,-3,1.5
49.6577,-2.99684,-3.01285,1.50487,-3,-3,1.5
49.6677,-2.99689,-3.01283,1.50487,-3,-3,1.5
49.6777,-2.99695,-3.01282,1.50487,-3,-3,1.5
49.6877,-2.99701,-3.0128,1.50488,-3,-3,1.5
49.6977,-2.99707,-3.01278,1.50487,-3,-3,1.5
49.7077,-2.99713,-3.01277,1.50486,-3,-3,1.5
49.7177,-2.99719,-3.01275,1.50485,-3,-3,1.5
49.7277,-2.99725,-3.01273,1.50484,-3,-3,1.5
49.7377,-2.99731,-3.01272,1.50483,-3,-3,1.5
49.7477,-2.99737,-3.0127,1.50481,-3,-3,1.5
49.7577,-2.99744,-3.01268,1.50479,-3,-3,1.5
49.7677,-2.9975,-3.01267,1.50478,-3,-3,1.5
49.7777,-2.99756,-3.01265,1.50477,-3,-3,1.5
49.7877,-2.99762,-3.01263,1.50476,-3,-3,1.5
49.7976,-2.99768,-3.01262,1.50475,-3,-3,1.5
49.8076,-2.99774,-3.0126,1.50473,-3,-3,1.5
49.8176,-2.99781,-3.01259,1.50472,-3,-3,1.5
49.8276,-2.99787,-3.01257,1.5047,-3,-3,1.5
49.8376,-2.99793,-3.01256,1.50468,-3,-3,1.5
49.8476,-2.998,-3.01254,1.50466,-3,-3,1.5
49.8576,-2.99806,-3.01253,1.50465,-3,-3,1.5
49.8676,-2.99813,-3.01251,1.50464,-3,-3,1.5
49.8776,-2.9982,-3.01249,1.50463,-3,-3,1.5
49.8876,-2.99827,-3.01248,1.50463,-3,-3,1.5
49.8976,-2.99834,-3.01246,1.50463,-3,-3,1.5
49.9076,-2.99841,-3.01245,1.50463,-3,-3,1.5
49.9176,-2.99848,-3.01243,1.50464,-3,-3,1.5
49.9276,-2.99855,-3.01242,1.50463,-3,-3,1.5
49.9376,-2.99863,-3.0124,1.50463,-3,-3,1.5
49.9476,-2.99871,-3.01239,1.50462,-3,-3,1.5
49.9576,-2.99878,-3.01238,1.50461,-3,-3,1.5
49.9676,-2.99886,-3.01236,1.50461,-3,-3,1.5
49.9776,-2.99894,-3.01235,1.50461,-3,-3,1.5
49.9876,-2.99902,-3.01234,1.50461,-3,-3,1.5
49.9976,-2.9991,-3.01232,1.50461,-3,-3,1.5
50.0076,-2.99918,-3.01231,1.50461,-3,-3,1.5
50.0176,-2.99927,-3.0123,1.5046,-3,-3,1.5
50.0276,-2.99935,-3.01228,1.5046,-3,-3,1.5
50.0376,-2.99944,-3.01227,1.5046,-3,-3,1.5
50.0476,-2.99953,-3.01226,1.5046,-3,-3,1.5
50.0576,-2.99962,-3.01224,1.50461,-3,-3,1.5
50.0676,-2.99971,-3.01223,1.50461,-3,-3,1.5
50.0776,-2.9998,-3.01222,1.50462,-3,-3,1.5
50.0876,-2.99989,-3.0122,1.50463,-3,-3,1.5
50.0976,-2.99998,-3.01219,1.50463,-3,-3,1.5
50.1076,-3.00008,-3.01218,1.50464,-3,-3,1.5
50.1176,-3.00017,-3.01216,1.50465,-3,-3,1.5
50.1276,-3.00027,-3.01215,1.50465,-3,-3,1.5
50.1376,-3.00037,-3.01214,1.50466,-3,-3,1.5
50.1476,-3.00047,-3.01212,1.50467,-3,-3,1.5
50.1576,-3.00057,-3.01211,1.50469,-3,-3,1.5
50.1676,-3.00067,-3.0121,1.50472,-3,-3,1.5
50.1776,-3.00078,-3.01209,1.50476,-3,-3,1.5
50.1876,-3.00088,-3.01208,1.50481,-3,-3,1.5
50.1976,-3.00099,-3.01207,1.50486,-3,-3,1.5
50.2076,-3.0011,-3.01206,1.50492,-3,-3,1.5
50.2176,-3.00121,-3.01205,1.50497,-3,-3,1.5
50.2276,-3.00132,-3.01205,1.50501,-3,-3,1.5
50.2376,-3.00143,-3.01204,1.50505,-3,-3,1.5
50.2476,-3.00154,-3.01204,1.50509,-3,-3,1.5
50.2576,-3.00165,-3.01204,1.50512,-3,-3,1.5
50.2676,-3.00176,-3.01204,1.50515,-3,-3,1.5
50.2776,-3.00187,-3.01205,1.50518,-3,-3,1.5
50.2876,-3.00197,-3.01205,1.50521,-3,-3,1.5
50.2976,-3.00207,-3.01206,1.50523,-3,-3,1.5
50.3076,-3.00217,-3.01206,1.50525,-3,-3,1.5
50.3176,-3.00227,-3.01207,1.50527,-3,-3,1.5
50.3276,-3.00236,-3.01207,1.5053,-3,-3,1.5
50.3376,-3.00244,-3.01208,1.50534,-3,-3,1.5
50.3476,-3.00252,-3.01208,1.50538,-3,-3,1.5
50.3576,-3.0026,-3.01209,1.50541,-3,-3,1.5
50.3676,-3.00268,-3.01209,1.50545,-3,-3,1.5
50.3776,-3.00275,-3.0121,1.50548,-3,-3,1.5
50.3876,-3.00282,-3.0121,1.50552,-3,-3,1.5
50.3975,-3.00289,-3.01211,1.50555,-3,-3,1.5
50.4075,-3.00295,-3.01211,1.50558,-3,-3,1.5
50.4175,-3.00302,-3.01212,1.50561,-3,-3,1.5
50.4275,-3.00308,-3.01212,1.50564,-3,-3,1.5
50.4375,-3.00314,-3.01212,1.50567,-3,-3,1.5
50.4475,-3.0032,-3.01213,1.50569,-3,-3,1.5
50.4575,-3.00326,-3.01213,1.5057,-3,-3,1.5
50.4675,-3.00332,-3.01213,1.50571,-3,-3,1.5
50.4775,-3.00337,-3.01214,1.50572,-3,-3,1.5
50.4875,-3.00343,-3.01214,1.50572,-3,-3,1.5
50.4975,-3.00348,-3.01214,1.50573,-3,-3,1.5
50.5075,-3.00353,-3.01214,1.50574,-3,-3,1.5
50.5175,-3.00358,-3.01214,1.50576,-3,-3,1.5
50.5275,-3.00363,-3.01214,1.50578,-3,-3,1.5
50.5375,-3.00367,-3.01214,1.5058,-3,-3,1.5
50.5475,-3.00371,-3.01214,1.50582,-3,-3,1.5
50.5575,-3.00375,-3.01214,1.50585,-3,-3,1.5
50.5675,-3.00379,-3.01214,1.50588,-3,-3,1.5
50.5775,-3.00382,-3.01214,1.5059,-3,-3,1.5
50.5875,-3.00384,-3.01214,1.50593,-3,-3,1.5
50.5975,-3.00387,-3.01214,1.50598,-3,-3,1.5
50.6075,-3.00388,-3.01213,1.50601,-3,-3,1.5
50.6175,-3.0039,-3.01213,1.50604,-3,-3,1.5
50.6275,-3.00391,-3.01213,1.50606,-3,-3,1.5
50.6375,-3.00392,-3.01212,1.50609,-3,-3,1.5
50.6475,-3.00393,-3.01212,1.50612,-3,-3,1.5
50.6575,-3.00394,-3.01212,1.50615,-3,-3,1.5
50.6675,-3.00394,-3.01211,1.50618,-3,-3,1.5
50.6775,-3.00394,-3.01211,1.50621,-3,-3,1.5
50.6875,-3.00394,-3.01211,1.50624,-3,-3,1.5
50.6975,-3.00393,-3.0121,1.50627,-3,-3,1.5
50.7075,-3.00393,-3.0121,1.50628,-3,-3,1.5
50.7175,-3.00392,-3.0121,1.50629,-3,-3,1.5
50.7275,-3.0039,-3.01209,1.50631,-3,-3,1.5
50.7375,-3.00389,-3.01209,1.50633,-3,-3,1.5
50.7475,-3.00387,-3.01208,1.50636,-3,-3,1.5
50.7575,-3.00386,-3.01208,1.50638,-3,-3,1.5
50.7675,-3.00383,-3.01207,1.50642,-3,-3,1.5
50.7775,-3.00381,-3.01207,1.50645,-3,-3,1.5
50.7875,-3.00378,-3.01206,1.50648,-3,-3,1.5
50.7975,-3.00376,-3.01205,1.50651,-3,-3,1.5
50.8075,-3.00373,-3.01204,1.50654,-3,-3,1.5
50.8175,-3.00369,-3.01203,1.50657,-3,-3,1.5
50.8275,-3.00366,-3.01202,1.50661,-3,-3,1.5
50.8375,-3.00362,-3.01201,1.50664,-3,-3,1.5
50.8475,-3.00358,-3.012,1.50666,-3,-3,1.5
50.8575,-3.00354,-3.01199,1.50669,-3,-3,1.5
50.8675,-3.0035,-3.01197,1.50672,-3,-3,1.5
50.8775,-3.00345,-3.01196,1.50677,-3,-3,1.5
50.8875,-3.0034,-3.01194,1.50682,-3,-3,1.5
50.8975,-3.00335,-3.01193,1.50686,-3,-3,1.5
50.9075,-3.0033,-3.01191,1.5069,-3,-3,1.5
50.9175,-3.00325,-3.01189,1.50693,-3,-3,1.5
50.9275,-3.00319,-3.01187,1.50696,-3,-3,1.5
50.9375,-3.00313,-3.01186,1.50698,-3,-3,1.5
50.9475,-3.00308,-3.01184,1.507,-3,-3,1.5
50.9575,-3.00302,-3.01182,1.50702,-3,-3,1.5
50.9675,-3.00296,-3.0118,1.50703,-3,-3,1.5
50.9775,-3.0029,-3.01178,1.50705,-3,-3,1.5
50.9874,-3.00283,-3.01176,1.50707,-3,-3,1.5
50.9974,-3.00277,-3.01174,1.5071,-3,-3,1.5
51.0074,-3.00271,-3.01172,1.50711,-3,-3,1.5
51.0174,-3.00264,-3.0117,1.50713,-3,-3,1.5
51.0274,-3.00258,-3.01168,1.50715,-3,-3,1.5
51.0374,-3.00251,-3.01166,1.50718,-3,-3,1.5
51.0474,-3.00244,-3.01164,1.5072,-3,-3,1.5
51.0574,-3.00237,-3.01162,1.50723,-3,-3,1.5
51.0674,-3.0023,-3.0116,1.50724,-3,-3,1.5
51.0774,-3.00223,-3.01158,1.50721,-3,-3,1.5
51.0874,-3.00216,-3.01156,1.50718,-3,-3,1.5
51.0974,-3.00209,-3.01154,1.50716,-3,-3,1.5
51.1074,-3.00202,-3.01152,1.50718,-3,-3,1.5
51.1174,-3.00195,-3.0115,1.5072,-3,-3,1.5
51.1274,-3.00188,-3.01148,1.5072,-3,-3,1.5
51.1374,-3.00181,-3.01147,1.5072,-3,-3,1.5
51.1474,-3.00174,-3.01145,1.50721,-3,-3,1.5
51.1574,-3.00167,-3.01144,1.50722,-3,-3,1.5
51.1674,-3.0016,-3.01143,1.50723,-3,-3,1.5
51.1774,-3.00153,-3.01142,1.50725,-3,-3,1.5
51.1874,-3.00146,-3.01141,1.50727,-3,-3,1.5
51.1974,-3.00139,-3.0114,1.5073,-3,-3,1.5
51.2074,-3.00132,-3.0114,1.5073,-3,-3,1.5
51.2174,-3.00125,-3.01139,1.50727,-3,-3,1.5
51.2274,-3.00118,-3.01139,1.50724,-3,-3,1.5
51.2374,-3.00111,-3.01138,1.50719,-3,-3,1.5
51.2474,-3.00104,-3.01138,1.50713,-3,-3,1.5
51.2574,-3.00098,-3.01137,1.50708,-3,-3,1.5
51.2674,-3.00091,-3.01136,1.50704,-3,-3,1.5
51.2774,-3.00085,-3.01136,1.507,-3,-3,1.5
51.2874,-3.00079,-3.01135,1.50696,-3,-3,1.5
51.2974,-3.00072,-3.01134,1.50691,-3,-3,1.5
51.3074,-3.00066,-3.01133,1.50688,-3,-3,1.5
51.3174,-3.00061,-3.01132,1.50685,-3,-3,1.5
51.3274,-3.00055,-3.01131,1.50682,-3,-3,1.5
51.3374,-3.00049,-3.0113,1.5068,-3,-3,1.5
51.3474,-3.00044,-3.0113,1.50679,-3,-3,1.5
51.3574,-3.00038,-3.01129,1.50679,-3,-3,1.5
51.3674,-3.00033,-3.01129,1.50678,-3,-3,1.5
51.3774,-3.00027,-3.01129,1.50677,-3,-3,1.5
51.3874,-3.00022,-3.01129,1.50682,-3,-3,1.5
51.3974,-3.00016,-3.0113,1.50686,-3,-3,1.5
51.4074,-3.00011,-3.0113,1.50685,-3,-3,1.5
51.4174,-3.00005,-3.01131,1.50686,-3,-3,1.5
51.4274,-3,-3.01133,1.50686,-3,-3,1.5
51.4374,-2.99995,-3.01134,1.50687,-3,-3,1.5
51.4474,-2.99989,-3.01135,1.50688,-3,-3,1.5
51.4574,-2.99984,-3.01137,1.5069,-3,-3,1.5
51.4674,-2.99979,-3.01139,1.50691,-3,-3,1.5
51.4774,-2.99974,-3.01141,1.50693,-3,-3,1.5
51.4874,-2.99969,-3.01142,1.50695,-3,-3,1.5
51.4974,-2.99964,-3.01144,1.50698,-3,-3,1.5
51.5074,-2.99959,-3.01146,1.50702,-3,-3,1.5
51.5174,-2.99954,-3.01148,1.50704,-3,-3,1.5
51.5274,-2.99949,-3.0115,1.50703,-3,-3,1.5
51.5374,-2.99944,-3.01153,1.50704,-3,-3,1.5
51.5474,-2.99939,-3.01155,1.50706,-3,-3,1.5
51.5574,-2.99934,-3.01157,1.50708,-3,-3,1.5
51.5674,-2.99929,-3.0116,1.50706,-3,-3,1.5
51.5774,-2.99924,-3.01162,1.50704,-3,-3,1.5
51.5873,-2.99919,-3.01165,1.50703,-3,-3,1.5
51.5973,-2.99914,-3.01168,1.50704,-3,-3,1.5
51.6073,-2.99909,-3.0117,1.50706,-3,-3,1.5
51.6173,-2.99903,-3.01173,1.5071,-3,-3,1.5
51.6273,-2.99897,-3.01176,1.50713,-3,-3,1.5
51.6373,-2.99891,-3.01178,1.50716,-3,-3,1.5
51.6473,-2.99885,-3.01181,1.50719,-3,-3,1.5
51.6573,-2.99879,-3.01183,1.50722,-3,-3,1.5
51.6673,-2.99873,-3.01185,1.50725,-3,-3,1.5
51.6773,-2.99866,-3.01188,1.50728,-3,-3,1.5
51.6873,-2.99859,-3.0119,1.50729,-3,-3,1.5
51.6973,-2.99853,-3.01192,1.5073,-3,-3,1.5
51.7073,-2.99846,-3.01194,1.5073,-3,-3,1.5
51.7173,-2.99839,-3.01195,1.5073,-3,-3,1.5
51.7273,-2.99832,-3.01197,1.50731,-3,-3,1.5
51.7373,-2.99824,-3.01199,1.50732,-3,-3,1.5
51.7473,-2.99817,-3.01201,1.50736,-3,-3,1.5
51.7573,-2.99809,-3.01204,1.50743,-3,-3,1.5
51.7673,-2.99801,-3.01206,1.50747,-3,-3,1.5
51.7773,-2.99793,-3.01209,1.5075,-3,-3,1.5
51.7873,-2.99785,-3.01212,1.50753,-3,-3,1.5
51.7973,-2.99777,-3.01214,1.50755,-3,-3,1.5
51.8073,-2.99769,-3.01217,1.50756,-3,-3,1.5
51.8173,-2.99762,-3.0122,1.50756,-3,-3,1.5
51.8273,-2.99754,-3.01223,1.50755,-3,-3,1.5
51.8373,-2.99747,-3.01226,1.50755,-3,-3,1.5
51.8473,-2.9974,-3.01229,1.50755,-3,-3,1.5
51.8573,-2.99734,-3.01232,1.50756,-3,-3,1.5
51.8673,-2.99728,-3.01235,1.50757,-3,-3,1.5
51.8773,-2.99722,-3.01238,1.50758,-3,-3,1.5
51.8873,-2.99716,-3.0124,1.50759,-3,-3,1.5
51.8973,-2.9971,-3.01243,1.5076,-3,-3,1.5
51.9073,-2.99704,-3.01246,1.50762,-3,-3,1.5
51.9173,-2.99699,-3.01249,1.50763,-3,-3,1.5
51.9273,-2.99694,-3.01252,1.50764,-3,-3,1.5
51.9373,-2.99688,-3.01255,1.50765,-3,-3,1.5
51.9473,-2.99683,-3.01257,1.50766,-3,-3,1.5
51.9573,-2.99678,-3.0126,1.50767,-3,-3,1.5
51.9673,-2.99672,-3.01262,1.50769,-3,-3,1.5
51.9773,-2.99667,-3.01264,1.50772,-3,-3,1.5
51.9873,-2.99662,-3.01267,1.50774,-3,-3,1.5
51.9973,-2.99656,-3.01269,1.50775,-3,-3,1.5
52.0073,-2.9965,-3.01271,1.50776,-3,-3,1.5
52.0173,-2.99644,-3.01273,1.50777,-3,-3,1.5
52.0273,-2.99638,-3.01274,1.50778,-3,-3,1.5
52.0373,-2.99632,-3.01276,1.50779,-3,-3,1.5
52.0473,-2.99626,-3.01278,1.5078,-3,-3,1.5
52.0573,-2.9962,-3.01279,1.50781,-3,-3,1.5
52.0673,-2.99613,-3.0128,1.50781,-3,-3,1.5
52.0773,-2.99607,-3.01281,1.50781,-3,-3,1.5
52.0873,-2.996,-3.01282,1.5078,-3,-3,1.5
52.0973,-2.99593,-3.01283,1.50779,-3,-3,1.5
52.1073,-2.99586,-3.01284,1.50779,-3,-3,1.5
52.1173,-2.99579,-3.01285,1.50778,-3,-3,1.5
52.1273,-2.99572,-3.01286,1.50777,-3,-3,1.5
52.1373,-2.99565,-3.01286,1.50776,-3,-3,1.5
52.1473,-2.99558,-3.01287,1.50775,-3,-3,1.5
52.1573,-2.9955,-3.01287,1.50773,-3,-3,1.5
52.1673,-2.99543,-3.01288,1.50771,-3,-3,1.5
52.1772,-2.99535,-3.01288,1.5077,-3,-3,1.5
52.1872,-2.99528,-3.01288,1.50768,-3,-3,1.5
52.1972,-2.9952,-3.01288,1.50766,-3,-3,1.5
52.2072,-2.99512,-3.01289,1.50764,-3,-3,1.5
52.2172,-2.99504,-3.01289,1.50762,-3,-3,1.5
52.2272,-2.99497,-3.01289,1.5076,-3,-3,1.5
52.2372,-2.99489,-3.01289,1.50759,-3,-3,1.5
52.2472,-2.99481,-3.0129,1.50757,-3,-3,1.5
52.2572,-2.99473,-3.0129,1.50755,-3,-3,1.5
52.2672,-2.99465,-3.0129,1.50753,-3,-3,1.5
52.2772,-2.99457,-3.0129,1.50752,-3,-3,1.5
52.2872,-2.99449,-3.01291,1.50751,-3,-3,1.5
52.2972,-2.99441,-3.01291,1.5075,-3,-3,1.5
52.3072,-2.99433,-3.01291,1.50749,-3,-3,1.5
52.3172,-2.99426,-3.01291,1.50748,-3,-3,1.5
52.3272,-2.99418,-3.01291,1.50747,-3,-3,1.5
52.3372,-2.9941,-3.01292,1.50746,-3,-3,1.5
52.3472,-2.99403,-3.01292,1.50745,-3,-3,1.5
52.3572,-2.99396,-3.01292,1.50745,-3,-3,1.5
52.3672,-2.99389,-3.01292,1.50744,-3,-3,1.5
52.3772,-2.99382,-3.01292,1.50743,-3,-3,1.5
52.3872,-2.99376,-3.01292,1.50743,-3,-3,1.5
52.3972,-2.9937,-3.01292,1.50741,-3,-3,1.5
52.4072,-2.99364,-3.01292,1.5074,-3,-3,1.5
52.4172,-2.99359,-3.01292,1.50739,-3,-3,1.5
52.4272,-2.99353,-3.01291,1.50738,-3,-3,1.5
52.4372,-2.99349,-3.01291,1.50736,-3,-3,1.5
52.4472,-2.99344,-3.01291,1.50735,-3,-3,1.5
52.4572,-2.99341,-3.01291,1.50733,-3,-3,1.5
52.4672,-2.99337,-3.0129,1.50732,-3,-3,1.5
52.4772,-2.99334,-3.0129,1.50731,-3,-3,1.5
52.4872,-2.99331,-3.0129,1.50729,-3,-3,1.5
52.4972,-2.99329,-3.0129,1.50728,-3,-3,1.5
52.5072,-2.99328,-3.01289,1.50726,-3,-3,1.5
52.5172,-2.99326,-3.01289,1.50725,-3,-3,1.5
52.5272,-2.99326,-3.01289,1.50723,-3,-3,1.5
52.5372,-2.99325,-3.0129,1.50721,-3,-3,1.5
52.5472,-2.99325,-3.0129,1.50718,-3,-3,1.5
52.5572,-2.99326,-3.0129,1.50716,-3,-3,1.5
52.5672,-2.99326,-3.0129,1.50714,-3,-3,1.5
52.5772,-2.99328,-3.01291,1.50711,-3,-3,1.5
52.5872,-2.99329,-3.01291,1.50709,-3,-3,1.5
52.5972,-2.99331,-3.01292,1.50707,-3,-3,1.5
52.6072,-2.99334,-3.01293,1.50704,-3,-3,1.5
52.6172,-2.99336,-3.01293,1.50701,-3,-3,1.5
52.6272,-2.99339,-3.01294,1.50699,-3,-3,1.5
52.6372,-2.99342,-3.01295,1.50697,-3,-3,1.5
52.6472,-2.99346,-3.01296,1.50694,-3,-3,1.5
52.6572,-2.99349,-3.01297,1.50691,-3,-3,1.5
52.6672,-2.99353,-3.01298,1.50688,-3,-3,1.5
52.6772,-2.99356,-3.01299,1.50685,-3,-3,1.5
52.6872,-2.9936,-3.013,1.50682,-3,-3,1.5
52.6972,-2.99364,-3.01301,1.50679,-3,-3,1.5
52.7072,-2.99367,-3.01302,1.50675,-3,-3,1.5
52.7172,-2.9937,-3.01304,1.50672,-3,-3,1.5
52.7272,-2.99374,-3.01305,1.50669,-3,-3,1.5
52.7372,-2.99377,-3.01306,1.50667,-3,-3,1.5
52.7472,-2.9938,-3.01307,1.50666,-3,-3,1.5
52.7572,-2.99382,-3.01308,1.50666,-3,-3,1.5
52.7672,-2.99385,-3.01309,1.50665,-3,-3,1.5
52.7771,-2.99387,-3.0131,1.50664,-3,-3,1.5
52.7871,-2.99389,-3.01312,1.50663,-3,-3,1.5
52.7971,-2.99392,-3.01313,1.50662,-3,-3,1.5
52.8071,-2.99394,-3.01314,1.50661,-3,-3,1.5
52.8171,-2.99397,-3.01315,1.50663,-3,-3,1.5
52.8271,-2.99399,-3.01317,1.50667,-3,-3,1.5
52.8371,-2.99402,-3.01318,1.50669,-3,-3,1.5
52.8471,-2.99405,-3.01319,1.5067,-3,-3,1.5
52.8571,-2.99408,-3.01321,1.5067,-3,-3,1.5
52.8671,-2.99411,-3.01322,1.50668,-3,-3,1.5
52.8771,-2.99414,-3.01323,1.50667,-3,-3,1.5
52.8871,-2.99417,-3.01325,1.50665,-3,-3,1.5
52.8971,-2.99421,-3.01326,1.50663,-3,-3,1.5
52.9071,-2.99424,-3.01327,1.50661,-3,-3,1.5
52.9171,-2.99427,-3.01329,1.50659,-3,-3,1.5
52.9271,-2.9943,-3.0133,1.50656,-3,-3,1.5
52.9371,-2.99433,-3.01331,1.50654,-3,-3,1.5
52.9471,-2.99436,-3.01333,1.50651,-3,-3,1.5
52.9571,-2.99439,-3.01334,1.50649,-3,-3,1.5
52.9671,-2.99442,-3.01335,1.50647,-3,-3,1.5
52.9771,-2.99445,-3.01337,1.50645,-3,-3,1.5
52.9871,-2.99448,-3.01338,1.50643,-3,-3,1.5
52.9971,-2.99451,-3.01339,1.50641,-3,-3,1.5
53.0071,-2.99454,-3.0134,1.50638,-3,-3,1.5
53.0171,-2.99457,-3.01341,1.50636,-3,-3,1.5
53.0271,-2.99459,-3.01342,1.50634,-3,-3,1.5
53.0371,-2.99462,-3.01342,1.50632,-3,-3,1.5
53.0471,-2.99465,-3.01343,1.5063,-3,-3,1.5
53.0571,-2.99467,-3.01344,1.50627,-3,-3,1.5
53.0671,-2.99469,-3.01344,1.50624,-3,-3,1.5
53.0771,-2.99471,-3.01345,1.50621,-3,-3,1.5
53.0871,-2.99474,-3.01345,1.50618,-3,-3,1.5
53.0971,-2.99475,-3.01346,1.50614,-3,-3,1.5
53.1071,-2.99477,-3.01346,1.5061,-3,-3,1.5
53.1171,-2.99479,-3.01346,1.50607,-3,-3,1.5
53.1271,-2.99481,-3.01346,1.50603,-3,-3,1.5
53.1371,-2.99482,-3.01346,1.50599,-3,-3,1.5
53.1471,-2.99483,-3.01346,1.50596,-3,-3,1.5
53.1571,-2.99484,-3.01346,1.50592,-3,-3,1.5
53.1671,-2.99485,-3.01346,1.50588,-3,-3,1.5
53.1771,-2.99486,-3.01346,1.50584,-3,-3,1.5
53.1871,-2.99487,-3.01346,1.5058,-3,-3,1.5
53.1971,-2.99487,-3.01346,1.50576,-3,-3,1.5
53.2071,-2.99487,-3.01346,1.50572,-3,-3,1.5
53.2171,-2.99487,-3.01345,1.5057,-3,-3,1.5
53.2271,-2.99487,-3.01345,1.5057,-3,-3,1.5
53.2371,-2.99486,-3.01345,1.50569,-3,-3,1.5
53.2471,-2.99486,-3.01345,1.50571,-3,-3,1.5
53.2571,-2.99486,-3.01345,1.50575,-3,-3,1.5
53.2671,-2.99485,-3.01345,1.50576,-3,-3,1.5
53.2771,-2.99485,-3.01345,1.50577,-3,-3,1.5
53.2871,-2.99485,-3.01345,1.50577,-3,-3,1.5
53.2971,-2.99484,-3.01345,1.50577,-3,-3,1.5
53.3071,-2.99484,-3.01346,1.50577,-3,-3,1.5
53.3171,-2.99484,-3.01347,1.50576,-3,-3,1.5
53.3271,-2.99484,-3.01347,1.50574,-3,-3,1.5
53.3371,-2.99484,-3.01348,1.50573,-3,-3,1.5
53.3471,-2.99484,-3.01349,1.50571,-3,-3,1.5
53.3571,-2.99484,-3.0135,1.5057,-3,-3,1.5
53.3671,-2.99484,-3.01351,1.50569,-3,-3,1.5
53.377,-2.99484,-3.01352,1.50567,-3,-3,1.5
53.387,-2.99484,-3.01353,1.50565,-3,-3,1.5
53.397,-2.99485,-3.01354,1.50562,-3,-3,1.5
53.407,-2.99486,-3.01355,1.50563,-3,-3,1.5
53.417,-2.99487,-3.01356,1.50566,-3,-3,1.5
53.427,-2.99488,-3.01357,1.50569,-3,-3,1.5
53.437,-2.9949,-3.01358,1.50571,-3,-3,1.5
53.447,-2.99492,-3.01358,1.50572,-3,-3,1.5
53.457,-2.99494,-3.01359,1.50574,-3,-3,1.5
53.467,-2.99496,-3.0136,1.50575,-3,-3,1.5
53.477,-2.99498,-3.01361,1.50575,-3,-3,1.5
53.487,-2.99501,-3.01362,1.50575,-3,-3,1.5
53.497,-2.99504,-3.01363,1.50575,-3,-3,1.5
53.507,-2.99508,-3.01364,1.50575,-3,-3,1.5
53.517,-2.99511,-3.01365,1.50574,-3,-3,1.5
53.527,-2.99515,-3.01367,1.50573,-3,-3,1.5
53.537,-2.99518,-3.01368,1.50572,-3,-3,1.5
53.547,-2.99522,-3.01369,1.50571,-3,-3,1.5
53.557,-2.99526,-3.0137,1.5057,-3,-3,1.5
53.567,-2.9953,-3.01372,1.50569,-3,-3,1.5
53.577,-2.99534,-3.01373,1.50567,-3,-3,1.5
53.587,-2.99538,-3.01374,1.50566,-3,-3,1.5
53.597,-2.99542,-3.01376,1.50563,-3,-3,1.5
53.607,-2.99546,-3.01377,1.50561,-3,-3,1.5
53.617,-2.9955,-3.01379,1.50558,-3,-3,1.5
53.627,-2.99554,-3.0138,1.50555,-3,-3,1.5
53.637,-2.99558,-3.01381,1.50552,-3,-3,1.5
53.647,-2.99561,-3.01382,1.50549,-3,-3,1.5
53.657,-2.99565,-3.01383,1.50545,-3,-3,1.5
53.667,-2.99569,-3.01384,1.50542,-3,-3,1.5
53.677,-2.99572,-3.01385,1.5054,-3,-3,1.5
53.687,-2.99576,-3.01386,1.50537,-3,-3,1.5
53.697,-2.99579,-3.01387,1.50535,-3,-3,1.5
53.707,-2.99582,-3.01387,1.50532,-3,-3,1.5
53.717,-2.99586,-3.01388,1.5053,-3,-3,1.5
53.727,-2.99589,-3.01388,1.50528,-3,-3,1.5
53.737,-2.99592,-3.01388,1.50529,-3,-3,1.5
53.747,-2.99596,-3.01389,1.50534,-3,-3,1.5
53.757,-2.99599,-3.01389,1.50536,-3,-3,1.5
53.767,-2.99603,-3.01389,1.50537,-3,-3,1.5
53.777,-2.99606,-3.0139,1.50539,-3,-3,1.5
53.787,-2.9961,-3.0139,1.5054,-3,-3,1.5
53.797,-2.99614,-3.01391,1.50544,-3,-3,1.5
53.807,-2.99618,-3.01392,1.5055,-3,-3,1.5
53.817,-2.99622,-3.01393,1.50556,-3,-3,1.5
53.827,-2.99626,-3.01394,1.50559,-3,-3,1.5
53.837,-2.9963,-3.01396,1.50561,-3,-3,1.5
53.847,-2.99634,-3.01397,1.50562,-3,-3,1.5
53.857,-2.99638,-3.01399,1.50564,-3,-3,1.5
53.867,-2.99642,-3.01401,1.50568,-3,-3,1.5
53.877,-2.99646,-3.01403,1.50569,-3,-3,1.5
53.887,-2.9965,-3.01405,1.50573,-3,-3,1.5
53.897,-2.99654,-3.01407,1.50578,-3,-3,1.5
53.907,-2.99658,-3.01409,1.50582,-3,-3,1.5
53.917,-2.99661,-3.01412,1.50587,-3,-3,1.5
53.927,-2.99665,-3.01414,1.50594,-3,-3,1.5
53.937,-2.99669,-3.01417,1.50599,-3,-3,1.5
53.947,-2.99672,-3.0142,1.50603,-3,-3,1.5
53.957,-2.99675,-3.01422,1.50606,-3,-3,1.5
53.9669,-2.99679,-3.01425,1.5061,-3,-3,1.5
53.9769,-2.99682,-3.01428,1.50611,-3,-3,1.5
53.9869,-2.99685,-3.01431,1.50611,-3,-3,1.5
53.9969,-2.99688,-3.01434,1.50609,-3,-3,1.5
54.0069,-2.99692,-3.01438,1.50608,-3,-3,1.5
54.0169,-2.99695,-3.01441,1.50607,-3,-3,1.5
54.0269,-2.99698,-3.01444,1.50605,-3,-3,1.5
54.0369,-2.99702,-3.01448,1.50604,-3,-3,1.5
54.0469,-2.99705,-3.01452,1.50602,-3,-3,1.5
54.0569,-2.99709,-3.01455,1.506,-3,-3,1.5
54.0669,-2.99713,-3.01459,1.50602,-3,-3,1.5
54.0769,-2.99716,-3.01463,1.50606,-3,-3,1.5
54.0869,-2.9972,-3.01467,1.50608,-3,-3,1.5
54.0969,-2.99725,-3.01471,1.50609,-3,-3,1.5
54.1069,-2.99729,-3.01475,1.50608,-3,-3,1.5
54.1169,-2.99733,-3.01479,1.50606,-3,-3,1.5
54.1269,-2.99737,-3.01483,1.50603,-3,-3,1.5
54.1369,-2.99741,-3.01487,1.506,-3,-3,1.5
54.1469,-2.99746,-3.01491,1.50601,-3,-3,1.5
54.1569,-2.9975,-3.01495,1.50607,-3,-3,1.5
54.1669,-2.99755,-3.01499,1.50612,-3,-3,1.5
54.1769,-2.99759,-3.01502,1.50616,-3,-3,1.5
54.1869,-2.99764,-3.01506,1.50618,-3,-3,1.5
54.1969,-2.99769,-3.0151,1.5062,-3,-3,1.5
54.2069,-2.99774,-3.01514,1.5062,-3,-3,1.5
54.2169,-2.99778,-3.01518,1.50618,-3,-3,1.5
54.2269,-2.99783,-3.01523,1.50615,-3,-3,1.5
54.2369,-2.99788,-3.01527,1.50613,-3,-3,1.5
54.2469,-2.99793,-3.01531,1.5061,-3,-3,1.5
54.2569,-2.99798,-3.01535,1.50608,-3,-3,1.5
54.2669,-2.99803,-3.01539,1.5061,-3,-3,1.5
54.2769,-2.99808,-3.01543,1.50615,-3,-3,1.5
54.2869,-2.99813,-3.01546,1.50618,-3,-3,1.5
54.2969,-2.99818,-3.0155,1.50619,-3,-3,1.5
54.3069,-2.99824,-3.01554,1.50619,-3,-3,1.5
54.3169,-2.99829,-3.01558,1.5062,-3,-3,1.5
54.3269,-2.99834,-3.01562,1.50618,-3,-3,1.5
54.3369,-2.99839,-3.01566,1.50614,-3,-3,1.5
54.3469,-2.99845,-3.0157,1.5061,-3,-3,1.5
54.3569,-2.9985,-3.01574,1.50605,-3,-3,1.5
54.3669,-2.99855,-3.01578,1.50603,-3,-3,1.5
54.3769,-2.99861,-3.01581,1.50603,-3,-3,1.5
54.3869,-2.99866,-3.01585,1.50601,-3,-3,1.5
54.3969,-2.99872,-3.01588,1.50603,-3,-3,1.5
54.4069,-2.99878,-3.01591,1.50608,-3,-3,1.5
54.4169,-2.99884,-3.01594,1.50611,-3,-3,1.5
54.4269,-2.99889,-3.01597,1.50613,-3,-3,1.5
54.4369,-2.99895,-3.01599,1.50613,-3,-3,1.5
54.4469,-2.99902,-3.01601,1.5061,-3,-3,1.5
54.4569,-2.99908,-3.01604,1.50611,-3,-3,1.5
54.4669,-2.99914,-3.01605,1.50615,-3,-3,1.5
54.4769,-2.99921,-3.01607,1.50616,-3,-3,1.5
54.4869,-2.99927,-3.01609,1.50616,-3,-3,1.5
54.4969,-2.99934,-3.01611,1.50615,-3,-3,1.5
54.5069,-2.99941,-3.01613,1.50613,-3,-3,1.5
54.5169,-2.99947,-3.01614,1.5061,-3,-3,1.5
54.5269,-2.99954,-3.01616,1.50607,-3,-3,1.5
54.5369,-2.99961,-3.01617,1.50604,-3,-3,1.5
54.5469,-2.99967,-3.01619,1.50601,-3,-3,1.5
54.5569,-2.99974,-3.0162,1.50598,-3,-3,1.5
54.5668,-2.9998,-3.01621,1.50595,-3,-3,1.5
54.5768,-2.99987,-3.01623,1.50592,-3,-3,1.5
54.5868,-2.99993,-3.01624,1.50589,-3,-3,1.5
54.5968,-2.99999,-3.01625,1.50586,-3,-3,1.5
54.6068,-3.00005,-3.01626,1.50583,-3,-3,1.5
54.6168,-3.00011,-3.01627,1.50579,-3,-3,1.5
54.6268,-3.00017,-3.01628,1.50575,-3,-3,1.5
54.6368,-3.00022,-3.01628,1.50571,-3,-3,1.5
54.6468,-3.00028,-3.01629,1.50569,-3,-3,1.5
54.6568,-3.00033,-3.0163,1.50569,-3,-3,1.5
54.6668,-3.00037,-3.0163,1.50568,-3,-3,1.5
54.6768,-3.00042,-3.0163,1.5057,-3,-3,1.5
54.6868,-3.00047,-3.01631,1.50573,-3,-3,1.5
54.6968,-3.00051,-3.01631,1.50576,-3,-3,1.5
54.7068,-3.00056,-3.01631,1.50576,-3,-3,1.5
54.7168,-3.0006,-3.01632,1.50576,-3,-3,1.5
54.7268,-3.00065,-3.01632,1.50575,-3,-3,1.5
54.7368,-3.00069,-3.01632,1.50573,-3,-3,1.5
54.7468,-3.00073,-3.01632,1.5057,-3,-3,1.5
54.7568,-3.00077,-3.01632,1.50567,-3,-3,1.5
54.7668,-3.00081,-3.01632,1.50563,-3,-3,1.5
54.7768,-3.00085,-3.01632,1.50558,-3,-3,1.5
54.7868,-3.0009,-3.01632,1.50552,-3,-3,1.5
54.7968,-3.00094,-3.01632,1.50548,-3,-3,1.5
54.8068,-3.00098,-3.01631,1.50544,-3,-3,1.5
54.8168,-3.00101,-3.01631,1.50541,-3,-3,1.5
54.8268,-3.00105,-3.0163,1.50538,-3,-3,1.5
54.8368,-3.00109,-3.01629,1.50536,-3,-3,1.5
54.8468,-3.00113,-3.01628,1.50534,-3,-3,1.5
54.8568,-3.00116,-3.01627,1.50531,-3,-3,1.5
54.8668,-3.0012,-3.01626,1.50527,-3,-3,1.5
54.8768,-3.00123,-3.01625,1.50523,-3,-3,1.5
54.8868,-3.00126,-3.01624,1.50519,-3,-3,1.5
54.8968,-3.00129,-3.01622,1.50517,-3,-3,1.5
54.9068,-3.00132,-3.01621,1.50515,-3,-3,1.5
54.9168,-3.00134,-3.01619,1.50514,-3,-3,1.5
54.9268,-3.00137,-3.01618,1.50513,-3,-3,1.5
54.9368,-3.00139,-3.01616,1.50513,-3,-3,1.5
54.9468,-3.00142,-3.01615,1.50513,-3,-3,1.5
54.9568,-3.00144,-3.01613,1.50513,-3,-3,1.5
54.9668,-3.00147,-3.01611,1.50513,-3,-3,1.5
54.9768,-3.00149,-3.01609,1.50514,-3,-3,1.5
54.9868,-3.00152,-3.01608,1.50513,-3,-3,1.5
54.9968,-3.00155,-3.01606,1.50511,-3,-3,1.5
55.0068,-3.00158,-3.01604,1.50511,-3,-3,1.5
55.0168,-3.00161,-3.01602,1.50512,-3,-3,1.5
55.0268,-3.00164,-3.016,1.50514,-3,-3,1.5
55.0368,-3.00167,-3.01598,1.50517,-3,-3,1.5
55.0468,-3.0017,-3.01596,1.5052,-3,-3,1.5
55.0568,-3.00174,-3.01595,1.50522,-3,-3,1.5
55.0668,-3.00177,-3.01593,1.50522,-3,-3,1.5
55.0768,-3.0018,-3.01591,1.50522,-3,-3,1.5
55.0868,-3.00183,-3.01589,1.50523,-3,-3,1.5
55.0968,-3.00186,-3.01588,1.50523,-3,-3,1.5
55.1068,-3.00189,-3.01586,1.50523,-3,-3,1.5
55.1168,-3.00193,-3.01584,1.50523,-3,-3,1.5
55.1268,-3.00196,-3.01582,1.50523,-3,-3,1.5
55.1368,-3.002,-3.01581,1.50523,-3,-3,1.5
55.1468,-3.00203,-3.01579,1.50523,-3,-3,1.5
55.1567,-3.00207,-3.01577,1.50522,-3,-3,1.5
55.1667,-3.00211,-3.01575,1.50522,-3,-3,1.5
55.1767,-3.00215,-3.01573,1.50522,-3,-3,1.5
55.1867,-3.00219,-3.01571,1.5052,-3,-3,1.5
55.1967,-3.00222,-3.01569,1.50517,-3,-3,1.5
55.2067,-3.00226,-3.01567,1.50514,-3,-3,1.5
55.2167,-3.0023,-3.01565,1.5051,-3,-3,1.5
55.2267,-3.00233,-3.01563,1.50507,-3,-3,1.5
55.2367,-3.00236,-3.01561,1.50504,-3,-3,1.5
55.2467,-3.00239,-3.01559,1.50501,-3,-3,1.5
55.2567,-3.00242,-3.01557,1.50497,-3,-3,1.5
55.2667,-3.00245,-3.01555,1.50494,-3,-3,1.5
55.2767,-3.00248,-3.01553,1.50492,-3,-3,1.5
55.2867,-3.00251,-3.01551,1.50489,-3,-3,1.5
55.2967,-3.00253,-3.01549,1.50487,-3,-3,1.5
55.3067,-3.00255,-3.01547,1.50485,-3,-3,1.5
55.3167,-3.00257,-3.01545,1.50484,-3,-3,1.5
55.3267,-3.00259,-3.01543,1.50483,-3,-3,1.5
55.3367,-3.00261,-3.01541,1.50482,-3,-3,1.5
55.3467,-3.00263,-3.0154,1.50482,-3,-3,1.5
55.3567,-3.00264,-3.01538,1.50481,-3,-3,1.5
55.3667,-3.00265,-3.01536,1.50481,-3,-3,1.5
55.3767,-3.00267,-3.01534,1.5048,-3,-3,1.5
55.3867,-3.00268,-3.01533,1.5048,-3,-3,1.5
55.3967,-3.00269,-3.01531,1.5048,-3,-3,1.5
55.4067,-3.0027,-3.01529,1.50481,-3,-3,1.5
55.4167,-3.00271,-3.01528,1.5048,-3,-3,1.5
55.4267,-3.00272,-3.01526,1.50479,-3,-3,1.5
55.4367,-3.00273,-3.01524,1.50477,-3,-3,1.5
55.4467,-3.00274,-3.01523,1.50475,-3,-3,1.5
55.4567,-3.00276,-3.01521,1.50473,-3,-3,1.5
55.4667,-3.00277,-3.0152,1.5047,-3,-3,1.5
55.4767,-3.00278,-3.01518,1.50467,-3,-3,1.5
55.4867,-3.0028,-3.01517,1.50465,-3,-3,1.5
55.4967,-3.00282,-3.01515,1.50463,-3,-3,1.5
55.5067,-3.00284,-3.01514,1.50462,-3,-3,1.5
55.5167,-3.00286,-3.01513,1.50464,-3,-3,1.5
55.5267,-3.00289,-3.01511,1.50464,-3,-3,1.5
55.5367,-3.00291,-3.0151,1.50466,-3,-3,1.5
55.5467,-3.00294,-3.01509,1.50468,-3,-3,1.5
55.5567,-3.00296,-3.01507,1.5047,-3,-3,1.5
55.5667,-3.00298,-3.01506,1.50472,-3,-3,1.5
55.5767,-3.003,-3.01504,1.50474,-3,-3,1.5
55.5867,-3.00302,-3.01503,1.50476,-3,-3,1.5
55.5967,-3.00304,-3.01501,1.50477,-3,-3,1.5
55.6067,-3.00305,-3.015,1.50478,-3,-3,1.5
55.6167,-3.00306,-3.01498,1.50479,-3,-3,1.5
55.6267,-3.00307,-3.01497,1.50479,-3,-3,1.5
55.6367,-3.00307,-3.01496,1.5048,-3,-3,1.5
55.6467,-3.00307,-3.01494,1.5048,-3,-3,1.5
55.6567,-3.00307,-3.01493,1.50481,-3,-3,1.5
55.6667,-3.00306,-3.01491,1.50481,-3,-3,1.5
55.6767,-3.00305,-3.0149,1.50482,-3,-3,1.5
55.6867,-3.00304,-3.01488,1.50485,-3,-3,1.5
55.6967,-3.00302,-3.01487,1.50489,-3,-3,1.5
55.7067,-3.003,-3.01485,1.50493,-3,-3,1.5
55.7167,-3.00298,-3.01483,1.50497,-3,-3,1.5
55.7267,-3.00295,-3.01482,1.50502,-3,-3,1.5
55.7367,-3.00293,-3.0148,1.50506,-3,-3,1.5
55.7467,-3.0029,-3.01479,1.5051,-3,-3,1.5
55.7566,-3.00287,-3.01477,1.50513,-3,-3,1.5
55.7666,-3.00284,-3.01476,1.50515,-3,-3,1.5
55.7766,-3.00281,-3.01474,1.50518,-3,-3,1.5
55.7866,-3.00278,-3.01473,1.50521,-3,-3,1.5
55.7966,-3.00276,-3.01471,1.50523,-3,-3,1.5
55.8066,-3.00273,-3.0147,1.50526,-3,-3,1.5
55.8166,-3.0027,-3.01468,1.50529,-3,-3,1.5
55.8266,-3.00267,-3.01467,1.50531,-3,-3,1.5
55.8366,-3.00265,-3.01466,1.50533,-3,-3,1.5
55.8466,-3.00262,-3.01465,1.50535,-3,-3,1.5
55.8566,-3.0026,-3.01464,1.50537,-3,-3,1.5
55.8666,-3.00257,-3.01462,1.50539,-3,-3,1.5
55.8766,-3.00254,-3.01461,1.5054,-3,-3,1.5
55.8866,-3.00252,-3.0146,1.50542,-3,-3,1.5
55.8966,-3.00249,-3.01459,1.50543,-3,-3,1.5
55.9066,-3.00246,-3.01457,1.50545,-3,-3,1.5
55.9166,-3.00243,-3.01456,1.50548,-3,-3,1.5
55.9266,-3.0024,-3.01454,1.5055,-3,-3,1.5
55.9366,-3.00237,-3.01453,1.50551,-3,-3,1.5
55.9466,-3.00234,-3.01451,1.50552,-3,-3,1.5
55.9566,-3.0023,-3.0145,1.50554,-3,-3,1.5
55.9666,-3.00227,-3.01448,1.50554,-3,-3,1.5
55.9766,-3.00223,-3.01446,1.50555,-3,-3,1.5
55.9866,-3.00218,-3.01445,1.50556,-3,-3,1.5
55.9966,-3.00214,-3.01443,1.50558,-3,-3,1.5
56.0066,-3.00209,-3.01441,1.5056,-3,-3,1.5
56.0166,-3.00204,-3.01439,1.50565,-3,-3,1.5
56.0266,-3.00198,-3.01437,1.5057,-3,-3,1.5
56.0366,-3.00193,-3.01435,1.50575,-3,-3,1.5
56.0466,-3.00187,-3.01433,1.50579,-3,-3,1.5
56.0566,-3.0018,-3.01431,1.50583,-3,-3,1.5
56.0666,-3.00174,-3.01429,1.50586,-3,-3,1.5
56.0766,-3.00168,-3.01427,1.50589,-3,-3,1.5
56.0866,-3.00161,-3.01424,1.50591,-3,-3,1.5
56.0966,-3.00154,-3.01422,1.50592,-3,-3,1.5
56.1066,-3.00147,-3.0142,1.50593,-3,-3,1.5
56.1166,-3.0014,-3.01417,1.50594,-3,-3,1.5
56.1266,-3.00133,-3.01415,1.50595,-3,-3,1.5
56.1366,-3.00126,-3.01413,1.50596,-3,-3,1.5
56.1466,-3.00119,-3.0141,1.50597,-3,-3,1.5
56.1566,-3.00112,-3.01408,1.50598,-3,-3,1.5
56.1666,-3.00104,-3.01405,1.50601,-3,-3,1.5
56.1766,-3.00097,-3.01403,1.50603,-3,-3,1.5
56.1866,-3.00089,-3.014,1.50608,-3,-3,1.5
56.1966,-3.00081,-3.01398,1.50613,-3,-3,1.5
56.2066,-3.00073,-3.01395,1.50618,-3,-3,1.5
56.2166,-3.00065,-3.01393,1.50623,-3,-3,1.5
56.2266,-3.00056,-3.0139,1.50628,-3,-3,1.5
56.2366,-3.00048,-3.01388,1.50632,-3,-3,1.5
56.2466,-3.00039,-3.01385,1.50636,-3,-3,1.5
56.2566,-3.0003,-3.01383,1.50639,-3,-3,1.5
56.2666,-3.00021,-3.0138,1.50643,-3,-3,1.5
56.2766,-3.00011,-3.01378,1.50646,-3,-3,1.5
56.2866,-3.00002,-3.01375,1.50649,-3,-3,1.5
56.2966,-2.99992,-3.01373,1.50652,-3,-3,1.5
56.3066,-2.99982,-3.0137,1.50655,-3,-3,1.5
56.3166,-2.99972,-3.01368,1.50659,-3,-3,1.5
56.3266,-2.99962,-3.01365,1.50663,-3,-3,1.5
56.3366,-2.99951,-3.01363,1.50666,-3,-3,1.5
56.3465,-2.9994,-3.0136,1.50668,-3,-3,1.5
56.3565,-2.99929,-3.01357,1.5067,-3,-3,1.5
56.3665,-2.99918,-3.01355,1.50673,-3,-3,1.5
56.3765,-2.99907,-3.01352,1.50676,-3,-3,1.5
56.3865,-2.99896,-3.01349,1.5068,-3,-3,1.5
56.3965,-2.99884,-3.01346,1.50683,-3,-3,1.5
56.4065,-2.99872,-3.01343,1.50687,-3,-3,1.5
56.4165,-2.99861,-3.0134,1.50692,-3,-3,1.5
56.4265,-2.99849,-3.01337,1.50696,-3,-3,1.5
56.4365,-2.99837,-3.01334,1.50695,-3,-3,1.5
56.4465,-2.99825,-3.01331,1.50693,-3,-3,1.5
56.4565,-2.99813,-3.01328,1.50692,-3,-3,1.5
56.4665,-2.99801,-3.01325,1.50692,-3,-3,1.5
56.4765,-2.9979,-3.01322,1.50692,-3,-3,1.5
56.4865,-2.99778,-3.01319,1.50689,-3,-3,1.5
56.4965,-2.99767,-3.01316,1.50683,-3,-3,1.5
56.5065,-2.99756,-3.01313,1.50679,-3,-3,1.5
56.5165,-2.99745,-3.0131,1.50674,-3,-3,1.5
56.5265,-2.99734,-3.01308,1.5067,-3,-3,1.5
56.5365,-2.99723,-3.01305,1.50665,-3,-3,1.5
56.5465,-2.99713,-3.01302,1.50661,-3,-3,1.5
56.5565,-2.99703,-3.01299,1.50657,-3,-3,1.5
56.5665,-2.99693,-3.01296,1.50652,-3,-3,1.5
56.5765,-2.99683,-3.01294,1.50647,-3,-3,1.5
56.5865,-2.99674,-3.01291,1.5064,-3,-3,1.5
56.5965,-2.99664,-3.01288,1.50636,-3,-3,1.5
56.6065,-2.99655,-3.01285,1.50631,-3,-3,1.5
56.6165,-2.99646,-3.01282,1.50626,-3,-3,1.5
56.6265,-2.99638,-3.01279,1.50623,-3,-3,1.5
56.6365,-2.99629,-3.01276,1.50622,-3,-3,1.5
56.6465,-2.99621,-3.01273,1.50619,-3,-3,1.5
56.6565,-2.99612,-3.0127,1.50616,-3,-3,1.5
56.6665,-2.99604,-3.01266,1.50616,-3,-3,1.5
56.6765,-2.99596,-3.01263,1.50617,-3,-3,1.5
56.6865,-2.99588,-3.0126,1.50623,-3,-3,1.5
56.6965,-2.9958,-3.01256,1.50629,-3,-3,1.5
56.7065,-2.99572,-3.01253,1.50633,-3,-3,1.5
56.7165,-2.99564,-3.0125,1.50637,-3,-3,1.5
56.7265,-2.99557,-3.01247,1.50641,-3,-3,1.5
56.7365,-2.99549,-3.01244,1.50644,-3,-3,1.5
56.7465,-2.99541,-3.0124,1.50647,-3,-3,1.5
56.7565,-2.99534,-3.01237,1.5065,-3,-3,1.5
56.7665,-2.99526,-3.01234,1.50653,-3,-3,1.5
56.7765,-2.99518,-3.0123,1.5065,-3,-3,1.5
56.7865,-2.99511,-3.01227,1.50646,-3,-3,1.5
56.7965,-2.99503,-3.01223,1.50646,-3,-3,1.5
56.8065,-2.99495,-3.01219,1.50647,-3,-3,1.5
56.8165,-2.99487,-3.01216,1.50652,-3,-3,1.5
56.8265,-2.9948,-3.01212,1.50658,-3,-3,1.5
56.8365,-2.99473,-3.01207,1.50663,-3,-3,1.5
56.8465,-2.99466,-3.01203,1.50668,-3,-3,1.5
56.8565,-2.9946,-3.01198,1.50673,-3,-3,1.5
56.8665,-2.99454,-3.01194,1.50676,-3,-3,1.5
56.8765,-2.99449,-3.01189,1.50682,-3,-3,1.5
56.8865,-2.99443,-3.01185,1.50687,-3,-3,1.5
56.8965,-2.99438,-3.0118,1.50689,-3,-3,1.5
56.9065,-2.99433,-3.01176,1.5069,-3,-3,1.5
56.9165,-2.99428,-3.01172,1.50691,-3,-3,1.5
56.9265,-2.99423,-3.01169,1.50692,-3,-3,1.5
56.9365,-2.99418,-3.01165,1.50693,-3,-3,1.5
56.9464,-2.99413,-3.01162,1.50696,-3,-3,1.5
56.9564,-2.99409,-3.01159,1.50698,-3,-3,1.5
56.9664,-2.99404,-3.01155,1.507,-3,-3,1.5
56.9764,-2.99399,-3.01152,1.50702,-3,-3,1.5
56.9864,-2.99395,-3.01149,1.50704,-3,-3,1.5
56.9964,-2.9939,-3.01146,1.50707,-3,-3,1.5
57.0064,-2.99385,-3.01143,1.50708,-3,-3,1.5
57.0164,-2.9938,-3.0114,1.50709,-3,-3,1.5
57.0264,-2.99375,-3.01137,1.5071,-3,-3,1.5
57.0364,-2.9937,-3.01134,1.50711,-3,-3,1.5
57.0464,-2.99365,-3.01131,1.50712,-3,-3,1.5
57.0564,-2.9936,-3.01128,1.50714,-3,-3,1.5
57.0664,-2.99354,-3.01125,1.50715,-3,-3,1.5
57.0764,-2.99348,-3.01122,1.50716,-3,-3,1.5
57.0864,-2.99343,-3.0112,1.50717,-3,-3,1.5
57.0964,-2.99336,-3.01117,1.50717,-3,-3,1.5
57.1064,-2.9933,-3.01114,1.50718,-3,-3,1.5
57.1164,-2.99323,-3.01111,1.50722,-3,-3,1.5
57.1264,-2.99316,-3.01108,1.50726,-3,-3,1.5
57.1364,-2.99309,-3.01105,1.50728,-3,-3,1.5
57.1464,-2.99301,-3.01101,1.5073,-3,-3,1.5
57.1564,-2.99294,-3.01098,1.50731,-3,-3,1.5
57.1664,-2.99286,-3.01096,1.50732,-3,-3,1.5
57.1764,-2.99278,-3.01093,1.50734,-3,-3,1.5
57.1864,-2.9927,-3.0109,1.50736,-3,-3,1.5
57.1964,-2.99262,-3.01087,1.50738,-3,-3,1.5
57.2064,-2.99255,-3.01084,1.5074,-3,-3,1.5
57.2164,-2.99247,-3.01081,1.5074,-3,-3,1.5
57.2264,-2.99239,-3.01078,1.5074,-3,-3,1.5
57.2364,-2.99231,-3.01075,1.50739,-3,-3,1.5
57.2464,-2.99223,-3.01073,1.50738,-3,-3,1.5
57.2564,-2.99216,-3.0107,1.50737,-3,-3,1.5
57.2664,-2.99208,-3.01067,1.50737,-3,-3,1.5
57.2764,-2.99201,-3.01064,1.50736,-3,-3,1.5
57.2864,-2.99193,-3.01062,1.50735,-3,-3,1.5
57.2964,-2.99186,-3.01059,1.50734,-3,-3,1.5
57.3064,-2.99179,-3.01056,1.50733,-3,-3,1.5
57.3164,-2.99172,-3.01054,1.50733,-3,-3,1.5
57.3264,-2.99165,-3.01051,1.50732,-3,-3,1.5
57.3364,-2.99158,-3.01048,1.50731,-3,-3,1.5
57.3464,-2.99151,-3.01046,1.5073,-3,-3,1.5
57.3564,-2.99144,-3.01043,1.50729,-3,-3,1.5
57.3664,-2.99137,-3.01041,1.50727,-3,-3,1.5
57.3764,-2.99131,-3.01039,1.50726,-3,-3,1.5
57.3864,-2.99124,-3.01036,1.50724,-3,-3,1.5
57.3964,-2.99118,-3.01034,1.50723,-3,-3,1.5
57.4064,-2.99112,-3.01032,1.50722,-3,-3,1.5
57.4164,-2.99105,-3.01029,1.50721,-3,-3,1.5
57.4264,-2.99099,-3.01027,1.5072,-3,-3,1.5
57.4364,-2.99093,-3.01025,1.50718,-3,-3,1.5
57.4464,-2.99087,-3.01023,1.50717,-3,-3,1.5
57.4564,-2.99081,-3.01021,1.50716,-3,-3,1.5
57.4664,-2.99075,-3.01019,1.50715,-3,-3,1.5
57.4764,-2.99069,-3.01017,1.50715,-3,-3,1.5
57.4864,-2.99064,-3.01015,1.50715,-3,-3,1.5
57.4964,-2.99058,-3.01013,1.50716,-3,-3,1.5
57.5064,-2.99053,-3.01011,1.50717,-3,-3,1.5
57.5164,-2.99047,-3.01009,1.50717,-3,-3,1.5
57.5264,-2.99042,-3.01007,1.50718,-3,-3,1.5
57.5364,-2.99037,-3.01005,1.50718,-3,-3,1.5
57.5463,-2.99032,-3.01003,1.50718,-3,-3,1.5
57.5563,-2.99027,-3.01001,1.50718,-3,-3,1.5
57.5663,-2.99022,-3.00999,1.50718,-3,-3,1.5
57.5763,-2.99017,-3.00998,1.50717,-3,-3,1.5
57.5863,-2.99012,-3.00996,1.50716,-3,-3,1.5
57.5963,-2.99007,-3.00994,1.50715,-3,-3,1.5
57.6063,-2.99002,-3.00992,1.50714,-3,-3,1.5
57.6163,-2.98997,-3.0099,1.50712,-3,-3,1.5
57.6263,-2.98992,-3.00989,1.50708,-3,-3,1.5
57.6363,-2.98988,-3.00987,1.50706,-3,-3,1.5
57.6463,-2.98983,-3.00985,1.50703,-3,-3,1.5
57.6563,-2.98978,-3.00984,1.50701,-3,-3,1.5
57.6663,-2.98974,-3.00982,1.50698,-3,-3,1.5
57.6763,-2.98969,-3.0098,1.50695,-3,-3,1.5
57.6863,-2.98964,-3.00979,1.50693,-3,-3,1.5
57.6963,-2.9896,-3.00977,1.5069,-3,-3,1.5
57.7063,-2.98955,-3.00975,1.50687,-3,-3,1.5
57.7163,-2.98951,-3.00974,1.50685,-3,-3,1.5
57.7263,-2.98947,-3.00973,1.50682,-3,-3,1.5
57.7363,-2.98943,-3.00971,1.5068,-3,-3,1.5
57.7463,-2.98939,-3.0097,1.50678,-3,-3,1.5
57.7563,-2.98935,-3.00969,1.50676,-3,-3,1.5
57.7663,-2.98931,-3.00968,1.50673,-3,-3,1.5
57.7763,-2.98928,-3.00967,1.50671,-3,-3,1.5
57.7863,-2.98925,-3.00966,1.50669,-3,-3,1.5
57.7963,-2.98923,-3.00965,1.50667,-3,-3,1.5
57.8063,-2.9892,-3.00965,1.50665,-3,-3,1.5
57.8163,-2.98918,-3.00964,1.50664,-3,-3,1.5
57.8263,-2.98917,-3.00964,1.50662,-3,-3,1.5
57.8363,-2.98916,-3.00963,1.5066,-3,-3,1.5
57.8463,-2.98915,-3.00963,1.50659,-3,-3,1.5
57.8563,-2.98914,-3.00963,1.50658,-3,-3,1.5
57.8663,-2.98914,-3.00963,1.50656,-3,-3,1.5
57.8763,-2.98915,-3.00963,1.50655,-3,-3,1.5
57.8863,-2.98916,-3.00963,1.50653,-3,-3,1.5
57.8963,-2.98917,-3.00964,1.50651,-3,-3,1.5
57.9063,-2.98918,-3.00964,1.50648,-3,-3,1.5
57.9163,-2.9892,-3.00965,1.50645,-3,-3,1.5
57.9263,-2.98923,-3.00966,1.50641,-3,-3,1.5
57.9363,-2.98926,-3.00967,1.50639,-3,-3,1.5
57.9463,-2.98929,-3.00968,1.5064,-3,-3,1.5
57.9563,-2.98932,-3.00969,1.5064,-3,-3,1.5
57.9663,-2.98936,-3.0097,1.50639,-3,-3,1.5
57.9763,-2.9894,-3.00971,1.5064,-3,-3,1.5
57.9863,-2.98944,-3.00972,1.50641,-3,-3,1.5
57.9963,-2.98949,-3.00973,1.50641,-3,-3,1.5
58.0063,-2.98954,-3.00974,1.50642,-3,-3,1.5
58.0163,-2.98959,-3.00975,1.50643,-3,-3,1.5
58.0263,-2.98965,-3.00976,1.50643,-3,-3,1.5
58.0363,-2.98971,-3.00977,1.50644,-3,-3,1.5
58.0463,-2.98977,-3.00979,1.50645,-3,-3,1.5
58.0563,-2.98983,-3.0098,1.50645,-3,-3,1.5
58.0663,-2.9899,-3.00982,1.50646,-3,-3,1.5
58.0763,-2.98997,-3.00984,1.50647,-3,-3,1.5
58.0863,-2.99005,-3.00986,1.5065,-3,-3,1.5
58.0963,-2.99012,-3.00988,1.50653,-3,-3,1.5
58.1063,-2.9902,-3.00991,1.50654,-3,-3,1.5
58.1163,-2.99028,-3.00993,1.50654,-3,-3,1.5
58.1263,-2.99036,-3.00996,1.50653,-3,-3,1.5
58.1362,-2.99044,-3.00998,1.50652,-3,-3,1.5
58.1462,-2.99052,-3.01001,1.5065,-3,-3,1.5
58.1562,-2.9906,-3.01004,1.50648,-3,-3,1.5
58.1662,-2.99068,-3.01007,1.50646,-3,-3,1.5
58.1762,-2.99076,-3.0101,1.50645,-3,-3,1.5
58.1862,-2.99083,-3.01013,1.50646,-3,-3,1.5
58.1962,-2.99091,-3.01015,1.50645,-3,-3,1.5
58.2062,-2.99098,-3.01018,1.50643,-3,-3,1.5
58.2162,-2.99106,-3.01021,1.50644,-3,-3,1.5
58.2262,-2.99113,-3.01024,1.50648,-3,-3,1.5
58.2362,-2.9912,-3.01027,1.50649,-3,-3,1.5
58.2462,-2.99127,-3.0103,1.50649,-3,-3,1.5
58.2562,-2.99135,-3.01033,1.50649,-3,-3,1.5
58.2662,-2.99142,-3.01036,1.5065,-3,-3,1.5
58.2762,-2.99148,-3.01039,1.50649,-3,-3,1.5
58.2862,-2.99155,-3.01042,1.50648,-3,-3,1.5
58.2962,-2.99161,-3.01045,1.50645,-3,-3,1.5
58.3062,-2.99168,-3.01049,1.50642,-3,-3,1.5
58.3162,-2.99174,-3.01052,1.50641,-3,-3,1.5
58.3262,-2.9918,-3.01055,1.50639,-3,-3,1.5
58.3362,-2.99186,-3.01058,1.50637,-3,-3,1.5
58.3462,-2.99191,-3.01062,1.50634,-3,-3,1.5
58.3562,-2.99197,-3.01065,1.5063,-3,-3,1.5
58.3662,-2.99203,-3.01068,1.50626,-3,-3,1.5
58.3762,-2.99208,-3.01071,1.50625,-3,-3,1.5
58.3862,-2.99214,-3.01074,1.50626,-3,-3,1.5
58.3962,-2.9922,-3.01077,1.50627,-3,-3,1.5
58.4062,-2.99226,-3.0108,1.50627,-3,-3,1.5
58.4162,-2.99231,-3.01082,1.50628,-3,-3,1.5
58.4262,-2.99237,-3.01085,1.50629,-3,-3,1.5
58.4362,-2.99244,-3.01088,1.50629,-3,-3,1.5
58.4462,-2.9925,-3.01091,1.50629,-3,-3,1.5
58.4562,-2.99256,-3.01094,1.50629,-3,-3,1.5
58.4662,-2.99263,-3.01097,1.5063,-3,-3,1.5
58.4762,-2.99269,-3.011,1.50633,-3,-3,1.5
58.4862,-2.99276,-3.01103,1.50638,-3,-3,1.5
58.4962,-2.99283,-3.01107,1.50642,-3,-3,1.5
58.5062,-2.9929,-3.01111,1.50647,-3,-3,1.5
58.5162,-2.99297,-3.01114,1.50652,-3,-3,1.5
58.5262,-2.99304,-3.01118,1.50658,-3,-3,1.5
58.5362,-2.99311,-3.01123,1.50662,-3,-3,1.5
58.5462,-2.99317,-3.01127,1.50663,-3,-3,1.5
58.5562,-2.99324,-3.01131,1.50664,-3,-3,1.5
58.5662,-2.9933,-3.01136,1.50666,-3,-3,1.5
58.5762,-2.99336,-3.01141,1.50668,-3,-3,1.5
58.5862,-2.99343,-3.01146,1.50667,-3,-3,1.5
58.5962,-2.99349,-3.0115,1.50667,-3,-3,1.5
58.6062,-2.99355,-3.01155,1.50665,-3,-3,1.5
58.6162,-2.9936,-3.0116,1.50663,-3,-3,1.5
58.6262,-2.99366,-3.01165,1.5066,-3,-3,1.5
58.6362,-2.99372,-3.01169,1.50657,-3,-3,1.5
58.6462,-2.99378,-3.01174,1.50654,-3,-3,1.5
58.6562,-2.99383,-3.01179,1.50652,-3,-3,1.5
58.6662,-2.99389,-3.01183,1.50652,-3,-3,1.5
58.6762,-2.99394,-3.01187,1.50654,-3,-3,1.5
58.6862,-2.994,-3.01192,1.50656,-3,-3,1.5
58.6962,-2.99405,-3.01196,1.50659,-3,-3,1.5
58.7062,-2.99411,-3.012,1.50662,-3,-3,1.5
58.7162,-2.99417,-3.01203,1.50664,-3,-3,1.5
58.7262,-2.99423,-3.01207,1.50665,-3,-3,1.5
58.7361,-2.99429,-3.01211,1.50664,-3,-3,1.5
58.7461,-2.99435,-3.01215,1.50662,-3,-3,1.5
58.7561,-2.99442,-3.01218,1.50661,-3,-3,1.5
58.7661,-2.99449,-3.01222,1.50661,-3,-3,1.5
58.7761,-2.99456,-3.01226,1.50665,-3,-3,1.5
58.7861,-2.99463,-3.0123,1.50671,-3,-3,1.5
58.7961,-2.9947,-3.01234,1.50681,-3,-3,1.5
58.8061,-2.99477,-3.01238,1.50688,-3,-3,1.5
58.8161,-2.99484,-3.01242,1.50691,-3,-3,1.5
58.8261,-2.99492,-3.01246,1.50693,-3,-3,1.5
58.8361,-2.99499,-3.01251,1.50694,-3,-3,1.5
58.8461,-2.99506,-3.01256,1.50694,-3,-3,1.5
58.8561,-2.99513,-3.0126,1.50695,-3,-3,1.5
58.8661,-2.9952,-3.01265,1.50695,-3,-3,1.5
58.8761,-2.99527,-3.0127,1.50695,-3,-3,1.5
58.8861,-2.99534,-3.01275,1.50693,-3,-3,1.5
58.8961,-2.99541,-3.0128,1.5069,-3,-3,1.5
58.9061,-2.99548,-3.01285,1.50686,-3,-3,1.5
58.9161,-2.99555,-3.0129,1.50682,-3,-3,1.5
58.9261,-2.99561,-3.01295,1.50682,-3,-3,1.5
58.9361,-2.99568,-3.01299,1.50684,-3,-3,1.5
58.9461,-2.99575,-3.01304,1.50684,-3,-3,1.5
58.9561,-2.99582,-3.01309,1.50682,-3,-3,1.5
58.9661,-2.99589,-3.01313,1.50678,-3,-3,1.5
58.9761,-2.99595,-3.01318,1.50673,-3,-3,1.5
58.9861,-2.99602,-3.01323,1.50667,-3,-3,1.5
58.9961,-2.99609,-3.01327,1.5066,-3,-3,1.5
59.0061,-2.99616,-3.01332,1.50656,-3,-3,1.5
59.0161,-2.99623,-3.01336,1.50656,-3,-3,1.5
59.0261,-2.9963,-3.0134,1.50654,-3,-3,1.5
59.0361,-2.99637,-3.01345,1.50653,-3,-3,1.5
59.0461,-2.99644,-3.01349,1.50652,-3,-3,1.5
59.0561,-2.99651,-3.01353,1.5065,-3,-3,1.5
59.0661,-2.99658,-3.01357,1.50649,-3,-3,1.5
59.0761,-2.99665,-3.01361,1.50648,-3,-3,1.5
59.0861,-2.99672,-3.01364,1.50647,-3,-3,1.5
59.0961,-2.99679,-3.01368,1.50647,-3,-3,1.5
59.1061,-2.99687,-3.01372,1.50646,-3,-3,1.5
59.1161,-2.99694,-3.01376,1.50646,-3,-3,1.5
59.1261,-2.99702,-3.0138,1.50645,-3,-3,1.5
59.1361,-2.9971,-3.01383,1.50644,-3,-3,1.5
59.1461,-2.99718,-3.01387,1.50644,-3,-3,1.5
59.1561,-2.99726,-3.01391,1.50643,-3,-3,1.5
59.1661,-2.99734,-3.01395,1.50642,-3,-3,1.5
59.1761,-2.99742,-3.01399,1.50641,-3,-3,1.5
59.1861,-2.99751,-3.01404,1.5064,-3,-3,1.5
59.1961,-2.99759,-3.01408,1.50641,-3,-3,1.5
59.2061,-2.99768,-3.01412,1.50646,-3,-3,1.5
59.2161,-2.99777,-3.01417,1.50653,-3,-3,1.5
59.2261,-2.99785,-3.01421,1.50658,-3,-3,1.5
59.2361,-2.99794,-3.01425,1.50661,-3,-3,1.5
59.2461,-2.99803,-3.0143,1.50666,-3,-3,1.5
59.2561,-2.99812,-3.01434,1.50674,-3,-3,1.5
59.2661,-2.99821,-3.01439,1.50681,-3,-3,1.5
59.2761,-2.9983,-3.01443,1.50688,-3,-3,1.5
59.2861,-2.99839,-3.01448,1.50694,-3,-3,1.5
59.2961,-2.99848,-3.01453,1.50698,-3,-3,1.5
59.3061,-2.99857,-3.01457,1.507,-3,-3,1.5
59.3161,-2.99865,-3.01462,1.50699,-3,-3,1.5
59.326,-2.99874,-3.01467,1.50698,-3,-3,1.5
59.336,-2.99883,-3.01472,1.50697,-3,-3,1.5
59.346,-2.99891,-3.01477,1.50696,-3,-3,1.5
59.356,-2.99899,-3.01483,1.50694,-3,-3,1.5
59.366,-2.99908,-3.01488,1.50691,-3,-3,1.5
59.376,-2.99916,-3.01493,1.50688,-3,-3,1.5
59.386,-2.99923,-3.01498,1.50683,-3,-3,1.5
59.396,-2.99931,-3.01503,1.50682,-3,-3,1.5
59.406,-2.99938,-3.01508,1.50683,-3,-3,1.5
59.416,-2.99945,-3.01513,1.50683,-3,-3,1.5
59.426,-2.99952,-3.01518,1.50684,-3,-3,1.5
59.436,-2.99959,-3.01523,1.50684,-3,-3,1.5
59.446,-2.99966,-3.01528,1.50684,-3,-3,1.5
59.456,-2.99973,-3.01533,1.50685,-3,-3,1.5
59.466,-2.9998,-3.01538,1.50685,-3,-3,1.5
59.476,-2.99987,-3.01543,1.50686,-3,-3,1.5
59.486,-2.99994,-3.01548,1.50687,-3,-3,1.5
59.496,-3.00001,-3.01553,1.50688,-3,-3,1.5
59.506,-3.00009,-3.01558,1.50692,-3,-3,1.5
59.516,-3.00016,-3.01564,1.50698,-3,-3,1.5
59.526,-3.00023,-3.01569,1.50703,-3,-3,1.5
59.536,-3.00031,-3.01575,1.50705,-3,-3,1.5
59.546,-3.00038,-3.01581,1.50703,-3,-3,1.5
59.556,-3.00045,-3.01586,1.50702,-3,-3,1.5
59.566,-3.00053,-3.01592,1.507,-3,-3,1.5
59.576,-3.0006,-3.01598,1.50697,-3,-3,1.5
59.586,-3.00067,-3.01605,1.50693,-3,-3,1.5
59.596,-3.00074,-3.01611,1.50689,-3,-3,1.5
59.606,-3.00081,-3.01616,1.50685,-3,-3,1.5
59.616,-3.00087,-3.01622,1.50681,-3,-3,1.5
59.626,-3.00094,-3.01628,1.50676,-3,-3,1.5
59.636,-3.001,-3.01634,1.50672,-3,-3,1.5
59.646,-3.00106,-3.01639,1.50671,-3,-3,1.5
59.656,-3.00112,-3.01645,1.50672,-3,-3,1.5
59.666,-3.00118,-3.0165,1.50672,-3,-3,1.5
59.676,-3.00124,-3.01655,1.5067,-3,-3,1.5
59.686,-3.0013,-3.0166,1.50669,-3,-3,1.5
59.696,-3.00135,-3.01665,1.50667,-3,-3,1.5
59.706,-3.00141,-3.0167,1.50666,-3,-3,1.5
59.716,-3.00147,-3.01675,1.50668,-3,-3,1.5
59.726,-3.00152,-3.01679,1.50671,-3,-3,1.5
59.736,-3.00158,-3.01684,1.50673,-3,-3,1.5
59.746,-3.00164,-3.01689,1.50673,-3,-3,1.5
59.756,-3.00169,-3.01694,1.50672,-3,-3,1.5
59.766,-3.00175,-3.01699,1.5067,-3,-3,1.5
59.776,-3.0018,-3.01704,1.5067,-3,-3,1.5
59.786,-3.00185,-3.01708,1.50671,-3,-3,1.5
59.796,-3.0019,-3.01713,1.50672,-3,-3,1.5
59.806,-3.00195,-3.01718,1.50672,-3,-3,1.5
59.816,-3.002,-3.01723,1.50672,-3,-3,1.5
59.826,-3.00205,-3.01727,1.50672,-3,-3,1.5
59.836,-3.0021,-3.01732,1.50671,-3,-3,1.5
59.846,-3.00215,-3.01737,1.50668,-3,-3,1.5
59.856,-3.0022,-3.01741,1.50666,-3,-3,1.5
59.866,-3.00225,-3.01746,1.50667,-3,-3,1.5
59.876,-3.0023,-3.01751,1.5067,-3,-3,1.5
59.886,-3.00235,-3.01755,1.50672,-3,-3,1.5
59.896,-3.0024,-3.0176,1.50673,-3,-3,1.5
59.906,-3.00245,-3.01764,1.50674,-3,-3,1.5
59.916,-3.0025,-3.01768,1.50674,-3,-3,1.5
59.9259,-3.00255,-3.01773,1.50675,-3,-3,1.5
59.9359,-3.0026,-3.01777,1.50676,-3,-3,1.5
59.9459,-3.00264,-3.01781,1.50676,-3,-3,1.5
59.9559,-3.00269,-3.01785,1.50675,-3,-3,1.5
59.9659,-3.00273,-3.01789,1.50673,-3,-3,1.5
59.9759,-3.00277,-3.01793,1.50672,-3,-3,1.5
59.9859,-3.00281,-3.01797,1.50671,-3,-3,1.5
59.9959,-3.00285,-3.01801,1.50669,-3,-3,1.5
60.0059,-3.00288,-3.01805,1.50668,-3,-3,1.5
60.0159,-3.00292,-3.01809,1.50666,-3,-3,1.5
60.0259,-3.00295,-3.01812,1.50664,-3,-3,1.5
60.0359,-3.00297,-3.01815,1.50663,-3,-3,1.5
60.0459,-3.003,-3.01819,1.50661,-3,-3,1.5
60.0559,-3.00302,-3.01822,1.50659,-3,-3,1.5
60.0659,-3.00304,-3.01825,1.50658,-3,-3,1.5
60.0759,-3.00306,-3.01828,1.50656,-3,-3,1.5
60.0859,-3.00308,-3.01831,1.50654,-3,-3,1.5
60.0959,-3.00309,-3.01833,1.50652,-3,-3,1.5
60.1059,-3.00311,-3.01836,1.5065,-3,-3,1.5
60.1159,-3.00312,-3.01838,1.50648,-3,-3,1.5
60.1259,-3.00312,-3.0184,1.50646,-3,-3,1.5
60.1359,-3.00313,-3.01843,1.50644,-3,-3,1.5
60.1459,-3.00314,-3.01845,1.50643,-3,-3,1.5
60.1559,-3.00314,-3.01846,1.50641,-3,-3,1.5
60.1659,-3.00314,-3.01848,1.5064,-3,-3,1.5
60.1759,-3.00315,-3.0185,1.50638,-3,-3,1.5
60.1859,-3.00315,-3.01852,1.50636,-3,-3,1.5
60.1959,-3.00315,-3.01853,1.50634,-3,-3,1.5
60.2059,-3.00315,-3.01855,1.50632,-3,-3,1.5
60.2159,-3.00316,-3.01856,1.50631,-3,-3,1.5
60.2259,-3.00316,-3.01857,1.5063,-3,-3,1.5
60.2359,-3.00317,-3.01858,1.50629,-3,-3,1.5
60.2459,-3.00317,-3.01859,1.50629,-3,-3,1.5
60.2559,-3.00318,-3.0186,1.50629,-3,-3,1.5
60.2659,-3.00319,-3.01861,1.50629,-3,-3,1.5
60.2759,-3.0032,-3.01861,1.50628,-3,-3,1.5
60.2859,-3.00321,-3.01862,1.50627,-3,-3,1.5
60.2959,-3.00322,-3.01862,1.50627,-3,-3,1.5
60.3059,-3.00323,-3.01863,1.50626,-3,-3,1.5
60.3159,-3.00325,-3.01864,1.50625,-3,-3,1.5
60.3259,-3.00326,-3.01864,1.50624,-3,-3,1.5
60.3359,-3.00327,-3.01865,1.50623,-3,-3,1.5
60.3459,-3.00329,-3.01865,1.50621,-3,-3,1.5
60.3559,-3.0033,-3.01866,1.50619,-3,-3,1.5
60.3659,-3.00331,-3.01867,1.50617,-3,-3,1.5
60.3759,-3.00332,-3.01867,1.50614,-3,-3,1.5
60.3859,-3.00334,-3.01868,1.50612,-3,-3,1.5
60.3959,-3.00335,-3.01869,1.5061,-3,-3,1.5
60.4059,-3.00336,-3.01869,1.50608,-3,-3,1.5
60.4159,-3.00337,-3.0187,1.50605,-3,-3,1.5
60.4259,-3.00337,-3.01871,1.50603,-3,-3,1.5
60.4359,-3.00338,-3.01872,1.50601,-3,-3,1.5
60.4459,-3.00338,-3.01872,1.50598,-3,-3,1.5
60.4559,-3.00338,-3.01873,1.50596,-3,-3,1.5
60.4659,-3.00338,-3.01874,1.50594,-3,-3,1.5
60.4759,-3.00338,-3.01874,1.50592,-3,-3,1.5
60.4859,-3.00337,-3.01875,1.5059,-3,-3,1.5
60.4959,-3.00336,-3.01876,1.50589,-3,-3,1.5
60.5059,-3.00335,-3.01876,1.50587,-3,-3,1.5
60.5159,-3.00334,-3.01877,1.50586,-3,-3,1.5
60.5258,-3.00332,-3.01878,1.50585,-3,-3,1.5
60.5358,-3.00329,-3.01878,1.50584,-3,-3,1.5
60.5458,-3.00327,-3.01879,1.50583,-3,-3,1.5
60.5558,-3.00324,-3.01879,1.50582,-3,-3,1.5
60.5658,-3.00321,-3.0188,1.50581,-3,-3,1.5
60.5758,-3.00317,-3.0188,1.5058,-3,-3,1.5
60.5858,-3.00313,-3.01881,1.50578,-3,-3,1.5
60.5958,-3.00309,-3.01881,1.50577,-3,-3,1.5
60.6058,-3.00304,-3.01882,1.50576,-3,-3,1.5
60.6158,-3.00299,-3.01882,1.50575,-3,-3,1.5
60.6258,-3.00293,-3.01882,1.50574,-3,-3,1.5
60.6358,-3.00288,-3.01883,1.50573,-3,-3,1.5
60.6458,-3.00281,-3.01883,1.50572,-3,-3,1.5
60.6558,-3.00275,-3.01883,1.50571,-3,-3,1.5
60.6658,-3.00268,-3.01884,1.50569,-3,-3,1.5
60.6758,-3.00261,-3.01884,1.50568,-3,-3,1.5
60.6858,-3.00253,-3.01884,1.50567,-3,-3,1.5
60.6958,-3.00245,-3.01885,1.50566,-3,-3,1.5
60.7058,-3.00237,-3.01885,1.50565,-3,-3,1.5
60.7158,-3.00229,-3.01885,1.50565,-3,-3,1.5
60.7258,-3.0022,-3.01885,1.50564,-3,-3,1.5
60.7358,-3.00211,-3.01885,1.50563,-3,-3,1.5
60.7458,-3.00202,-3.01885,1.50563,-3,-3,1.5
60.7558,-3.00192,-3.01885,1.50563,-3,-3,1.5
60.7658,-3.00182,-3.01885,1.50563,-3,-3,1.5
60.7758,-3.00172,-3.01885,1.50563,-3,-3,1.5
60.7858,-3.00162,-3.01885,1.50563,-3,-3,1.5
60.7958,-3.00151,-3.01885,1.50562,-3,-3,1.5
60.8058,-3.00141,-3.01885,1.50562,-3,-3,1.5
60.8158,-3.0013,-3.01885,1.50561,-3,-3,1.5
60.8258,-3.0012,-3.01885,1.50561,-3,-3,1.5
60.8358,-3.00109,-3.01885,1.50561,-3,-3,1.5
60.8458,-3.00098,-3.01884,1.50561,-3,-3,1.5
60.8558,-3.00087,-3.01884,1.5056,-3,-3,1.5
60.8658,-3.00076,-3.01884,1.5056,-3,-3,1.5
60.8758,-3.00064,-3.01883,1.5056,-3,-3,1.5
60.8858,-3.00053,-3.01883,1.50561,-3,-3,1.5
60.8958,-3.00042,-3.01883,1.50561,-3,-3,1.5
60.9058,-3.00031,-3.01882,1.50561,-3,-3,1.5
60.9158,-3.00019,-3.01882,1.50561,-3,-3,1.5
60.9258,-3.00008,-3.01881,1.50562,-3,-3,1.5
60.9358,-2.99997,-3.0188,1.50562,-3,-3,1.5
60.9458,-2.99985,-3.0188,1.50562,-3,-3,1.5
60.9558,-2.99974,-3.01879,1.50563,-3,-3,1.5
60.9658,-2.99963,-3.01878,1.50564,-3,-3,1.5
60.9758,-2.99951,-3.01878,1.50564,-3,-3,1.5
60.9858,-2.9994,-3.01877,1.50564,-3,-3,1.5
60.9958,-2.99929,-3.01876,1.50564,-3,-3,1.5
61.0058,-2.99917,-3.01875,1.50565,-3,-3,1.5
61.0158,-2.99906,-3.01875,1.50565,-3,-3,1.5
61.0258,-2.99894,-3.01874,1.50565,-3,-3,1.5
61.0358,-2.99883,-3.01873,1.50565,-3,-3,1.5
61.0458,-2.99872,-3.01872,1.50565,-3,-3,1.5
61.0558,-2.9986,-3.01871,1.50565,-3,-3,1.5
61.0658,-2.99849,-3.0187,1.50565,-3,-3,1.5
61.0758,-2.99838,-3.01869,1.50566,-3,-3,1.5
61.0858,-2.99827,-3.01868,1.50566,-3,-3,1.5
61.0958,-2.99816,-3.01867,1.50567,-3,-3,1.5
61.1058,-2.99805,-3.01866,1.50568,-3,-3,1.5
61.1157,-2.99793,-3.01865,1.50569,-3,-3,1.5
61.1257,-2.99782,-3.01864,1.50571,-3,-3,1.5
61.1357,-2.99771,-3.01863,1.50575,-3,-3,1.5
61.1457,-2.9976,-3.01862,1.50579,-3,-3,1.5
61.1557,-2.99749,-3.01861,1.50582,-3,-3,1.5
61.1657,-2.99738,-3.0186,1.50585,-3,-3,1.5
61.1757,-2.99727,-3.01859,1.50587,-3,-3,1.5
61.1857,-2.99716,-3.01857,1.50588,-3,-3,1.5
61.1957,-2.99704,-3.01856,1.50591,-3,-3,1.5
61.2057,-2.99693,-3.01855,1.50596,-3,-3,1.5
61.2157,-2.99682,-3.01853,1.506,-3,-3,1.5
61.2257,-2.99671,-3.01852,1.50603,-3,-3,1.5
61.2357,-2.9966,-3.0185,1.50607,-3,-3,1.5
61.2457,-2.99649,-3.01849,1.50609,-3,-3,1.5
61.2557,-2.99638,-3.01847,1.50611,-3,-3,1.5
61.2657,-2.99627,-3.01846,1.50613,-3,-3,1.5
61.2757,-2.99616,-3.01845,1.50615,-3,-3,1.5
61.2857,-2.99605,-3.01843,1.50617,-3,-3,1.5
61.2957,-2.99594,-3.01842,1.5062,-3,-3,1.5
61.3057,-2.99583,-3.0184,1.50622,-3,-3,1.5
61.3157,-2.99572,-3.01839,1.50625,-3,-3,1.5
61.3257,-2.99562,-3.01838,1.50628,-3,-3,1.5
61.3357,-2.99551,-3.01836,1.50631,-3,-3,1.5
61.3457,-2.9954,-3.01835,1.50632,-3,-3,1.5
61.3557,-2.99529,-3.01833,1.50634,-3,-3,1.5
61.3657,-2.99518,-3.01832,1.50636,-3,-3,1.5
61.3757,-2.99507,-3.0183,1.50641,-3,-3,1.5
61.3857,-2.99497,-3.01829,1.50646,-3,-3,1.5
61.3957,-2.99486,-3.01827,1.5065,-3,-3,1.5
61.4057,-2.99475,-3.01825,1.50653,-3,-3,1.5
61.4157,-2.99464,-3.01824,1.50656,-3,-3,1.5
61.4257,-2.99453,-3.01822,1.50658,-3,-3,1.5
61.4357,-2.99442,-3.0182,1.50661,-3,-3,1.5
61.4457,-2.99431,-3.01818,1.50664,-3,-3,1.5
61.4557,-2.9942,-3.01817,1.50666,-3,-3,1.5
61.4657,-2.99409,-3.01815,1.5067,-3,-3,1.5
61.4757,-2.99398,-3.01813,1.50675,-3,-3,1.5
61.4857,-2.99387,-3.01811,1.50679,-3,-3,1.5
61.4957,-2.99377,-3.01809,1.50683,-3,-3,1.5
61.5057,-2.99366,-3.01808,1.50687,-3,-3,1.5
61.5157,-2.99355,-3.01806,1.5069,-3,-3,1.5
61.5257,-2.99344,-3.01804,1.50693,-3,-3,1.5
61.5357,-2.99333,-3.01802,1.50694,-3,-3,1.5
61.5457,-2.99323,-3.018,1.50693,-3,-3,1.5
61.5557,-2.99312,-3.01798,1.50689,-3,-3,1.5
61.5657,-2.99301,-3.01796,1.50686,-3,-3,1.5
61.5757,-2.9929,-3.01794,1.50681,-3,-3,1.5
61.5857,-2.99279,-3.01792,1.50677,-3,-3,1.5
61.5957,-2.99268,-3.0179,1.50673,-3,-3,1.5
61.6057,-2.99257,-3.01788,1.5067,-3,-3,1.5
61.6157,-2.99247,-3.01787,1.50667,-3,-3,1.5
61.6257,-2.99236,-3.01785,1.50662,-3,-3,1.5
61.6357,-2.99226,-3.01783,1.50659,-3,-3,1.5
61.6457,-2.99216,-3.01781,1.50659,-3,-3,1.5
61.6557,-2.99206,-3.01779,1.5066,-3,-3,1.5
61.6657,-2.99196,-3.01777,1.50658,-3,-3,1.5
61.6757,-2.99186,-3.01775,1.50654,-3,-3,1.5
61.6857,-2.99177,-3.01773,1.50649,-3,-3,1.5
61.6957,-2.99167,-3.01772,1.50644,-3,-3,1.5
61.7057,-2.99158,-3.0177,1.50641,-3,-3,1.5
61.7156,-2.99149,-3.01768,1.5064,-3,-3,1.5
61.7256,-2.99141,-3.01766,1.50641,-3,-3,1.5
61.7356,-2.99132,-3.01765,1.50641,-3,-3,1.5
61.7456,-2.99124,-3.01763,1.50642,-3,-3,1.5
61.7556,-2.99116,-3.01761,1.50643,-3,-3,1.5
61.7656,-2.99108,-3.0176,1.50645,-3,-3,1.5
61.7756,-2.991,-3.01758,1.50648,-3,-3,1.5
61.7856,-2.99093,-3.01757,1.50649,-3,-3,1.5
61.7956,-2.99085,-3.01756,1.50649,-3,-3,1.5
61.8056,-2.99078,-3.01755,1.50651,-3,-3,1.5
61.8156,-2.99071,-3.01754,1.50656,-3,-3,1.5
61.8256,-2.99063,-3.01753,1.50657,-3,-3,1.5
61.8356,-2.99056,-3.01751,1.50656,-3,-3,1.5
61.8456,-2.99048,-3.0175,1.50656,-3,-3,1.5
61.8556,-2.99041,-3.01749,1.50658,-3,-3,1.5
61.8656,-2.99033,-3.01748,1.50661,-3,-3,1.5
61.8756,-2.99025,-3.01747,1.50665,-3,-3,1.5
61.8856,-2.99017,-3.01746,1.50669,-3,-3,1.5
61.8956,-2.99009,-3.01745,1.50673,-3,-3,1.5
61.9056,-2.99,-3.01744,1.50675,-3,-3,1.5
61.9156,-2.98992,-3.01743,1.50677,-3,-3,1.5
61.9256,-2.98983,-3.01741,1.50679,-3,-3,1.5
61.9356,-2.98975,-3.0174,1.50682,-3,-3,1.5
61.9456,-2.98966,-3.01739,1.50686,-3,-3,1.5
61.9556,-2.98957,-3.01738,1.5069,-3,-3,1.5
61.9656,-2.98948,-3.01737,1.50693,-3,-3,1.5
61.9756,-2.98939,-3.01736,1.50696,-3,-3,1.5
61.9856,-2.9893,-3.01735,1.50699,-3,-3,1.5
61.9956,-2.98921,-3.01734,1.50701,-3,-3,1.5
62.0056,-2.98912,-3.01733,1.50703,-3,-3,1.5
62.0156,-2.98902,-3.01732,1.50706,-3,-3,1.5
62.0256,-2.98893,-3.0173,1.50708,-3,-3,1.5
62.0356,-2.98883,-3.01729,1.5071,-3,-3,1.5
62.0456,-2.98874,-3.01728,1.50711,-3,-3,1.5
62.0556,-2.98864,-3.01726,1.50712,-3,-3,1.5
62.0656,-2.98855,-3.01725,1.50713,-3,-3,1.5
62.0756,-2.98845,-3.01723,1.50714,-3,-3,1.5
62.0856,-2.98835,-3.01722,1.50717,-3,-3,1.5
62.0956,-2.98825,-3.0172,1.5072,-3,-3,1.5
62.1056,-2.98816,-3.01718,1.50724,-3,-3,1.5
62.1156,-2.98806,-3.01716,1.50727,-3,-3,1.5
62.1256,-2.98796,-3.01715,1.5073,-3,-3,1.5
62.1356,-2.98786,-3.01713,1.50734,-3,-3,1.5
62.1456,-2.98776,-3.01711,1.50737,-3,-3,1.5
62.1556,-2.98766,-3.0171,1.50739,-3,-3,1.5
62.1656,-2.98756,-3.01708,1.50742,-3,-3,1.5
62.1756,-2.98747,-3.01706,1.50744,-3,-3,1.5
62.1856,-2.98737,-3.01704,1.50746,-3,-3,1.5
62.1956,-2.98727,-3.01702,1.50748,-3,-3,1.5
62.2056,-2.98718,-3.017,1.50749,-3,-3,1.5
62.2156,-2.98708,-3.01698,1.5075,-3,-3,1.5
62.2256,-2.98699,-3.01696,1.50752,-3,-3,1.5
62.2356,-2.98689,-3.01694,1.50753,-3,-3,1.5
62.2456,-2.9868,-3.01692,1.50756,-3,-3,1.5
62.2556,-2.9867,-3.0169,1.50759,-3,-3,1.5
62.2656,-2.98661,-3.01687,1.50762,-3,-3,1.5
62.2756,-2.98651,-3.01685,1.50765,-3,-3,1.5
62.2856,-2.98641,-3.01683,1.50766,-3,-3,1.5
62.2956,-2.98631,-3.01681,1.50768,-3,-3,1.5
62.3055,-2.98621,-3.01679,1.5077,-3,-3,1.5
62.3155,-2.98611,-3.01676,1.50772,-3,-3,1.5
62.3255,-2.98601,-3.01674,1.50774,-3,-3,1.5
62.3355,-2.98591,-3.01672,1.50776,-3,-3,1.5
62.3455,-2.98581,-3.01669,1.50778,-3,-3,1.5
62.3555,-2.98572,-3.01667,1.5078,-3,-3,1.5
62.3655,-2.98562,-3.01664,1.50782,-3,-3,1.5
62.3755,-2.98552,-3.01662,1.50785,-3,-3,1.5
62.3855,-2.98542,-3.01659,1.50787,-3,-3,1.5
62.3955,-2.98533,-3.01656,1.50789,-3,-3,1.5
62.4055,-2.98524,-3.01654,1.50791,-3,-3,1.5
62.4155,-2.98514,-3.01651,1.50794,-3,-3,1.5
62.4255,-2.98506,-3.01648,1.50797,-3,-3,1.5
62.4355,-2.98497,-3.01646,1.50796,-3,-3,1.5
62.4455,-2.98488,-3.01643,1.50796,-3,-3,1.5
62.4555,-2.9848,-3.01641,1.50795,-3,-3,1.5
62.4655,-2.98472,-3.01639,1.50796,-3,-3,1.5
62.4755,-2.98464,-3.01636,1.50799,-3,-3,1.5
62.4855,-2.98457,-3.01634,1.50801,-3,-3,1.5
62.4955,-2.9845,-3.01632,1.50803,-3,-3,1.5
62.5055,-2.98444,-3.0163,1.50805,-3,-3,1.5
62.5155,-2.98437,-3.01629,1.50806,-3,-3,1.5
62.5255,-2.98431,-3.01628,1.50808,-3,-3,1.5
62.5355,-2.98426,-3.01626,1.5081,-3,-3,1.5
62.5455,-2.9842,-3.01626,1.50812,-3,-3,1.5
62.5555,-2.98415,-3.01625,1.50813,-3,-3,1.5
62.5655,-2.9841,-3.01624,1.50815,-3,-3,1.5
62.5755,-2.98405,-3.01624,1.50815,-3,-3,1.5
62.5855,-2.98401,-3.01624,1.50816,-3,-3,1.5
62.5955,-2.98396,-3.01624,1.50816,-3,-3,1.5
62.6055,-2.98392,-3.01625,1.50817,-3,-3,1.5
62.6155,-2.98388,-3.01625,1.50817,-3,-3,1.5
62.6255,-2.98383,-3.01625,1.50819,-3,-3,1.5
62.6355,-2.98379,-3.01626,1.5082,-3,-3,1.5
62.6455,-2.98375,-3.01626,1.50821,-3,-3,1.5
62.6555,-2.98371,-3.01627,1.50822,-3,-3,1.5
62.6655,-2.98366,-3.01627,1.50822,-3,-3,1.5
62.6755,-2.98362,-3.01627,1.50822,-3,-3,1.5
62.6855,-2.98357,-3.01628,1.50823,-3,-3,1.5
62.6955,-2.98353,-3.01628,1.50826,-3,-3,1.5
62.7055,-2.98348,-3.01628,1.50828,-3,-3,1.5
62.7155,-2.98343,-3.01628,1.50829,-3,-3,1.5
62.7255,-2.98338,-3.01628,1.50831,-3,-3,1.5
62.7355,-2.98333,-3.01628,1.50832,-3,-3,1.5
62.7455,-2.98328,-3.01628,1.50833,-3,-3,1.5
62.7555,-2.98324,-3.01628,1.50834,-3,-3,1.5
62.7655,-2.98319,-3.01628,1.50835,-3,-3,1.5
62.7755,-2.98314,-3.01628,1.50836,-3,-3,1.5
62.7855,-2.9831,-3.01628,1.50837,-3,-3,1.5
62.7955,-2.98305,-3.01628,1.50837,-3,-3,1.5
62.8055,-2.98301,-3.01628,1.50837,-3,-3,1.5
62.8155,-2.98296,-3.01627,1.50835,-3,-3,1.5
62.8255,-2.98292,-3.01627,1.50834,-3,-3,1.5
62.8355,-2.98287,-3.01626,1.50833,-3,-3,1.5
62.8455,-2.98283,-3.01626,1.50832,-3,-3,1.5
62.8555,-2.98278,-3.01625,1.50831,-3,-3,1.5
62.8655,-2.98274,-3.01624,1.50831,-3,-3,1.5
62.8755,-2.98269,-3.01624,1.5083,-3,-3,1.5
62.8855,-2.98265,-3.01623,1.50829,-3,-3,1.5
62.8955,-2.9826,-3.01622,1.50828,-3,-3,1.5
62.9054,-2.98255,-3.01621,1.50827,-3,-3,1.5
62.9154,-2.9825,-3.0162,1.50827,-3,-3,1.5
62.9254,-2.98245,-3.01619,1.50826,-3,-3,1.5
62.9354,-2.9824,-3.01618,1.50826,-3,-3,1.5
62.9454,-2.98235,-3.01617,1.50825,-3,-3,1.5
62.9554,-2.9823,-3.01616,1.50823,-3,-3,1.5
62.9654,-2.98225,-3.01615,1.50821,-3,-3,1.5
62.9754,-2.98219,-3.01614,1.5082,-3,-3,1.5
62.9854,-2.98214,-3.01613,1.50818,-3,-3,1.5
62.9954,-2.98208,-3.01612,1.50816,-3,-3,1.5
63.0054,-2.98202,-3.0161,1.50814,-3,-3,1.5
63.0154,-2.98196,-3.01609,1.50813,-3,-3,1.5
63.0254,-2.9819,-3.01608,1.50811,-3,-3,1.5
63.0354,-2.98183,-3.01607,1.50809,-3,-3,1.5
63.0454,-2.98176,-3.01606,1.50807,-3,-3,1.5
63.0554,-2.9817,-3.01604,1.50805,-3,-3,1.5
63.0654,-2.98162,-3.01603,1.50803,-3,-3,1.5
63.0754,-2.98155,-3.01602,1.50802,-3,-3,1.5
63.0854,-2.98147,-3.01601,1.508,-3,-3,1.5
63.0954,-2.9814,-3.01599,1.50799,-3,-3,1.5
63.1054,-2.98131,-3.01598,1.50797,-3,-3,1.5
63.1154,-2.98123,-3.01597,1.50795,-3,-3,1.5
63.1254,-2.98115,-3.01595,1.50793,-3,-3,1.5
63.1354,-2.98106,-3.01594,1.50792,-3,-3,1.5
63.1454,-2.98097,-3.01593,1.5079,-3,-3,1.5
63.1554,-2.98088,-3.01592,1.50789,-3,-3,1.5
63.1654,-2.98078,-3.0159,1.50787,-3,-3,1.5
63.1754,-2.98069,-3.01589,1.50785,-3,-3,1.5
63.1854,-2.98059,-3.01588,1.50784,-3,-3,1.5
63.1954,-2.98049,-3.01587,1.50782,-3,-3,1.5
63.2054,-2.98038,-3.01586,1.5078,-3,-3,1.5
63.2154,-2.98028,-3.01585,1.50779,-3,-3,1.5
63.2254,-2.98017,-3.01583,1.50777,-3,-3,1.5
63.2354,-2.98006,-3.01582,1.50775,-3,-3,1.5
63.2454,-2.97995,-3.01581,1.50773,-3,-3,1.5
63.2554,-2.97984,-3.0158,1.50771,-3,-3,1.5
63.2654,-2.97973,-3.01579,1.50769,-3,-3,1.5
63.2754,-2.97961,-3.01577,1.50768,-3,-3,1.5
63.2854,-2.9795,-3.01576,1.50766,-3,-3,1.5
63.2954,-2.97938,-3.01575,1.50764,-3,-3,1.5
63.3054,-2.97926,-3.01574,1.50762,-3,-3,1.5
63.3154,-2.97913,-3.01573,1.50761,-3,-3,1.5
63.3254,-2.97901,-3.01572,1.50759,-3,-3,1.5
63.3354,-2.97888,-3.01571,1.50757,-3,-3,1.5
63.3454,-2.97876,-3.01569,1.50756,-3,-3,1.5
63.3554,-2.97863,-3.01568,1.50755,-3,-3,1.5
63.3654,-2.9785,-3.01567,1.50753,-3,-3,1.5
63.3754,-2.97838,-3.01566,1.50751,-3,-3,1.5
63.3854,-2.97825,-3.01564,1.50748,-3,-3,1.5
63.3954,-2.97812,-3.01563,1.50747,-3,-3,1.5
63.4054,-2.97799,-3.01562,1.50745,-3,-3,1.5
63.4154,-2.97787,-3.0156,1.50744,-3,-3,1.5
63.4254,-2.97774,-3.01559,1.50742,-3,-3,1.5
63.4354,-2.97762,-3.01558,1.50739,-3,-3,1.5
63.4454,-2.9775,-3.01557,1.50736,-3,-3,1.5
63.4554,-2.97739,-3.01556,1.50734,-3,-3,1.5
63.4654,-2.97728,-3.01555,1.50735,-3,-3,1.5
63.4754,-2.97717,-3.01554,1.50738,-3,-3,1.5
63.4854,-2.97707,-3.01553,1.5074,-3,-3,1.5
63.4953,-2.97697,-3.01553,1.5074,-3,-3,1.5
63.5053,-2.97687,-3.01552,1.50741,-3,-3,1.5
63.5153,-2.97678,-3.01551,1.50741,-3,-3,1.5
63.5253,-2.97669,-3.01551,1.50741,-3,-3,1.5
63.5353,-2.9766,-3.0155,1.50741,-3,-3,1.5
63.5453,-2.97651,-3.01549,1.5074,-3,-3,1.5
63.5553,-2.97643,-3.01549,1.50739,-3,-3,1.5
63.5653,-2.97634,-3.01548,1.50738,-3,-3,1.5
63.5753,-2.97626,-3.01548,1.50735,-3,-3,1.5
63.5853,-2.97618,-3.01547,1.50732,-3,-3,1.5
63.5953,-2.9761,-3.01547,1.50729,-3,-3,1.5
63.6053,-2.97602,-3.01546,1.50726,-3,-3,1.5
63.6153,-2.97594,-3.01545,1.50724,-3,-3,1.5
63.6253,-2.97586,-3.01545,1.50722,-3,-3,1.5
63.6353,-2.97579,-3.01544,1.50719,-3,-3,1.5
63.6453,-2.97571,-3.01543,1.50717,-3,-3,1.5
63.6553,-2.97564,-3.01543,1.50715,-3,-3,1.5
63.6653,-2.97557,-3.01542,1.50713,-3,-3,1.5
63.6753,-2.97549,-3.01541,1.50711,-3,-3,1.5
63.6853,-2.97542,-3.0154,1.50708,-3,-3,1.5
63.6953,-2.97535,-3.0154,1.50706,-3,-3,1.5
63.7053,-2.97529,-3.01539,1.50704,-3,-3,1.5
63.7153,-2.97522,-3.01538,1.50702,-3,-3,1.5
63.7253,-2.97516,-3.01537,1.50701,-3,-3,1.5
63.7353,-2.97509,-3.01536,1.50699,-3,-3,1.5
63.7453,-2.97503,-3.01535,1.50697,-3,-3,1.5
63.7553,-2.97498,-3.01535,1.50695,-3,-3,1.5
63.7653,-2.97492,-3.01534,1.50693,-3,-3,1.5
63.7753,-2.97487,-3.01533,1.50692,-3,-3,1.5
63.7853,-2.97482,-3.01532,1.50691,-3,-3,1.5
63.7953,-2.97478,-3.01531,1.5069,-3,-3,1.5
63.8053,-2.97474,-3.0153,1.50689,-3,-3,1.5
63.8153,-2.9747,-3.01529,1.50688,-3,-3,1.5
63.8253,-2.97467,-3.01528,1.50687,-3,-3,1.5
63.8353,-2.97464,-3.01527,1.50686,-3,-3,1.5
63.8453,-2.97461,-3.01525,1.50685,-3,-3,1.5
63.8553,-2.97459,-3.01524,1.50685,-3,-3,1.5
63.8653,-2.97457,-3.01523,1.50685,-3,-3,1.5
63.8753,-2.97456,-3.01522,1.50686,-3,-3,1.5
63.8853,-2.97455,-3.01521,1.50685,-3,-3,1.5
63.8953,-2.97455,-3.0152,1.50685,-3,-3,1.5
63.9053,-2.97455,-3.01519,1.50684,-3,-3,1.5
63.9153,-2.97456,-3.01519,1.50683,-3,-3,1.5
63.9253,-2.97457,-3.01518,1.50685,-3,-3,1.5
63.9353,-2.97458,-3.01518,1.50689,-3,-3,1.5
63.9453,-2.9746,-3.01518,1.50691,-3,-3,1.5
63.9553,-2.97462,-3.01517,1.50692,-3,-3,1.5
63.9653,-2.97465,-3.01517,1.50693,-3,-3,1.5
63.9753,-2.97467,-3.01517,1.50693,-3,-3,1.5
63.9853,-2.9747,-3.01517,1.50693,-3,-3,1.5
63.9953,-2.97473,-3.01517,1.50692,-3,-3,1.5
64.0053,-2.97476,-3.01517,1.5069,-3,-3,1.5
64.0153,-2.97479,-3.01517,1.50688,-3,-3,1.5
64.0253,-2.97482,-3.01517,1.50685,-3,-3,1.5
64.0353,-2.97485,-3.01517,1.50683,-3,-3,1.5
64.0453,-2.97488,-3.01517,1.50681,-3,-3,1.5
64.0553,-2.97491,-3.01517,1.50679,-3,-3,1.5
64.0653,-2.97494,-3.01517,1.50677,-3,-3,1.5
64.0753,-2.97496,-3.01516,1.50674,-3,-3,1.5
64.0853,-2.97499,-3.01516,1.50672,-3,-3,1.5
64.0953,-2.97501,-3.01516,1.5067,-3,-3,1.5
64.1053,-2.97504,-3.01516,1.50668,-3,-3,1.5
64.1153,-2.97506,-3.01516,1.50665,-3,-3,1.5
64.1253,-2.97508,-3.01515,1.50662,-3,-3,1.5
64.1353,-2.9751,-3.01515,1.5066,-3,-3,1.5
64.1453,-2.97511,-3.01514,1.50657,-3,-3,1.5
64.1553,-2.97513,-3.01514,1.50654,-3,-3,1.5
64.1653,-2.97514,-3.01513,1.50651,-3,-3,1.5
64.1753,-2.97515,-3.01513,1.50649,-3,-3,1.5
64.1853,-2.97516,-3.01512,1.50646,-3,-3,1.5
64.1953,-2.97517,-3.01511,1.50643,-3,-3,1.5
64.2053,-2.97518,-3.01511,1.5064,-3,-3,1.5
64.2153,-2.97518,-3.0151,1.50637,-3,-3,1.5
64.2253,-2.97519,-3.01509,1.50634,-3,-3,1.5
64.2353,-2.9752,-3.01508,1.50632,-3,-3,1.5
64.2453,-2.9752,-3.01507,1.50629,-3,-3,1.5
64.2553,-2.97521,-3.01506,1.50627,-3,-3,1.5
64.2653,-2.97521,-3.01505,1.50624,-3,-3,1.5
64.2753,-2.97522,-3.01504,1.50621,-3,-3,1.5
64.2853,-2.97522,-3.01503,1.50619,-3,-3,1.5
64.2953,-2.97523,-3.01502,1.50616,-3,-3,1.5
64.3053,-2.97524,-3.015,1.50612,-3,-3,1.5
64.3153,-2.97525,-3.01499,1.50606,-3,-3,1.5
64.3253,-2.97526,-3.01498,1.506,-3,-3,1.5
64.3353,-2.97527,-3.01496,1.50596,-3,-3,1.5
64.3453,-2.97528,-3.01495,1.50593,-3,-3,1.5
64.3553,-2.9753,-3.01493,1.50591,-3,-3,1.5
64.3653,-2.97531,-3.01491,1.50589,-3,-3,1.5
64.3753,-2.97533,-3.01489,1.50589,-3,-3,1.5
64.3853,-2.97535,-3.01487,1.5059,-3,-3,1.5
64.3953,-2.97537,-3.01486,1.50589,-3,-3,1.5
64.4053,-2.9754,-3.01484,1.50588,-3,-3,1.5
64.4154,-2.97542,-3.01482,1.50587,-3,-3,1.5
64.4254,-2.97545,-3.0148,1.50587,-3,-3,1.5
64.4354,-2.97548,-3.01478,1.50586,-3,-3,1.5
64.4454,-2.97551,-3.01476,1.50588,-3,-3,1.5
64.4554,-2.97555,-3.01475,1.50593,-3,-3,1.5
64.4654,-2.97558,-3.01473,1.50596,-3,-3,1.5
64.4754,-2.97562,-3.01472,1.50598,-3,-3,1.5
64.4854,-2.97566,-3.0147,1.50598,-3,-3,1.5
64.4954,-2.97571,-3.01469,1.50598,-3,-3,1.5
64.5054,-2.97575,-3.01467,1.50597,-3,-3,1.5
64.5154,-2.97579,-3.01466,1.50594,-3,-3,1.5
64.5254,-2.97583,-3.01465,1.50591,-3,-3,1.5
64.5354,-2.97588,-3.01464,1.50587,-3,-3,1.5
64.5454,-2.97592,-3.01462,1.50583,-3,-3,1.5
64.5554,-2.97596,-3.01461,1.50579,-3,-3,1.5
64.5654,-2.976,-3.0146,1.50575,-3,-3,1.5
64.5754,-2.97604,-3.01459,1.50572,-3,-3,1.5
64.5854,-2.97608,-3.01458,1.50568,-3,-3,1.5
64.5954,-2.97612,-3.01457,1.50564,-3,-3,1.5
64.6054,-2.97616,-3.01455,1.5056,-3,-3,1.5
64.6154,-2.97619,-3.01454,1.50557,-3,-3,1.5
64.6254,-2.97623,-3.01453,1.50554,-3,-3,1.5
64.6354,-2.97626,-3.01452,1.50551,-3,-3,1.5
64.6454,-2.97629,-3.0145,1.50549,-3,-3,1.5
64.6554,-2.97633,-3.01449,1.50546,-3,-3,1.5
64.6654,-2.97636,-3.01447,1.50543,-3,-3,1.5
64.6754,-2.97639,-3.01446,1.50539,-3,-3,1.5
64.6854,-2.97642,-3.01444,1.50536,-3,-3,1.5
64.6954,-2.97645,-3.01443,1.50531,-3,-3,1.5
64.7054,-2.97648,-3.01441,1.50527,-3,-3,1.5
64.7154,-2.97651,-3.01439,1.50526,-3,-3,1.5
64.7254,-2.97655,-3.01437,1.50524,-3,-3,1.5
64.7354,-2.97658,-3.01434,1.50522,-3,-3,1.5
64.7454,-2.97661,-3.01432,1.50518,-3,-3,1.5
64.7554,-2.97664,-3.01429,1.50515,-3,-3,1.5
64.7654,-2.97668,-3.01426,1.50512,-3,-3,1.5
64.7754,-2.97672,-3.01423,1.50509,-3,-3,1.5
64.7854,-2.97675,-3.0142,1.50506,-3,-3,1.5
64.7954,-2.97679,-3.01417,1.50503,-3,-3,1.5
64.8054,-2.97683,-3.01414,1.50499,-3,-3,1.5
64.8154,-2.97687,-3.01411,1.50496,-3,-3,1.5
64.8254,-2.97691,-3.01408,1.50493,-3,-3,1.5
64.8354,-2.97695,-3.01405,1.50489,-3,-3,1.5
64.8454,-2.97699,-3.01402,1.50486,-3,-3,1.5
64.8554,-2.97704,-3.01398,1.50483,-3,-3,1.5
64.8654,-2.97708,-3.01395,1.5048,-3,-3,1.5
64.8755,-2.97713,-3.01392,1.50476,-3,-3,1.5
64.8855,-2.97717,-3.01389,1.50473,-3,-3,1.5
64.8955,-2.97722,-3.01385,1.5047,-3,-3,1.5
64.9055,-2.97726,-3.01382,1.50467,-3,-3,1.5
64.9155,-2.97731,-3.01379,1.50464,-3,-3,1.5
64.9255,-2.97736,-3.01375,1.50461,-3,-3,1.5
64.9355,-2.97741,-3.01372,1.50458,-3,-3,1.5
64.9455,-2.97746,-3.01368,1.50454,-3,-3,1.5
64.9555,-2.97751,-3.01364,1.50451,-3,-3,1.5
64.9655,-2.97756,-3.01361,1.50449,-3,-3,1.5
64.9755,-2.97762,-3.01357,1.50446,-3,-3,1.5
64.9855,-2.97767,-3.01353,1.50444,-3,-3,1.5
64.9955,-2.97772,-3.0135,1.50441,-3,-3,1.5
65.0055,-2.97777,-3.01346,1.50439,-3,-3,1.5
65.0155,-2.97783,-3.01342,1.50437,-3,-3,1.5
65.0255,-2.97788,-3.01338,1.50435,-3,-3,1.5
65.0355,-2.97794,-3.01334,1.50433,-3,-3,1.5
65.0455,-2.97799,-3.0133,1.50431,-3,-3,1.5
65.0555,-2.97805,-3.01326,1.50427,-3,-3,1.5
65.0655,-2.97811,-3.01322,1.50423,-3,-3,1.5
65.0755,-2.97817,-3.01318,1.50419,-3,-3,1.5
65.0855,-2.97823,-3.01314,1.50416,-3,-3,1.5
65.0955,-2.97829,-3.0131,1.50415,-3,-3,1.5
65.1055,-2.97835,-3.01306,1.50417,-3,-3,1.5
65.1155,-2.97841,-3.01302,1.50418,-3,-3,1.5
65.1255,-2.97848,-3.01298,1.5042,-3,-3,1.5
65.1355,-2.97855,-3.01294,1.50421,-3,-3,1.5
65.1455,-2.97862,-3.0129,1.50422,-3,-3,1.5
65.1555,-2.97869,-3.01286,1.50423,-3,-3,1.5
65.1655,-2.97876,-3.01282,1.50424,-3,-3,1.5
65.1755,-2.97884,-3.01279,1.50425,-3,-3,1.5
65.1855,-2.97891,-3.01276,1.50426,-3,-3,1.5
65.1955,-2.97899,-3.01273,1.50427,-3,-3,1.5
65.2055,-2.97907,-3.0127,1.50427,-3,-3,1.5
65.2155,-2.97915,-3.01268,1.50427,-3,-3,1.5
65.2255,-2.97923,-3.01266,1.50427,-3,-3,1.5
65.2355,-2.97932,-3.01264,1.50425,-3,-3,1.5
65.2455,-2.9794,-3.01262,1.5042,-3,-3,1.5
65.2555,-2.97948,-3.01261,1.50417,-3,-3,1.5
65.2655,-2.97957,-3.0126,1.50417,-3,-3,1.5
65.2755,-2.97965,-3.01259,1.50419,-3,-3,1.5
65.2855,-2.97973,-3.01259,1.50423,-3,-3,1.5
65.2955,-2.97982,-3.01258,1.50427,-3,-3,1.5
65.3055,-2.9799,-3.01258,1.50429,-3,-3,1.5
65.3155,-2.97998,-3.01257,1.50431,-3,-3,1.5
65.3255,-2.98007,-3.01257,1.50431,-3,-3,1.5
65.3355,-2.98015,-3.01256,1.50431,-3,-3,1.5
65.3456,-2.98022,-3.01256,1.50433,-3,-3,1.5
65.3556,-2.9803,-3.01255,1.50436,-3,-3,1.5
65.3656,-2.98038,-3.01255,1.50438,-3,-3,1.5
65.3756,-2.98045,-3.01255,1.50439,-3,-3,1.5
65.3856,-2.98053,-3.01255,1.5044,-3,-3,1.5
65.3956,-2.9806,-3.01255,1.50441,-3,-3,1.5
65.4056,-2.98068,-3.01254,1.50442,-3,-3,1.5
65.4156,-2.98076,-3.01254,1.50446,-3,-3,1.5
65.4256,-2.98084,-3.01254,1.50452,-3,-3,1.5
65.4356,-2.98092,-3.01255,1.50456,-3,-3,1.5
65.4456,-2.981,-3.01255,1.50457,-3,-3,1.5
65.4556,-2.98108,-3.01255,1.50456,-3,-3,1.5
65.4656,-2.98117,-3.01256,1.50455,-3,-3,1.5
65.4756,-2.98125,-3.01256,1.50454,-3,-3,1.5
65.4856,-2.98133,-3.01257,1.50452,-3,-3,1.5
65.4956,-2.98141,-3.01257,1.50449,-3,-3,1.5
65.5056,-2.98149,-3.01258,1.50447,-3,-3,1.5
65.5156,-2.98157,-3.01259,1.50444,-3,-3,1.5
65.5256,-2.98165,-3.0126,1.50442,-3,-3,1.5
65.5356,-2.98173,-3.0126,1.50439,-3,-3,1.5
65.5456,-2.98181,-3.01261,1.50437,-3,-3,1.5
65.5556,-2.98189,-3.01262,1.50434,-3,-3,1.5
65.5656,-2.98197,-3.01262,1.50432,-3,-3,1.5
65.5756,-2.98204,-3.01263,1.50429,-3,-3,1.5
65.5856,-2.98212,-3.01263,1.50426,-3,-3,1.5
65.5956,-2.98219,-3.01264,1.50423,-3,-3,1.5
65.6056,-2.98227,-3.01264,1.50419,-3,-3,1.5
65.6156,-2.98234,-3.01265,1.50415,-3,-3,1.5
65.6256,-2.98241,-3.01265,1.50411,-3,-3,1.5
65.6356,-2.98248,-3.01265,1.5041,-3,-3,1.5
65.6456,-2.98255,-3.01265,1.50411,-3,-3,1.5
65.6556,-2.98262,-3.01266,1.5041,-3,-3,1.5
65.6656,-2.98269,-3.01266,1.50412,-3,-3,1.5
65.6756,-2.98276,-3.01266,1.50416,-3,-3,1.5
65.6856,-2.98282,-3.01266,1.50419,-3,-3,1.5
65.6956,-2.98289,-3.01266,1.5042,-3,-3,1.5
65.7056,-2.98296,-3.01266,1.50419,-3,-3,1.5
65.7156,-2.98302,-3.01266,1.50417,-3,-3,1.5
65.7256,-2.98309,-3.01266,1.50413,-3,-3,1.5
65.7356,-2.98315,-3.01266,1.5041,-3,-3,1.5
65.7456,-2.98322,-3.01266,1.50407,-3,-3,1.5
65.7556,-2.98328,-3.01265,1.50404,-3,-3,1.5
65.7656,-2.98335,-3.01265,1.50401,-3,-3,1.5
65.7756,-2.98341,-3.01265,1.50399,-3,-3,1.5
65.7856,-2.98348,-3.01264,1.50396,-3,-3,1.5
65.7956,-2.98355,-3.01264,1.50394,-3,-3,1.5
65.8056,-2.98361,-3.01263,1.50391,-3,-3,1.5
65.8157,-2.98368,-3.01263,1.50389,-3,-3,1.5
65.8257,-2.98375,-3.01262,1.5039,-3,-3,1.5
65.8357,-2.98382,-3.01261,1.50393,-3,-3,1.5
65.8457,-2.98389,-3.0126,1.50395,-3,-3,1.5
65.8557,-2.98397,-3.0126,1.50397,-3,-3,1.5
65.8657,-2.98404,-3.01259,1.50399,-3,-3,1.5
65.8757,-2.98412,-3.01258,1.50401,-3,-3,1.5
65.8857,-2.9842,-3.01257,1.50404,-3,-3,1.5
65.8957,-2.98428,-3.01256,1.50406,-3,-3,1.5
65.9057,-2.98436,-3.01256,1.50408,-3,-3,1.5
65.9157,-2.98444,-3.01256,1.50413,-3,-3,1.5
65.9257,-2.98453,-3.01256,1.50421,-3,-3,1.5
65.9357,-2.98461,-3.01256,1.50426,-3,-3,1.5
65.9457,-2.9847,-3.01256,1.50431,-3,-3,1.5
65.9557,-2.98479,-3.01257,1.50437,-3,-3,1.5
65.9657,-2.98487,-3.01258,1.50442,-3,-3,1.5
65.9757,-2.98496,-3.01259,1.50446,-3,-3,1.5
65.9857,-2.98505,-3.0126,1.50451,-3,-3,1.5
65.9957,-2.98514,-3.01262,1.50456,-3,-3,1.5
66.0057,-2.98523,-3.01264,1.50461,-3,-3,1.5
66.0157,-2.98531,-3.01267,1.50465,-3,-3,1.5
66.0257,-2.9854,-3.01269,1.50468,-3,-3,1.5
66.0357,-2.98549,-3.01272,1.50469,-3,-3,1.5
66.0457,-2.98558,-3.01275,1.50469,-3,-3,1.5
66.0557,-2.98567,-3.01279,1.50469,-3,-3,1.5
66.0657,-2.98576,-3.01282,1.50468,-3,-3,1.5
66.0757,-2.98585,-3.01285,1.50466,-3,-3,1.5
66.0857,-2.98593,-3.01289,1.50463,-3,-3,1.5
66.0957,-2.98602,-3.01292,1.50461,-3,-3,1.5
66.1057,-2.98611,-3.01296,1.5046,-3,-3,1.5
66.1157,-2.9862,-3.01299,1.50457,-3,-3,1.5
66.1257,-2.98628,-3.01303,1.50453,-3,-3,1.5
66.1357,-2.98637,-3.01306,1.5045,-3,-3,1.5
66.1457,-2.98646,-3.01309,1.50447,-3,-3,1.5
66.1557,-2.98654,-3.01313,1.50444,-3,-3,1.5
66.1657,-2.98663,-3.01316,1.50441,-3,-3,1.5
66.1757,-2.98672,-3.01319,1.50438,-3,-3,1.5
66.1857,-2.9868,-3.01322,1.50436,-3,-3,1.5
66.1957,-2.98689,-3.01325,1.50433,-3,-3,1.5
66.2057,-2.98697,-3.01328,1.50431,-3,-3,1.5
66.2157,-2.98706,-3.0133,1.50429,-3,-3,1.5
66.2257,-2.98714,-3.01333,1.50427,-3,-3,1.5
66.2357,-2.98723,-3.01335,1.50425,-3,-3,1.5
66.2457,-2.98732,-3.01338,1.50422,-3,-3,1.5
66.2557,-2.9874,-3.0134,1.5042,-3,-3,1.5
66.2657,-2.98749,-3.01342,1.50418,-3,-3,1.5
66.2757,-2.98757,-3.01344,1.50416,-3,-3,1.5
66.2858,-2.98766,-3.01346,1.50414,-3,-3,1.5
66.2958,-2.98774,-3.01348,1.50412,-3,-3,1.5
66.3058,-2.98782,-3.0135,1.50411,-3,-3,1.5
66.3158,-2.98791,-3.01352,1.50409,-3,-3,1.5
66.3258,-2.98799,-3.01353,1.50407,-3,-3,1.5
66.3358,-2.98808,-3.01355,1.50405,-3,-3,1.5
66.3458,-2.98816,-3.01356,1.50403,-3,-3,1.5
66.3558,-2.98824,-3.01358,1.50402,-3,-3,1.5
66.3658,-2.98833,-3.01359,1.50401,-3,-3,1.5
66.3758,-2.98841,-3.0136,1.50399,-3,-3,1.5
66.3858,-2.98849,-3.01361,1.50398,-3,-3,1.5
66.3958,-2.98857,-3.01362,1.50397,-3,-3,1.5
66.4058,-2.98866,-3.01363,1.50395,-3,-3,1.5
66.4158,-2.98874,-3.01364,1.50393,-3,-3,1.5
66.4258,-2.98882,-3.01365,1.50391,-3,-3,1.5
66.4358,-2.9889,-3.01366,1.5039,-3,-3,1.5
66.4458,-2.98898,-3.01366,1.50388,-3,-3,1.5
66.4558,-2.98906,-3.01367,1.50387,-3,-3,1.5
66.4658,-2.98915,-3.01367,1.50386,-3,-3,1.5
66.4758,-2.98923,-3.01368,1.50386,-3,-3,1.5
66.4858,-2.98931,-3.01368,1.50385,-3,-3,1.5
66.4958,-2.98939,-3.01368,1.50383,-3,-3,1.5
66.5058,-2.98946,-3.01368,1.50382,-3,-3,1.5
66.5158,-2.98954,-3.01368,1.50381,-3,-3,1.5
66.5258,-2.98962,-3.01369,1.50381,-3,-3,1.5
66.5358,-2.9897,-3.01369,1.50381,-3,-3,1.5
66.5458,-2.98977,-3.01369,1.50381,-3,-3,1.5
66.5558,-2.98985,-3.01368,1.50381,-3,-3,1.5
66.5658,-2.98992,-3.01368,1.50381,-3,-3,1.5
66.5758,-2.99,-3.01368,1.50381,-3,-3,1.5
66.5858,-2.99007,-3.01368,1.5038,-3,-3,1.5
66.5958,-2.99014,-3.01367,1.50379,-3,-3,1.5
66.6058,-2.99021,-3.01367,1.50377,-3,-3,1.5
66.6158,-2.99028,-3.01366,1.50376,-3,-3,1.5
66.6258,-2.99035,-3.01365,1.50375,-3,-3,1.5
66.6358,-2.99042,-3.01365,1.50374,-3,-3,1.5
66.6458,-2.99049,-3.01364,1.50373,-3,-3,1.5
66.6558,-2.99055,-3.01364,1.50372,-3,-3,1.5
66.6658,-2.99062,-3.01363,1.50371,-3,-3,1.5
66.6758,-2.99068,-3.01362,1.50369,-3,-3,1.5
66.6858,-2.99075,-3.01362,1.50368,-3,-3,1.5
66.6958,-2.99081,-3.01361,1.50366,-3,-3,1.5
66.7058,-2.99088,-3.0136,1.50365,-3,-3,1.5
66.7158,-2.99094,-3.0136,1.50364,-3,-3,1.5
66.7258,-2.99101,-3.01359,1.50363,-3,-3,1.5
66.7358,-2.99107,-3.01358,1.50362,-3,-3,1.5
66.7458,-2.99114,-3.01357,1.50361,-3,-3,1.5
66.7559,-2.99121,-3.01357,1.5036,-3,-3,1.5
66.7659,-2.99128,-3.01356,1.50358,-3,-3,1.5
66.7759,-2.99135,-3.01355,1.50357,-3,-3,1.5
66.7859,-2.99142,-3.01354,1.50355,-3,-3,1.5
66.7959,-2.99149,-3.01353,1.50354,-3,-3,1.5
66.8059,-2.99156,-3.01352,1.50354,-3,-3,1.5
66.8159,-2.99163,-3.01351,1.50353,-3,-3,1.5
66.8259,-2.99171,-3.01349,1.50352,-3,-3,1.5
66.8359,-2.99178,-3.01348,1.50351,-3,-3,1.5
66.8459,-2.99186,-3.01347,1.5035,-3,-3,1.5
66.8559,-2.99194,-3.01346,1.50349,-3,-3,1.5
66.8659,-2.99202,-3.01345,1.50348,-3,-3,1.5
66.8759,-2.9921,-3.01343,1.50347,-3,-3,1.5
66.8859,-2.99218,-3.01342,1.50346,-3,-3,1.5
66.8959,-2.99226,-3.0134,1.50345,-3,-3,1.5
66.9059,-2.99234,-3.01339,1.50343,-3,-3,1.5
66.9159,-2.99243,-3.01338,1.50341,-3,-3,1.5
66.9259,-2.99251,-3.01336,1.50339,-3,-3,1.5
66.9359,-2.9926,-3.01335,1.50338,-3,-3,1.5
66.9459,-2.99269,-3.01333,1.50336,-3,-3,1.5
66.9559,-2.99278,-3.01332,1.50335,-3,-3,1.5
66.9659,-2.99287,-3.0133,1.50333,-3,-3,1.5
66.9759,-2.99296,-3.01329,1.50333,-3,-3,1.5
66.9859,-2.99305,-3.01328,1.50335,-3,-3,1.5
66.9959,-2.99315,-3.01326,1.50337,-3,-3,1.5
67.0059,-2.99324,-3.01325,1.50337,-3,-3,1.5
67.0159,-2.99333,-3.01324,1.5034,-3,-3,1.5
67.0259,-2.99343,-3.01323,1.50345,-3,-3,1.5
67.0359,-2.99352,-3.01321,1.50349,-3,-3,1.5
67.0459,-2.99361,-3.0132,1.50353,-3,-3,1.5
67.0559,-2.99369,-3.01319,1.50356,-3,-3,1.5
67.0659,-2.99378,-3.01318,1.5036,-3,-3,1.5
67.0759,-2.99387,-3.01317,1.50363,-3,-3,1.5
67.0859,-2.99395,-3.01317,1.50366,-3,-3,1.5
67.0959,-2.99404,-3.01316,1.5037,-3,-3,1.5
67.1059,-2.99412,-3.01316,1.50373,-3,-3,1.5
67.1159,-2.99421,-3.01316,1.50375,-3,-3,1.5
67.1259,-2.99429,-3.01316,1.50377,-3,-3,1.5
67.1359,-2.99437,-3.01316,1.50379,-3,-3,1.5
67.1459,-2.99445,-3.01316,1.50381,-3,-3,1.5
67.1559,-2.99454,-3.01317,1.50384,-3,-3,1.5
67.1659,-2.99462,-3.01317,1.50387,-3,-3,1.5
67.1759,-2.9947,-3.01318,1.5039,-3,-3,1.5
67.1859,-2.99478,-3.01319,1.50393,-3,-3,1.5
67.1959,-2.99486,-3.0132,1.50396,-3,-3,1.5
67.2059,-2.99495,-3.01321,1.504,-3,-3,1.5
67.216,-2.99503,-3.01322,1.50403,-3,-3,1.5
67.226,-2.99511,-3.01323,1.50407,-3,-3,1.5
67.236,-2.99519,-3.01324,1.5041,-3,-3,1.5
67.246,-2.99528,-3.01325,1.50413,-3,-3,1.5
67.256,-2.99536,-3.01327,1.50416,-3,-3,1.5
67.266,-2.99545,-3.01328,1.5042,-3,-3,1.5
67.276,-2.99554,-3.0133,1.50423,-3,-3,1.5
67.286,-2.99562,-3.01331,1.50425,-3,-3,1.5
67.296,-2.99571,-3.01333,1.50427,-3,-3,1.5
67.306,-2.9958,-3.01334,1.50429,-3,-3,1.5
67.316,-2.99589,-3.01336,1.5043,-3,-3,1.5
67.326,-2.99598,-3.01338,1.50432,-3,-3,1.5
67.336,-2.99607,-3.0134,1.50434,-3,-3,1.5
67.346,-2.99615,-3.01342,1.50436,-3,-3,1.5
67.356,-2.99624,-3.01344,1.50437,-3,-3,1.5
67.366,-2.99633,-3.01347,1.50438,-3,-3,1.5
67.376,-2.99642,-3.0135,1.50439,-3,-3,1.5
67.386,-2.9965,-3.01353,1.5044,-3,-3,1.5
67.396,-2.99658,-3.01356,1.50441,-3,-3,1.5
67.406,-2.99666,-3.0136,1.50441,-3,-3,1.5
67.416,-2.99674,-3.01363,1.50444,-3,-3,1.5
67.426,-2.99681,-3.01366,1.50447,-3,-3,1.5
67.436,-2.99688,-3.0137,1.5045,-3,-3,1.5
67.446,-2.99694,-3.01374,1.50453,-3,-3,1.5
67.456,-2.99701,-3.01377,1.50456,-3,-3,1.5
67.466,-2.99707,-3.01381,1.50459,-3,-3,1.5
67.476,-2.99713,-3.01384,1.50462,-3,-3,1.5
67.486,-2.99719,-3.01388,1.50465,-3,-3,1.5
67.496,-2.99725,-3.01392,1.50468,-3,-3,1.5
67.506,-2.9973,-3.01395,1.50471,-3,-3,1.5
67.516,-2.99736,-3.01399,1.50473,-3,-3,1.5
67.526,-2.99741,-3.01402,1.50475,-3,-3,1.5
67.536,-2.99746,-3.01406,1.50477,-3,-3,1.5
67.546,-2.99751,-3.01409,1.50478,-3,-3,1.5
67.556,-2.99755,-3.01413,1.50478,-3,-3,1.5
67.566,-2.9976,-3.01416,1.50477,-3,-3,1.5
67.576,-2.99764,-3.01419,1.50477,-3,-3,1.5
67.586,-2.99768,-3.01422,1.50477,-3,-3,1.5
67.596,-2.99772,-3.01425,1.50476,-3,-3,1.5
67.606,-2.99775,-3.01428,1.50476,-3,-3,1.5
67.616,-2.99778,-3.01431,1.50475,-3,-3,1.5
67.626,-2.99781,-3.01433,1.50475,-3,-3,1.5
67.636,-2.99783,-3.01436,1.50476,-3,-3,1.5
67.646,-2.99785,-3.01438,1.50479,-3,-3,1.5
67.656,-2.99787,-3.01441,1.50482,-3,-3,1.5
67.666,-2.99788,-3.01443,1.50485,-3,-3,1.5
67.676,-2.99789,-3.01446,1.50489,-3,-3,1.5
67.6861,-2.99791,-3.01448,1.50493,-3,-3,1.5
67.6961,-2.99792,-3.0145,1.50498,-3,-3,1.5
67.7061,-2.99793,-3.01453,1.50504,-3,-3,1.5
67.7161,-2.99794,-3.01455,1.5051,-3,-3,1.5
67.7261,-2.99795,-3.01458,1.50516,-3,-3,1.5
67.7361,-2.99796,-3.01461,1.50522,-3,-3,1.5
67.7461,-2.99797,-3.01463,1.50528,-3,-3,1.5
67.7561,-2.99799,-3.01466,1.50532,-3,-3,1.5
67.7661,-2.998,-3.01469,1.50536,-3,-3,1.5
67.7761,-2.99802,-3.01472,1.50539,-3,-3,1.5
67.7861,-2.99803,-3.01475,1.50541,-3,-3,1.5
67.7961,-2.99805,-3.01479,1.50542,-3,-3,1.5
67.8061,-2.99807,-3.01482,1.50542,-3,-3,1.5
67.8161,-2.99808,-3.01485,1.50542,-3,-3,1.5
67.8261,-2.9981,-3.01488,1.50542,-3,-3,1.5
67.8361,-2.99811,-3.01492,1.50543,-3,-3,1.5
67.8461,-2.99813,-3.01495,1.50545,-3,-3,1.5
67.8561,-2.99814,-3.01498,1.50547,-3,-3,1.5
67.8661,-2.99815,-3.01501,1.50549,-3,-3,1.5
67.8761,-2.99816,-3.01504,1.50551,-3,-3,1.5
67.8861,-2.99816,-3.01507,1.50553,-3,-3,1.5
67.8961,-2.99816,-3.0151,1.50554,-3,-3,1.5
67.9061,-2.99816,-3.01513,1.50556,-3,-3,1.5
67.9161,-2.99816,-3.01516,1.50557,-3,-3,1.5
67.9261,-2.99816,-3.01519,1.50557,-3,-3,1.5
67.9361,-2.99815,-3.01521,1.50559,-3,-3,1.5
67.9461,-2.99814,-3.01524,1.5056,-3,-3,1.5
67.9561,-2.99813,-3.01526,1.50562,-3,-3,1.5
67.9661,-2.99811,-3.01529,1.50563,-3,-3,1.5
67.9761,-2.99809,-3.01531,1.50565,-3,-3,1.5
67.9861,-2.99807,-3.01533,1.50567,-3,-3,1.5
67.9961,-2.99805,-3.01536,1.50568,-3,-3,1.5
68.0061,-2.99803,-3.01538,1.5057,-3,-3,1.5
68.0161,-2.998,-3.0154,1.50571,-3,-3,1.5
68.0261,-2.99797,-3.01542,1.50572,-3,-3,1.5
68.0361,-2.99794,-3.01543,1.50574,-3,-3,1.5
68.0461,-2.99791,-3.01545,1.50576,-3,-3,1.5
68.0561,-2.99787,-3.01547,1.50578,-3,-3,1.5
68.0661,-2.99784,-3.01548,1.5058,-3,-3,1.5
68.0761,-2.9978,-3.0155,1.50582,-3,-3,1.5
68.0861,-2.99776,-3.01551,1.50584,-3,-3,1.5
68.0961,-2.99771,-3.01553,1.50586,-3,-3,1.5
68.1061,-2.99767,-3.01554,1.50588,-3,-3,1.5
68.1161,-2.99762,-3.01555,1.5059,-3,-3,1.5
68.1261,-2.99757,-3.01556,1.50591,-3,-3,1.5
68.1361,-2.99752,-3.01557,1.50592,-3,-3,1.5
68.1461,-2.99747,-3.01558,1.50593,-3,-3,1.5
68.1562,-2.99742,-3.01559,1.50595,-3,-3,1.5
68.1662,-2.99736,-3.01559,1.50597,-3,-3,1.5
68.1762,-2.9973,-3.0156,1.50598,-3,-3,1.5
68.1862,-2.99724,-3.0156,1.506,-3,-3,1.5
68.1962,-2.99718,-3.01561,1.50601,-3,-3,1.5
68.2062,-2.99712,-3.01561,1.50603,-3,-3,1.5
68.2162,-2.99706,-3.01561,1.50605,-3,-3,1.5
68.2262,-2.99699,-3.01561,1.50607,-3,-3,1.5
68.2362,-2.99693,-3.01561,1.50609,-3,-3,1.5
68.2462,-2.99686,-3.01561,1.5061,-3,-3,1.5
68.2562,-2.99679,-3.01561,1.50612,-3,-3,1.5
68.2662,-2.99672,-3.0156,1.50613,-3,-3,1.5
68.2762,-2.99665,-3.0156,1.50614,-3,-3,1.5
68.2862,-2.99658,-3.01559,1.50614,-3,-3,1.5
68.2962,-2.99651,-3.01559,1.50615,-3,-3,1.5
68.3062,-2.99643,-3.01558,1.50618,-3,-3,1.5
68.3162,-2.99635,-3.01557,1.50622,-3,-3,1.5
68.3262,-2.99627,-3.01556,1.50625,-3,-3,1.5
68.3362,-2.99619,-3.01555,1.50627,-3,-3,1.5
68.3462,-2.9961,-3.01554,1.5063,-3,-3,1.5
68.3562,-2.99602,-3.01553,1.50633,-3,-3,1.5
68.3662,-2.99593,-3.01552,1.50636,-3,-3,1.5
68.3762,-2.99585,-3.01551,1.50638,-3,-3,1.5
68.3862,-2.99577,-3.01549,1.50641,-3,-3,1.5
68.3962,-2.99568,-3.01548,1.50643,-3,-3,1.5
68.4062,-2.9956,-3.01547,1.50646,-3,-3,1.5
68.4162,-2.99552,-3.01546,1.50649,-3,-3,1.5
68.4262,-2.99544,-3.01544,1.50651,-3,-3,1.5
68.4362,-2.99536,-3.01543,1.50654,-3,-3,1.5
68.4462,-2.99528,-3.01541,1.50657,-3,-3,1.5
68.4562,-2.9952,-3.0154,1.5066,-3,-3,1.5
68.4662,-2.99512,-3.01538,1.50663,-3,-3,1.5
68.4762,-2.99505,-3.01537,1.50665,-3,-3,1.5
68.4862,-2.99497,-3.01535,1.50668,-3,-3,1.5
68.4962,-2.9949,-3.01534,1.50671,-3,-3,1.5
68.5062,-2.99483,-3.01532,1.50673,-3,-3,1.5
68.5162,-2.99476,-3.01531,1.50674,-3,-3,1.5
68.5262,-2.99468,-3.01529,1.50677,-3,-3,1.5
68.5362,-2.99461,-3.01528,1.5068,-3,-3,1.5
68.5462,-2.99454,-3.01526,1.50685,-3,-3,1.5
68.5562,-2.99447,-3.01525,1.50689,-3,-3,1.5
68.5662,-2.99439,-3.01523,1.50694,-3,-3,1.5
68.5762,-2.99432,-3.01522,1.50697,-3,-3,1.5
68.5862,-2.99424,-3.0152,1.50699,-3,-3,1.5
68.5962,-2.99416,-3.01519,1.50701,-3,-3,1.5
68.6062,-2.99408,-3.01517,1.507,-3,-3,1.5
68.6162,-2.994,-3.01515,1.50696,-3,-3,1.5
68.6263,-2.99392,-3.01514,1.50695,-3,-3,1.5
68.6363,-2.99383,-3.01512,1.50691,-3,-3,1.5
68.6463,-2.99374,-3.0151,1.50692,-3,-3,1.5
68.6563,-2.99364,-3.01509,1.50699,-3,-3,1.5
68.6663,-2.99355,-3.01507,1.50705,-3,-3,1.5
68.6763,-2.99345,-3.01505,1.50708,-3,-3,1.5
68.6863,-2.99336,-3.01503,1.50712,-3,-3,1.5
68.6963,-2.99325,-3.01501,1.50714,-3,-3,1.5
68.7063,-2.99315,-3.015,1.50716,-3,-3,1.5
68.7163,-2.99305,-3.01498,1.50719,-3,-3,1.5
68.7263,-2.99294,-3.01496,1.50722,-3,-3,1.5
68.7363,-2.99283,-3.01494,1.50726,-3,-3,1.5
68.7463,-2.99272,-3.01492,1.5073,-3,-3,1.5
68.7563,-2.99261,-3.0149,1.50734,-3,-3,1.5
68.7663,-2.9925,-3.01488,1.50738,-3,-3,1.5
68.7763,-2.99239,-3.01486,1.50741,-3,-3,1.5
68.7863,-2.99227,-3.01484,1.50743,-3,-3,1.5
68.7963,-2.99216,-3.01482,1.50745,-3,-3,1.5
68.8063,-2.99204,-3.0148,1.50748,-3,-3,1.5
68.8163,-2.99193,-3.01478,1.50751,-3,-3,1.5
68.8263,-2.99181,-3.01476,1.50753,-3,-3,1.5
68.8363,-2.99169,-3.01474,1.50754,-3,-3,1.5
68.8463,-2.99157,-3.01472,1.50755,-3,-3,1.5
68.8563,-2.99146,-3.0147,1.50756,-3,-3,1.5
68.8663,-2.99134,-3.01468,1.50759,-3,-3,1.5
68.8763,-2.99122,-3.01466,1.50762,-3,-3,1.5
68.8863,-2.9911,-3.01463,1.50765,-3,-3,1.5
68.8963,-2.99098,-3.01461,1.50768,-3,-3,1.5
68.9063,-2.99086,-3.01459,1.50772,-3,-3,1.5
68.9163,-2.99074,-3.01457,1.50775,-3,-3,1.5
68.9263,-2.99062,-3.01454,1.50776,-3,-3,1.5
68.9363,-2.9905,-3.01452,1.50777,-3,-3,1.5
68.9463,-2.99038,-3.01449,1.50779,-3,-3,1.5
68.9563,-2.99026,-3.01447,1.50782,-3,-3,1.5
68.9663,-2.99014,-3.01444,1.50785,-3,-3,1.5
68.9763,-2.99002,-3.01442,1.50789,-3,-3,1.5
68.9863,-2.9899,-3.01439,1.50792,-3,-3,1.5
68.9963,-2.98978,-3.01437,1.50796,-3,-3,1.5
69.0063,-2.98967,-3.01434,1.50799,-3,-3,1.5
69.0163,-2.98955,-3.01431,1.50798,-3,-3,1.5
69.0263,-2.98943,-3.01429,1.50796,-3,-3,1.5
69.0363,-2.98931,-3.01426,1.50797,-3,-3,1.5
69.0463,-2.98919,-3.01423,1.50799,-3,-3,1.5
69.0563,-2.98907,-3.0142,1.50801,-3,-3,1.5
69.0663,-2.98895,-3.01417,1.50803,-3,-3,1.5
69.0763,-2.98883,-3.01415,1.50808,-3,-3,1.5
69.0863,-2.98871,-3.01412,1.5081,-3,-3,1.5
69.0964,-2.9886,-3.01409,1.50807,-3,-3,1.5
69.1064,-2.98848,-3.01406,1.50803,-3,-3,1.5
69.1164,-2.98836,-3.01403,1.50798,-3,-3,1.5
69.1264,-2.98825,-3.014,1.50792,-3,-3,1.5
69.1364,-2.98814,-3.01397,1.50786,-3,-3,1.5
69.1464,-2.98803,-3.01395,1.50778,-3,-3,1.5
69.1564,-2.98792,-3.01392,1.50766,-3,-3,1.5
69.1664,-2.98781,-3.01389,1.5075,-3,-3,1.5
69.1764,-2.98771,-3.01387,1.50733,-3,-3,1.5
69.1864,-2.98762,-3.01384,1.50727,-3,-3,1.5
69.1964,-2.98753,-3.01382,1.5073,-3,-3,1.5
69.2064,-2.98744,-3.01381,1.50731,-3,-3,1.5
69.2164,-2.98736,-3.0138,1.5073,-3,-3,1.5
69.2264,-2.98728,-3.01379,1.50731,-3,-3,1.5
69.2364,-2.98721,-3.01378,1.50733,-3,-3,1.5
69.2464,-2.98714,-3.01377,1.50736,-3,-3,1.5
69.2564,-2.98707,-3.01377,1.50733,-3,-3,1.5
69.2664,-2.98701,-3.01377,1.50727,-3,-3,1.5
69.2764,-2.98694,-3.01377,1.5072,-3,-3,1.5
69.2864,-2.98688,-3.01377,1.50712,-3,-3,1.5
69.2964,-2.98683,-3.01376,1.50709,-3,-3,1.5
69.3064,-2.98678,-3.01376,1.50712,-3,-3,1.5
69.3164,-2.98673,-3.01375,1.50717,-3,-3,1.5
69.3264,-2.98669,-3.01374,1.5072,-3,-3,1.5
69.3364,-2.98666,-3.01372,1.50719,-3,-3,1.5
69.3464,-2.98663,-3.0137,1.50718,-3,-3,1.5
69.3564,-2.9866,-3.01368,1.50716,-3,-3,1.5
69.3664,-2.98658,-3.01365,1.50715,-3,-3,1.5
69.3764,-2.98656,-3.01363,1.50714,-3,-3,1.5
69.3864,-2.98654,-3.0136,1.50713,-3,-3,1.5
69.3964,-2.98652,-3.01358,1.5071,-3,-3,1.5
69.4064,-2.98651,-3.01356,1.50709,-3,-3,1.5
69.4164,-2.98649,-3.01354,1.50707,-3,-3,1.5
69.4264,-2.98648,-3.01352,1.50702,-3,-3,1.5
69.4364,-2.98646,-3.0135,1.50698,-3,-3,1.5
69.4464,-2.98645,-3.01349,1.50695,-3,-3,1.5
69.4564,-2.98644,-3.01347,1.50694,-3,-3,1.5
69.4664,-2.98642,-3.01345,1.50693,-3,-3,1.5
69.4764,-2.98641,-3.01344,1.50694,-3,-3,1.5
69.4864,-2.98639,-3.01342,1.50693,-3,-3,1.5
69.4964,-2.98638,-3.01341,1.50692,-3,-3,1.5
69.5064,-2.98636,-3.0134,1.50692,-3,-3,1.5
69.5164,-2.98634,-3.01338,1.50691,-3,-3,1.5
69.5264,-2.98632,-3.01337,1.50691,-3,-3,1.5
69.5364,-2.9863,-3.01336,1.50691,-3,-3,1.5
69.5464,-2.98628,-3.01334,1.50691,-3,-3,1.5
69.5564,-2.98626,-3.01333,1.50692,-3,-3,1.5
69.5665,-2.98624,-3.01332,1.50693,-3,-3,1.5
69.5765,-2.98622,-3.01331,1.50694,-3,-3,1.5
69.5865,-2.9862,-3.0133,1.50695,-3,-3,1.5
69.5965,-2.98617,-3.01329,1.50696,-3,-3,1.5
69.6065,-2.98615,-3.01329,1.50698,-3,-3,1.5
69.6165,-2.98613,-3.01328,1.507,-3,-3,1.5
69.6265,-2.98611,-3.01327,1.50701,-3,-3,1.5
69.6365,-2.98608,-3.01326,1.50703,-3,-3,1.5
69.6465,-2.98606,-3.01325,1.50705,-3,-3,1.5
69.6565,-2.98603,-3.01324,1.50706,-3,-3,1.5
69.6665,-2.98601,-3.01323,1.50707,-3,-3,1.5
69.6765,-2.98598,-3.01322,1.50708,-3,-3,1.5
69.6865,-2.98595,-3.0132,1.5071,-3,-3,1.5
69.6965,-2.98591,-3.01319,1.50711,-3,-3,1.5
69.7065,-2.98588,-3.01318,1.50712,-3,-3,1.5
69.7165,-2.98585,-3.01316,1.50713,-3,-3,1.5
69.7265,-2.98581,-3.01315,1.50714,-3,-3,1.5
69.7365,-2.98577,-3.01313,1.50715,-3,-3,1.5
69.7465,-2.98573,-3.01312,1.50717,-3,-3,1.5
69.7565,-2.98569,-3.0131,1.50718,-3,-3,1.5
69.7665,-2.98564,-3.01308,1.50719,-3,-3,1.5
69.7765,-2.9856,-3.01307,1.50718,-3,-3,1.5
69.7865,-2.98555,-3.01305,1.50718,-3,-3,1.5
69.7965,-2.9855,-3.01303,1.50717,-3,-3,1.5
69.8065,-2.98545,-3.01301,1.50717,-3,-3,1.5
69.8165,-2.9854,-3.01299,1.50717,-3,-3,1.5
69.8265,-2.98534,-3.01298,1.50716,-3,-3,1.5
69.8365,-2.98529,-3.01296,1.50716,-3,-3,1.5
69.8465,-2.98523,-3.01294,1.50717,-3,-3,1.5
69.8565,-2.98517,-3.01292,1.50719,-3,-3,1.5
69.8665,-2.98512,-3.0129,1.5072,-3,-3,1.5
69.8765,-2.98506,-3.01287,1.50722,-3,-3,1.5
69.8865,-2.985,-3.01285,1.50724,-3,-3,1.5
69.8965,-2.98494,-3.01283,1.50725,-3,-3,1.5
69.9065,-2.98488,-3.01281,1.50726,-3,-3,1.5
69.9165,-2.98482,-3.01279,1.50726,-3,-3,1.5
69.9265,-2.98476,-3.01277,1.50726,-3,-3,1.5
69.9365,-2.9847,-3.01275,1.50726,-3,-3,1.5
69.9465,-2.98464,-3.01272,1.50725,-3,-3,1.5
69.9565,-2.98458,-3.0127,1.50723,-3,-3,1.5
69.9665,-2.98452,-3.01268,1.50722,-3,-3,1.5
69.9765,-2.98446,-3.01266,1.5072,-3,-3,1.5
69.9865,-2.9844,-3.01264,1.50719,-3,-3,1.5
69.9965,-2.98433,-3.01262,1.50718,-3,-3,1.5
70.0065,-2.98427,-3.0126,1.50717,-3,-3,1.5
70.0165,-2.98421,-3.01257,1.50716,-3,-3,1.5
70.0266,-2.98414,-3.01255,1.50715,-3,-3,1.5
70.0366,-2.98407,-3.01253,1.50714,-3,-3,1.5
70.0466,-2.98401,-3.01251,1.50713,-3,-3,1.5
70.0566,-2.98394,-3.01249,1.50712,-3,-3,1.5
70.0666,-2.98387,-3.01247,1.50711,-3,-3,1.5
70.0766,-2.9838,-3.01245,1.5071,-3,-3,1.5
70.0866,-2.98373,-3.01242,1.50709,-3,-3,1.5
70.0966,-2.98366,-3.0124,1.50708,-3,-3,1.5
70.1066,-2.98359,-3.01238,1.50707,-3,-3,1.5
70.1166,-2.98352,-3.01236,1.50705,-3,-3,1.5
70.1266,-2.98345,-3.01234,1.50704,-3,-3,1.5
70.1366,-2.98338,-3.01231,1.50702,-3,-3,1.5
70.1466,-2.98331,-3.01229,1.507,-3,-3,1.5
70.1566,-2.98325,-3.01227,1.50698,-3,-3,1.5
70.1666,-2.98318,-3.01225,1.50695,-3,-3,1.5
70.1766,-2.98311,-3.01223,1.50693,-3,-3,1.5
70.1866,-2.98305,-3.0122,1.50691,-3,-3,1.5
70.1966,-2.98299,-3.01218,1.50688,-3,-3,1.5
70.2066,-2.98293,-3.01216,1.50686,-3,-3,1.5
70.2166,-2.98288,-3.01214,1.50685,-3,-3,1.5
70.2266,-2.98282,-3.01212,1.50683,-3,-3,1.5
70.2366,-2.98278,-3.01209,1.50682,-3,-3,1.5
70.2466,-2.98273,-3.01208,1.5068,-3,-3,1.5
70.2566,-2.9827,-3.01206,1.5068,-3,-3,1.5
70.2666,-2.98266,-3.01204,1.50679,-3,-3,1.5
70.2766,-2.98263,-3.01203,1.50679,-3,-3,1.5
70.2866,-2.9826,-3.01202,1.50679,-3,-3,1.5
70.2966,-2.98258,-3.01201,1.50679,-3,-3,1.5
70.3066,-2.98257,-3.01201,1.50679,-3,-3,1.5
70.3166,-2.98255,-3.012,1.50679,-3,-3,1.5
70.3266,-2.98255,-3.012,1.50679,-3,-3,1.5
70.3366,-2.98254,-3.012,1.50679,-3,-3,1.5
70.3466,-2.98254,-3.01201,1.50679,-3,-3,1.5
70.3566,-2.98255,-3.01201,1.50679,-3,-3,1.5
70.3666,-2.98256,-3.01202,1.50678,-3,-3,1.5
70.3766,-2.98257,-3.01203,1.5068,-3,-3,1.5
70.3866,-2.98259,-3.01204,1.50684,-3,-3,1.5
70.3966,-2.98262,-3.01206,1.50686,-3,-3,1.5
70.4066,-2.98264,-3.01207,1.50686,-3,-3,1.5
70.4166,-2.98267,-3.01209,1.50686,-3,-3,1.5
70.4266,-2.9827,-3.0121,1.50686,-3,-3,1.5
70.4366,-2.98273,-3.01212,1.50684,-3,-3,1.5
70.4466,-2.98277,-3.01214,1.50682,-3,-3,1.5
70.4566,-2.9828,-3.01215,1.5068,-3,-3,1.5
70.4666,-2.98283,-3.01217,1.50678,-3,-3,1.5
70.4766,-2.98287,-3.01218,1.50676,-3,-3,1.5
70.4866,-2.9829,-3.0122,1.50673,-3,-3,1.5
70.4967,-2.98294,-3.01221,1.50671,-3,-3,1.5
70.5067,-2.98297,-3.01222,1.50669,-3,-3,1.5
70.5167,-2.983,-3.01224,1.50666,-3,-3,1.5
70.5267,-2.98303,-3.01225,1.50664,-3,-3,1.5
70.5367,-2.98306,-3.01226,1.50663,-3,-3,1.5
70.5467,-2.98308,-3.01227,1.50665,-3,-3,1.5
70.5567,-2.98311,-3.01228,1.50666,-3,-3,1.5
70.5667,-2.98313,-3.01229,1.50666,-3,-3,1.5
70.5767,-2.98316,-3.0123,1.50665,-3,-3,1.5
70.5867,-2.98318,-3.01231,1.50664,-3,-3,1.5
70.5967,-2.98321,-3.01232,1.50664,-3,-3,1.5
70.6067,-2.98324,-3.01233,1.50666,-3,-3,1.5
70.6167,-2.98326,-3.01234,1.5067,-3,-3,1.5
70.6267,-2.98329,-3.01235,1.50673,-3,-3,1.5
70.6367,-2.98332,-3.01236,1.50674,-3,-3,1.5
70.6467,-2.98335,-3.01237,1.50672,-3,-3,1.5
70.6567,-2.98338,-3.01238,1.5067,-3,-3,1.5
70.6667,-2.98341,-3.01239,1.50666,-3,-3,1.5
70.6767,-2.98344,-3.0124,1.50662,-3,-3,1.5
70.6867,-2.98347,-3.01241,1.50658,-3,-3,1.5
70.6967,-2.9835,-3.01242,1.50654,-3,-3,1.5
70.7067,-2.98353,-3.01243,1.50651,-3,-3,1.5
70.7167,-2.98355,-3.01244,1.50647,-3,-3,1.5
70.7267,-2.98358,-3.01245,1.50642,-3,-3,1.5
70.7367,-2.98361,-3.01246,1.50635,-3,-3,1.5
70.7467,-2.98363,-3.01246,1.50629,-3,-3,1.5
70.7567,-2.98366,-3.01247,1.50624,-3,-3,1.5
70.7667,-2.98369,-3.01248,1.50619,-3,-3,1.5
70.7767,-2.98372,-3.01248,1.50615,-3,-3,1.5
70.7867,-2.98375,-3.01249,1.50611,-3,-3,1.5
70.7967,-2.98378,-3.01249,1.5061,-3,-3,1.5
70.8067,-2.98381,-3.0125,1.50609,-3,-3,1.5
70.8167,-2.98384,-3.0125,1.5061,-3,-3,1.5
70.8267,-2.98387,-3.0125,1.50611,-3,-3,1.5
70.8367,-2.9839,-3.01251,1.50612,-3,-3,1.5
70.8467,-2.98394,-3.01251,1.50611,-3,-3,1.5
70.8567,-2.98397,-3.01252,1.50614,-3,-3,1.5
70.8667,-2.98401,-3.01253,1.50619,-3,-3,1.5
70.8767,-2.98405,-3.01253,1.50622,-3,-3,1.5
70.8867,-2.98408,-3.01254,1.50623,-3,-3,1.5
70.8967,-2.98412,-3.01255,1.50622,-3,-3,1.5
70.9067,-2.98416,-3.01256,1.50621,-3,-3,1.5
70.9167,-2.9842,-3.01257,1.5062,-3,-3,1.5
70.9267,-2.98424,-3.01258,1.50618,-3,-3,1.5
70.9367,-2.98428,-3.01259,1.50616,-3,-3,1.5
70.9467,-2.98432,-3.01261,1.50614,-3,-3,1.5
70.9567,-2.98435,-3.01262,1.50611,-3,-3,1.5
70.9668,-2.98439,-3.01263,1.50608,-3,-3,1.5
70.9768,-2.98443,-3.01264,1.50606,-3,-3,1.5
70.9868,-2.98446,-3.01266,1.50605,-3,-3,1.5
70.9968,-2.9845,-3.01267,1.50604,-3,-3,1.5
71.0068,-2.98454,-3.01268,1.50602,-3,-3,1.5
71.0168,-2.98457,-3.01269,1.50597,-3,-3,1.5
71.0268,-2.98461,-3.0127,1.50594,-3,-3,1.5
71.0368,-2.98464,-3.01271,1.5059,-3,-3,1.5
71.0468,-2.98467,-3.01272,1.50587,-3,-3,1.5
71.0568,-2.98471,-3.01273,1.50584,-3,-3,1.5
71.0668,-2.98474,-3.01274,1.50581,-3,-3,1.5
71.0768,-2.98477,-3.01274,1.50579,-3,-3,1.5
71.0868,-2.98481,-3.01275,1.50578,-3,-3,1.5
71.0968,-2.98484,-3.01275,1.50578,-3,-3,1.5
71.1068,-2.98487,-3.01275,1.50579,-3,-3,1.5
71.1168,-2.98491,-3.01275,1.50579,-3,-3,1.5
71.1268,-2.98494,-3.01276,1.50577,-3,-3,1.5
71.1368,-2.98498,-3.01275,1.50576,-3,-3,1.5
71.1468,-2.98501,-3.01275,1.50574,-3,-3,1.5
71.1568,-2.98505,-3.01275,1.5057,-3,-3,1.5
71.1668,-2.98508,-3.01275,1.50566,-3,-3,1.5
71.1768,-2.98512,-3.01275,1.50562,-3,-3,1.5
71.1868,-2.98515,-3.01274,1.50558,-3,-3,1.5
71.1968,-2.98519,-3.01274,1.50557,-3,-3,1.5
71.2068,-2.98523,-3.01273,1.50559,-3,-3,1.5
71.2168,-2.98526,-3.01272,1.50561,-3,-3,1.5
71.2268,-2.9853,-3.01271,1.50562,-3,-3,1.5
71.2368,-2.98534,-3.0127,1.50564,-3,-3,1.5
71.2468,-2.98537,-3.01269,1.50564,-3,-3,1.5
71.2568,-2.98541,-3.01268,1.50564,-3,-3,1.5
71.2668,-2.98546,-3.01267,1.50565,-3,-3,1.5
71.2768,-2.9855,-3.01266,1.50568,-3,-3,1.5
71.2868,-2.98554,-3.01265,1.50574,-3,-3,1.5
71.2968,-2.98559,-3.01264,1.50577,-3,-3,1.5
71.3068,-2.98564,-3.01263,1.50582,-3,-3,1.5
71.3168,-2.98568,-3.01262,1.50587,-3,-3,1.5
71.3268,-2.98573,-3.01261,1.50594,-3,-3,1.5
71.3368,-2.98578,-3.01261,1.50604,-3,-3,1.5
71.3468,-2.98583,-3.01261,1.50612,-3,-3,1.5
71.3568,-2.98588,-3.01261,1.50614,-3,-3,1.5
71.3668,-2.98593,-3.01261,1.50615,-3,-3,1.5
71.3768,-2.98598,-3.01262,1.50616,-3,-3,1.5
71.3868,-2.98603,-3.01263,1.50617,-3,-3,1.5
71.3968,-2.98608,-3.01264,1.50621,-3,-3,1.5
71.4068,-2.98614,-3.01265,1.50628,-3,-3,1.5
71.4168,-2.98619,-3.01267,1.50633,-3,-3,1.5
71.4268,-2.98625,-3.01269,1.50636,-3,-3,1.5
71.4369,-2.9863,-3.01271,1.50637,-3,-3,1.5
71.4469,-2.98636,-3.01273,1.5064,-3,-3,1.5
71.4569,-2.98641,-3.01275,1.50644,-3,-3,1.5
71.4669,-2.98647,-3.01278,1.50645,-3,-3,1.5
71.4769,-2.98652,-3.0128,1.50645,-3,-3,1.5
71.4869,-2.98658,-3.01282,1.50649,-3,-3,1.5
71.4969,-2.98663,-3.01284,1.50654,-3,-3,1.5
71.5069,-2.98668,-3.01286,1.50657,-3,-3,1.5
71.5169,-2.98674,-3.01288,1.50658,-3,-3,1.5
71.5269,-2.98679,-3.0129,1.50658,-3,-3,1.5
71.5369,-2.98684,-3.01291,1.50658,-3,-3,1.5
71.5469,-2.98689,-3.01293,1.50657,-3,-3,1.5
71.5569,-2.98694,-3.01295,1.50656,-3,-3,1.5
71.5669,-2.98699,-3.01297,1.50653,-3,-3,1.5
71.5769,-2.98704,-3.01299,1.50649,-3,-3,1.5
71.5869,-2.98709,-3.01301,1.50646,-3,-3,1.5
71.5969,-2.98714,-3.01303,1.50644,-3,-3,1.5
71.6069,-2.98719,-3.01305,1.50643,-3,-3,1.5
71.6169,-2.98724,-3.01307,1.50641,-3,-3,1.5
71.6269,-2.98729,-3.01309,1.50638,-3,-3,1.5
71.6369,-2.98734,-3.01311,1.50632,-3,-3,1.5
71.6469,-2.98739,-3.01313,1.50624,-3,-3,1.5
71.6569,-2.98744,-3.01315,1.50618,-3,-3,1.5
71.6669,-2.98749,-3.01316,1.50614,-3,-3,1.5
71.6769,-2.98754,-3.01317,1.50608,-3,-3,1.5
71.6869,-2.98759,-3.01318,1.50607,-3,-3,1.5
71.6969,-2.98765,-3.01318,1.50616,-3,-3,1.5
71.7069,-2.9877,-3.01317,1.50623,-3,-3,1.5
71.7169,-2.98776,-3.01316,1.50624,-3,-3,1.5
71.7269,-2.98781,-3.01315,1.50623,-3,-3,1.5
71.7369,-2.98787,-3.01314,1.50623,-3,-3,1.5
71.7469,-2.98793,-3.01314,1.50627,-3,-3,1.5
71.7569,-2.98798,-3.01313,1.50637,-3,-3,1.5
71.7669,-2.98804,-3.01313,1.50644,-3,-3,1.5
71.7769,-2.9881,-3.01313,1.50645,-3,-3,1.5
71.7869,-2.98816,-3.01314,1.50641,-3,-3,1.5
71.7969,-2.98822,-3.01314,1.5064,-3,-3,1.5
71.8069,-2.98829,-3.01315,1.50645,-3,-3,1.5
71.8169,-2.98835,-3.01316,1.50651,-3,-3,1.5
71.8269,-2.98841,-3.01316,1.50658,-3,-3,1.5
71.8369,-2.98847,-3.01316,1.50662,-3,-3,1.5
71.8469,-2.98853,-3.01315,1.50663,-3,-3,1.5
71.8569,-2.9886,-3.01315,1.50663,-3,-3,1.5
71.8669,-2.98866,-3.01314,1.50663,-3,-3,1.5
71.8769,-2.98872,-3.01313,1.50663,-3,-3,1.5
71.8869,-2.98879,-3.01312,1.50662,-3,-3,1.5
71.8969,-2.98885,-3.01311,1.5066,-3,-3,1.5
71.907,-2.98892,-3.0131,1.50658,-3,-3,1.5
71.917,-2.98898,-3.01309,1.50655,-3,-3,1.5
71.927,-2.98905,-3.01308,1.50651,-3,-3,1.5
71.937,-2.98912,-3.01307,1.50648,-3,-3,1.5
71.947,-2.98918,-3.01306,1.50645,-3,-3,1.5
71.957,-2.98925,-3.01305,1.50641,-3,-3,1.5
71.967,-2.98931,-3.01305,1.50637,-3,-3,1.5
71.977,-2.98938,-3.01304,1.50635,-3,-3,1.5
71.987,-2.98944,-3.01303,1.50634,-3,-3,1.5
71.997,-2.98951,-3.01302,1.50633,-3,-3,1.5
72.007,-2.98957,-3.01301,1.50631,-3,-3,1.5
72.017,-2.98964,-3.013,1.50629,-3,-3,1.5
72.027,-2.9897,-3.01298,1.50627,-3,-3,1.5
72.037,-2.98977,-3.01297,1.50628,-3,-3,1.5
72.047,-2.98983,-3.01296,1.5063,-3,-3,1.5
72.057,-2.9899,-3.01295,1.5063,-3,-3,1.5
72.067,-2.98997,-3.01294,1.5063,-3,-3,1.5
72.077,-2.99004,-3.01292,1.50628,-3,-3,1.5
72.087,-2.99011,-3.01291,1.50627,-3,-3,1.5
72.097,-2.99019,-3.0129,1.50625,-3,-3,1.5
72.107,-2.99026,-3.01288,1.50623,-3,-3,1.5
72.117,-2.99034,-3.01287,1.50622,-3,-3,1.5
72.127,-2.99042,-3.01286,1.5062,-3,-3,1.5
72.137,-2.9905,-3.01285,1.50621,-3,-3,1.5
72.147,-2.99058,-3.01284,1.50626,-3,-3,1.5
72.157,-2.99066,-3.01283,1.50632,-3,-3,1.5
72.167,-2.99074,-3.01282,1.50635,-3,-3,1.5
72.177,-2.99082,-3.01282,1.50637,-3,-3,1.5
72.187,-2.99091,-3.01281,1.50639,-3,-3,1.5
72.197,-2.99099,-3.01281,1.50639,-3,-3,1.5
72.207,-2.99107,-3.01281,1.50638,-3,-3,1.5
72.217,-2.99115,-3.01281,1.50638,-3,-3,1.5
72.227,-2.99123,-3.01281,1.50637,-3,-3,1.5
72.237,-2.9913,-3.01281,1.50635,-3,-3,1.5
72.247,-2.99138,-3.01282,1.50634,-3,-3,1.5
72.257,-2.99145,-3.01282,1.50633,-3,-3,1.5
72.267,-2.99152,-3.01283,1.50632,-3,-3,1.5
72.277,-2.99159,-3.01283,1.5063,-3,-3,1.5
72.287,-2.99166,-3.01284,1.50632,-3,-3,1.5
72.297,-2.99173,-3.01284,1.50635,-3,-3,1.5
72.307,-2.9918,-3.01285,1.50637,-3,-3,1.5
72.317,-2.99187,-3.01286,1.50637,-3,-3,1.5
72.327,-2.99194,-3.01286,1.50636,-3,-3,1.5
72.337,-2.99201,-3.01287,1.50636,-3,-3,1.5
72.347,-2.99208,-3.01288,1.50635,-3,-3,1.5
72.357,-2.99215,-3.01288,1.50634,-3,-3,1.5
72.3671,-2.99221,-3.01289,1.50633,-3,-3,1.5
72.3771,-2.99228,-3.01289,1.50631,-3,-3,1.5
72.3871,-2.99234,-3.0129,1.5063,-3,-3,1.5
72.3971,-2.9924,-3.0129,1.50628,-3,-3,1.5
72.4071,-2.99247,-3.01291,1.50624,-3,-3,1.5
72.4171,-2.99253,-3.01291,1.50621,-3,-3,1.5
72.4271,-2.99259,-3.01291,1.50617,-3,-3,1.5
72.4371,-2.99265,-3.01291,1.50614,-3,-3,1.5
72.4471,-2.9927,-3.01291,1.50611,-3,-3,1.5
72.4571,-2.99276,-3.01292,1.50608,-3,-3,1.5
72.4671,-2.99282,-3.01292,1.50606,-3,-3,1.5
72.4771,-2.99287,-3.01292,1.50604,-3,-3,1.5
72.4871,-2.99292,-3.01291,1.50601,-3,-3,1.5
72.4971,-2.99297,-3.01291,1.50599,-3,-3,1.5
72.5071,-2.99303,-3.01291,1.50597,-3,-3,1.5
72.5171,-2.99308,-3.01291,1.50594,-3,-3,1.5
72.5271,-2.99313,-3.01291,1.50592,-3,-3,1.5
72.5371,-2.99317,-3.01291,1.50591,-3,-3,1.5
72.5471,-2.99322,-3.01291,1.50589,-3,-3,1.5
72.5571,-2.99327,-3.0129,1.50588,-3,-3,1.5
72.5671,-2.99332,-3.0129,1.50586,-3,-3,1.5
72.5771,-2.99337,-3.0129,1.50584,-3,-3,1.5
72.5871,-2.99341,-3.0129,1.50582,-3,-3,1.5
72.5971,-2.99346,-3.01289,1.50579,-3,-3,1.5
72.6071,-2.99351,-3.01289,1.50578,-3,-3,1.5
72.6171,-2.99356,-3.01288,1.50576,-3,-3,1.5
72.6271,-2.9936,-3.01288,1.50575,-3,-3,1.5
72.6371,-2.99365,-3.01287,1.50574,-3,-3,1.5
72.6471,-2.9937,-3.01287,1.50572,-3,-3,1.5
72.6571,-2.99375,-3.01286,1.50571,-3,-3,1.5
72.6671,-2.9938,-3.01286,1.5057,-3,-3,1.5
72.6771,-2.99384,-3.01285,1.50568,-3,-3,1.5
72.6871,-2.99389,-3.01284,1.50567,-3,-3,1.5
72.6971,-2.99394,-3.01283,1.50566,-3,-3,1.5
72.7071,-2.99399,-3.01282,1.50564,-3,-3,1.5
72.7171,-2.99404,-3.01281,1.50563,-3,-3,1.5
72.7271,-2.99409,-3.0128,1.50561,-3,-3,1.5
72.7371,-2.99414,-3.01279,1.5056,-3,-3,1.5
72.7471,-2.99419,-3.01278,1.50558,-3,-3,1.5
72.7571,-2.99425,-3.01276,1.50557,-3,-3,1.5
72.7671,-2.9943,-3.01275,1.50555,-3,-3,1.5
72.7771,-2.99435,-3.01274,1.50552,-3,-3,1.5
72.7871,-2.99441,-3.01272,1.5055,-3,-3,1.5
72.7971,-2.99446,-3.01271,1.50548,-3,-3,1.5
72.8071,-2.99452,-3.01269,1.50546,-3,-3,1.5
72.8171,-2.99458,-3.01268,1.50544,-3,-3,1.5
72.8271,-2.99464,-3.01266,1.50542,-3,-3,1.5
72.8372,-2.9947,-3.01265,1.50541,-3,-3,1.5
72.8472,-2.99476,-3.01263,1.50539,-3,-3,1.5
72.8572,-2.99483,-3.01262,1.50538,-3,-3,1.5
72.8672,-2.99489,-3.0126,1.50536,-3,-3,1.5
72.8772,-2.99496,-3.01259,1.50534,-3,-3,1.5
72.8872,-2.99504,-3.01257,1.50531,-3,-3,1.5
72.8972,-2.99511,-3.01256,1.50529,-3,-3,1.5
72.9072,-2.99518,-3.01255,1.50526,-3,-3,1.5
72.9172,-2.99526,-3.01253,1.50524,-3,-3,1.5
72.9272,-2.99534,-3.01252,1.50522,-3,-3,1.5
72.9372,-2.99542,-3.01251,1.50519,-3,-3,1.5
72.9472,-2.99549,-3.0125,1.50517,-3,-3,1.5
72.9572,-2.99557,-3.01249,1.50515,-3,-3,1.5
72.9672,-2.99565,-3.01248,1.50512,-3,-3,1.5
72.9772,-2.99572,-3.01248,1.5051,-3,-3,1.5
72.9872,-2.99579,-3.01247,1.50509,-3,-3,1.5
72.9972,-2.99586,-3.01246,1.50511,-3,-3,1.5
73.0072,-2.99593,-3.01246,1.50514,-3,-3,1.5
73.0172,-2.99599,-3.01246,1.50517,-3,-3,1.5
73.0272,-2.99606,-3.01245,1.50521,-3,-3,1.5
73.0372,-2.99612,-3.01245,1.50525,-3,-3,1.5
73.0472,-2.99619,-3.01245,1.50528,-3,-3,1.5
73.0572,-2.99625,-3.01245,1.50532,-3,-3,1.5
73.0672,-2.99632,-3.01244,1.50535,-3,-3,1.5
73.0772,-2.99638,-3.01244,1.50539,-3,-3,1.5
73.0872,-2.99645,-3.01244,1.50544,-3,-3,1.5
73.0972,-2.99652,-3.01245,1.50549,-3,-3,1.5
73.1072,-2.99658,-3.01245,1.50553,-3,-3,1.5
73.1172,-2.99665,-3.01246,1.50556,-3,-3,1.5
73.1272,-2.99673,-3.01246,1.50559,-3,-3,1.5
73.1372,-2.9968,-3.01247,1.50562,-3,-3,1.5
73.1472,-2.99688,-3.01249,1.50565,-3,-3,1.5
73.1572,-2.99696,-3.0125,1.50567,-3,-3,1.5
73.1672,-2.99704,-3.01252,1.50569,-3,-3,1.5
73.1772,-2.99712,-3.01254,1.50571,-3,-3,1.5
73.1872,-2.9972,-3.01256,1.50573,-3,-3,1.5
73.1972,-2.99728,-3.01258,1.50576,-3,-3,1.5
73.2072,-2.99737,-3.01261,1.50579,-3,-3,1.5
73.2172,-2.99746,-3.01264,1.5058,-3,-3,1.5
73.2272,-2.99755,-3.01267,1.50582,-3,-3,1.5
73.2372,-2.99764,-3.01271,1.50584,-3,-3,1.5
73.2472,-2.99773,-3.01274,1.50586,-3,-3,1.5
73.2572,-2.99782,-3.01278,1.50587,-3,-3,1.5
73.2672,-2.99791,-3.01282,1.50589,-3,-3,1.5
73.2772,-2.99801,-3.01287,1.50591,-3,-3,1.5
73.2872,-2.9981,-3.01291,1.50594,-3,-3,1.5
73.2972,-2.9982,-3.01296,1.50597,-3,-3,1.5
73.3073,-2.9983,-3.013,1.506,-3,-3,1.5
73.3173,-2.99839,-3.01305,1.50602,-3,-3,1.5
73.3273,-2.99849,-3.0131,1.50605,-3,-3,1.5
73.3373,-2.99859,-3.01314,1.50607,-3,-3,1.5
73.3473,-2.99868,-3.01319,1.50608,-3,-3,1.5
73.3573,-2.99878,-3.01324,1.5061,-3,-3,1.5
73.3673,-2.99887,-3.01329,1.50611,-3,-3,1.5
73.3773,-2.99896,-3.01333,1.50613,-3,-3,1.5
73.3873,-2.99906,-3.01338,1.50614,-3,-3,1.5
73.3973,-2.99915,-3.01342,1.50617,-3,-3,1.5
73.4073,-2.99923,-3.01346,1.5062,-3,-3,1.5
73.4173,-2.99932,-3.0135,1.50622,-3,-3,1.5
73.4273,-2.9994,-3.01354,1.50624,-3,-3,1.5
73.4373,-2.99948,-3.01358,1.50626,-3,-3,1.5
73.4473,-2.99956,-3.01362,1.50628,-3,-3,1.5
73.4573,-2.99964,-3.01365,1.50629,-3,-3,1.5
73.4673,-2.99971,-3.01369,1.50629,-3,-3,1.5
73.4773,-2.99978,-3.01372,1.5063,-3,-3,1.5
73.4873,-2.99985,-3.01375,1.50631,-3,-3,1.5
73.4973,-2.99991,-3.01378,1.50631,-3,-3,1.5
73.5073,-2.99997,-3.01381,1.50632,-3,-3,1.5
73.5173,-3.00003,-3.01384,1.50634,-3,-3,1.5
73.5273,-3.00008,-3.01387,1.50637,-3,-3,1.5
73.5373,-3.00013,-3.01389,1.50639,-3,-3,1.5
73.5473,-3.00018,-3.01392,1.50641,-3,-3,1.5
73.5573,-3.00022,-3.01394,1.50642,-3,-3,1.5
73.5673,-3.00025,-3.01397,1.50643,-3,-3,1.5
73.5773,-3.00029,-3.01399,1.50645,-3,-3,1.5
73.5873,-3.00032,-3.01401,1.50648,-3,-3,1.5
73.5973,-3.00034,-3.01403,1.50651,-3,-3,1.5
73.6073,-3.00036,-3.01405,1.50654,-3,-3,1.5
73.6173,-3.00038,-3.01407,1.50655,-3,-3,1.5
73.6273,-3.00039,-3.01408,1.50657,-3,-3,1.5
73.6373,-3.0004,-3.0141,1.50659,-3,-3,1.5
73.6473,-3.00041,-3.01411,1.50661,-3,-3,1.5
73.6573,-3.00041,-3.01412,1.50664,-3,-3,1.5
73.6673,-3.00041,-3.01413,1.50666,-3,-3,1.5
73.6773,-3.00041,-3.01414,1.50669,-3,-3,1.5
73.6873,-3.0004,-3.01415,1.50673,-3,-3,1.5
73.6973,-3.0004,-3.01416,1.50676,-3,-3,1.5
73.7073,-3.00038,-3.01417,1.50679,-3,-3,1.5
73.7173,-3.00037,-3.01417,1.50681,-3,-3,1.5
73.7273,-3.00035,-3.01418,1.50683,-3,-3,1.5
73.7373,-3.00034,-3.01418,1.50685,-3,-3,1.5
73.7473,-3.00031,-3.01419,1.50687,-3,-3,1.5
73.7573,-3.00029,-3.01419,1.50689,-3,-3,1.5
73.7673,-3.00027,-3.01419,1.50691,-3,-3,1.5
73.7774,-3.00024,-3.01419,1.50693,-3,-3,1.5
73.7874,-3.00021,-3.01419,1.50695,-3,-3,1.5
73.7974,-3.00018,-3.01419,1.50697,-3,-3,1.5
73.8074,-3.00015,-3.01419,1.50699,-3,-3,1.5
73.8174,-3.00011,-3.01419,1.50701,-3,-3,1.5
73.8274,-3.00008,-3.01418,1.50703,-3,-3,1.5
73.8374,-3.00004,-3.01418,1.50706,-3,-3,1.5
73.8474,-3,-3.01418,1.5071,-3,-3,1.5
73.8574,-2.99996,-3.01417,1.50714,-3,-3,1.5
73.8674,-2.99992,-3.01417,1.50718,-3,-3,1.5
73.8774,-2.99987,-3.01416,1.5072,-3,-3,1.5
73.8874,-2.99983,-3.01415,1.50723,-3,-3,1.5
73.8974,-2.99978,-3.01415,1.50726,-3,-3,1.5
73.9074,-2.99974,-3.01414,1.50729,-3,-3,1.5
73.9174,-2.99969,-3.01413,1.50733,-3,-3,1.5
73.9274,-2.99964,-3.01412,1.50735,-3,-3,1.5
73.9374,-2.99959,-3.01412,1.50735,-3,-3,1.5
73.9474,-2.99954,-3.01411,1.50735,-3,-3,1.5
73.9574,-2.99949,-3.0141,1.50735,-3,-3,1.5
73.9674,-2.99944,-3.01409,1.50736,-3,-3,1.5
73.9774,-2.99939,-3.01408,1.50737,-3,-3,1.5
73.9874,-2.99934,-3.01407,1.50737,-3,-3,1.5
73.9974,-2.99929,-3.01407,1.50737,-3,-3,1.5
74.0074,-2.99924,-3.01407,1.50737,-3,-3,1.5
74.0174,-2.99919,-3.01406,1.50739,-3,-3,1.5
74.0274,-2.99913,-3.01406,1.50742,-3,-3,1.5
74.0374,-2.99908,-3.01406,1.50743,-3,-3,1.5
74.0474,-2.99903,-3.01406,1.50745,-3,-3,1.5
74.0574,-2.99898,-3.01406,1.50747,-3,-3,1.5
74.0674,-2.99893,-3.01406,1.5075,-3,-3,1.5
74.0774,-2.99888,-3.01406,1.50751,-3,-3,1.5
74.0874,-2.99882,-3.01406,1.5075,-3,-3,1.5
74.0974,-2.99877,-3.01406,1.50748,-3,-3,1.5
74.1074,-2.99872,-3.01406,1.50744,-3,-3,1.5
74.1174,-2.99867,-3.01407,1.5074,-3,-3,1.5
74.1274,-2.99862,-3.01407,1.50734,-3,-3,1.5
74.1374,-2.99857,-3.01408,1.50729,-3,-3,1.5
74.1474,-2.99852,-3.01409,1.50723,-3,-3,1.5
74.1574,-2.99847,-3.0141,1.50715,-3,-3,1.5
74.1674,-2.99842,-3.01411,1.5071,-3,-3,1.5
74.1774,-2.99838,-3.01412,1.50705,-3,-3,1.5
74.1874,-2.99833,-3.01413,1.50701,-3,-3,1.5
74.1974,-2.99829,-3.01414,1.50699,-3,-3,1.5
74.2074,-2.99824,-3.01415,1.50696,-3,-3,1.5
74.2174,-2.9982,-3.01415,1.50691,-3,-3,1.5
74.2274,-2.99815,-3.01416,1.50686,-3,-3,1.5
74.2374,-2.99811,-3.01417,1.50682,-3,-3,1.5
74.2475,-2.99807,-3.01418,1.50678,-3,-3,1.5
74.2575,-2.99802,-3.01418,1.50676,-3,-3,1.5
74.2675,-2.99798,-3.01419,1.50675,-3,-3,1.5
74.2775,-2.99794,-3.01419,1.50675,-3,-3,1.5
74.2875,-2.99789,-3.01419,1.50678,-3,-3,1.5
74.2975,-2.99785,-3.01419,1.50681,-3,-3,1.5
74.3075,-2.99781,-3.01419,1.50685,-3,-3,1.5
74.3175,-2.99776,-3.01419,1.50688,-3,-3,1.5
74.3275,-2.99772,-3.01419,1.50691,-3,-3,1.5
74.3375,-2.99767,-3.01418,1.50695,-3,-3,1.5
74.3475,-2.99763,-3.01418,1.50699,-3,-3,1.5
74.3575,-2.99758,-3.01418,1.50702,-3,-3,1.5
74.3675,-2.99753,-3.01417,1.50704,-3,-3,1.5
74.3775,-2.99749,-3.01416,1.50707,-3,-3,1.5
74.3875,-2.99744,-3.01416,1.50708,-3,-3,1.5
74.3975,-2.99738,-3.01415,1.50705,-3,-3,1.5
74.4075,-2.99733,-3.01414,1.50701,-3,-3,1.5
74.4175,-2.99728,-3.01414,1.50697,-3,-3,1.5
74.4275,-2.99722,-3.01413,1.50695,-3,-3,1.5
74.4375,-2.99717,-3.01412,1.50693,-3,-3,1.5
74.4475,-2.99711,-3.0141,1.50691,-3,-3,1.5
74.4575,-2.99706,-3.01409,1.50688,-3,-3,1.5
74.4675,-2.997,-3.01408,1.50684,-3,-3,1.5
74.4775,-2.99695,-3.01407,1.50679,-3,-3,1.5
74.4875,-2.99689,-3.01406,1.50676,-3,-3,1.5
74.4975,-2.99684,-3.01405,1.50675,-3,-3,1.5
74.5075,-2.99679,-3.01404,1.50675,-3,-3,1.5
74.5175,-2.99674,-3.01402,1.50675,-3,-3,1.5
74.5275,-2.99669,-3.01401,1.50675,-3,-3,1.5
74.5375,-2.99664,-3.014,1.50675,-3,-3,1.5
74.5475,-2.99659,-3.01399,1.50676,-3,-3,1.5
74.5575,-2.99654,-3.01398,1.50678,-3,-3,1.5
74.5675,-2.99649,-3.01397,1.50681,-3,-3,1.5
74.5775,-2.99644,-3.01396,1.50684,-3,-3,1.5
74.5875,-2.99639,-3.01395,1.50686,-3,-3,1.5
74.5975,-2.99634,-3.01394,1.50689,-3,-3,1.5
74.6075,-2.99628,-3.01394,1.50692,-3,-3,1.5
74.6175,-2.99623,-3.01393,1.50694,-3,-3,1.5
74.6275,-2.99618,-3.01392,1.50696,-3,-3,1.5
74.6375,-2.99612,-3.01392,1.50698,-3,-3,1.5
74.6475,-2.99607,-3.01391,1.507,-3,-3,1.5
74.6575,-2.99601,-3.01391,1.50702,-3,-3,1.5
74.6675,-2.99596,-3.0139,1.50704,-3,-3,1.5
74.6775,-2.9959,-3.0139,1.50705,-3,-3,1.5
74.6875,-2.99584,-3.01389,1.50706,-3,-3,1.5
74.6975,-2.99578,-3.01388,1.50708,-3,-3,1.5
74.7076,-2.99571,-3.01388,1.5071,-3,-3,1.5
74.7176,-2.99565,-3.01387,1.50712,-3,-3,1.5
74.7276,-2.99559,-3.01386,1.50714,-3,-3,1.5
74.7376,-2.99552,-3.01385,1.50715,-3,-3,1.5
74.7476,-2.99545,-3.01384,1.50716,-3,-3,1.5
74.7576,-2.99538,-3.01384,1.50718,-3,-3,1.5
74.7676,-2.99531,-3.01383,1.5072,-3,-3,1.5
74.7776,-2.99524,-3.01382,1.50721,-3,-3,1.5
74.7876,-2.99517,-3.01381,1.50722,-3,-3,1.5
74.7976,-2.99509,-3.0138,1.50723,-3,-3,1.5
74.8076,-2.99502,-3.01378,1.50724,-3,-3,1.5
74.8176,-2.99494,-3.01377,1.50725,-3,-3,1.5
74.8276,-2.99486,-3.01376,1.50726,-3,-3,1.5
74.8376,-2.99478,-3.01375,1.50728,-3,-3,1.5
74.8476,-2.99469,-3.01373,1.5073,-3,-3,1.5
74.8576,-2.99461,-3.01372,1.50732,-3,-3,1.5
74.8676,-2.99452,-3.0137,1.50733,-3,-3,1.5
74.8776,-2.99443,-3.01368,1.50734,-3,-3,1.5
74.8876,-2.99434,-3.01367,1.50735,-3,-3,1.5
74.8976,-2.99425,-3.01365,1.50737,-3,-3,1.5
74.9076,-2.99415,-3.01363,1.50739,-3,-3,1.5
74.9176,-2.99406,-3.01361,1.50741,-3,-3,1.5
74.9276,-2.99396,-3.01359,1.50742,-3,-3,1.5
74.9376,-2.99387,-3.01357,1.50742,-3,-3,1.5
74.9476,-2.99377,-3.01355,1.50742,-3,-3,1.5
74.9576,-2.99368,-3.01352,1.50742,-3,-3,1.5
74.9676,-2.99359,-3.0135,1.50741,-3,-3,1.5
74.9776,-2.99349,-3.01348,1.5074,-3,-3,1.5
74.9876,-2.9934,-3.01346,1.50739,-3,-3,1.5
74.9976,-2.99331,-3.01344,1.50738,-3,-3,1.5
75.0076,-2.99321,-3.01341,1.50737,-3,-3,1.5
75.0176,-2.99312,-3.01339,1.50736,-3,-3,1.5
75.0276,-2.99304,-3.01337,1.50736,-3,-3,1.5
75.0376,-2.99295,-3.01335,1.50735,-3,-3,1.5
75.0476,-2.99286,-3.01332,1.50735,-3,-3,1.5
75.0576,-2.99277,-3.0133,1.50735,-3,-3,1.5
75.0676,-2.99269,-3.01328,1.50735,-3,-3,1.5
75.0776,-2.99261,-3.01325,1.50736,-3,-3,1.5
75.0876,-2.99253,-3.01323,1.50737,-3,-3,1.5
75.0976,-2.99245,-3.01321,1.50739,-3,-3,1.5
75.1076,-2.99237,-3.01319,1.50741,-3,-3,1.5
75.1176,-2.99229,-3.01316,1.50743,-3,-3,1.5
75.1276,-2.99221,-3.01314,1.50744,-3,-3,1.5
75.1376,-2.99214,-3.01312,1.50745,-3,-3,1.5
75.1476,-2.99206,-3.0131,1.50745,-3,-3,1.5
75.1576,-2.99199,-3.01308,1.50745,-3,-3,1.5
75.1676,-2.99192,-3.01306,1.50745,-3,-3,1.5
75.1777,-2.99184,-3.01303,1.50744,-3,-3,1.5
75.1877,-2.99177,-3.01301,1.50743,-3,-3,1.5
75.1977,-2.9917,-3.01299,1.50741,-3,-3,1.5
75.2077,-2.99163,-3.01297,1.50741,-3,-3,1.5
75.2177,-2.99156,-3.01295,1.50741,-3,-3,1.5
75.2277,-2.99149,-3.01293,1.5074,-3,-3,1.5
75.2377,-2.99142,-3.01291,1.50738,-3,-3,1.5
75.2477,-2.99135,-3.01289,1.50737,-3,-3,1.5
75.2577,-2.99128,-3.01287,1.50735,-3,-3,1.5
75.2677,-2.99121,-3.01286,1.50733,-3,-3,1.5
75.2777,-2.99114,-3.01284,1.50732,-3,-3,1.5
75.2877,-2.99107,-3.01282,1.5073,-3,-3,1.5
75.2977,-2.991,-3.01281,1.50729,-3,-3,1.5
75.3077,-2.99094,-3.01279,1.50728,-3,-3,1.5
75.3177,-2.99087,-3.01277,1.50726,-3,-3,1.5
75.3277,-2.99081,-3.01276,1.50725,-3,-3,1.5
75.3377,-2.99075,-3.01274,1.50723,-3,-3,1.5
75.3477,-2.99069,-3.01273,1.50722,-3,-3,1.5
75.3577,-2.99064,-3.01271,1.5072,-3,-3,1.5
75.3677,-2.99058,-3.01269,1.50718,-3,-3,1.5
75.3777,-2.99054,-3.01268,1.50717,-3,-3,1.5
75.3877,-2.99049,-3.01266,1.50715,-3,-3,1.5
75.3977,-2.99045,-3.01265,1.50713,-3,-3,1.5
75.4077,-2.99041,-3.01263,1.50711,-3,-3,1.5
75.4177,-2.99038,-3.01261,1.50709,-3,-3,1.5
75.4277,-2.99035,-3.0126,1.50707,-3,-3,1.5
75.4377,-2.99032,-3.01258,1.50706,-3,-3,1.5
75.4477,-2.9903,-3.01257,1.50704,-3,-3,1.5
75.4577,-2.99028,-3.01255,1.50702,-3,-3,1.5
75.4677,-2.99027,-3.01254,1.507,-3,-3,1.5
75.4777,-2.99026,-3.01253,1.50699,-3,-3,1.5
75.4877,-2.99025,-3.01252,1.50697,-3,-3,1.5
75.4977,-2.99025,-3.01251,1.50696,-3,-3,1.5
75.5077,-2.99026,-3.0125,1.50695,-3,-3,1.5
75.5177,-2.99026,-3.01249,1.50694,-3,-3,1.5
75.5277,-2.99028,-3.01249,1.50694,-3,-3,1.5
75.5377,-2.99029,-3.01249,1.50697,-3,-3,1.5
75.5477,-2.99031,-3.01249,1.50699,-3,-3,1.5
75.5577,-2.99033,-3.01248,1.50699,-3,-3,1.5
75.5677,-2.99035,-3.01248,1.50699,-3,-3,1.5
75.5777,-2.99038,-3.01248,1.50698,-3,-3,1.5
75.5877,-2.99041,-3.01248,1.50697,-3,-3,1.5
75.5977,-2.99043,-3.01248,1.50695,-3,-3,1.5
75.6077,-2.99046,-3.01248,1.50695,-3,-3,1.5
75.6177,-2.99049,-3.01248,1.50696,-3,-3,1.5
75.6277,-2.99051,-3.01248,1.50695,-3,-3,1.5
75.6377,-2.99054,-3.01248,1.50693,-3,-3,1.5
75.6478,-2.99057,-3.01248,1.5069,-3,-3,1.5
75.6578,-2.9906,-3.01247,1.50687,-3,-3,1.5
75.6678,-2.99062,-3.01247,1.50684,-3,-3,1.5
75.6778,-2.99066,-3.01247,1.50681,-3,-3,1.5
75.6878,-2.99069,-3.01247,1.5068,-3,-3,1.5
75.6978,-2.99072,-3.01247,1.50678,-3,-3,1.5
75.7078,-2.99076,-3.01246,1.50676,-3,-3,1.5
75.7178,-2.9908,-3.01246,1.50674,-3,-3,1.5
75.7278,-2.99084,-3.01245,1.50673,-3,-3,1.5
75.7378,-2.99088,-3.01245,1.50673,-3,-3,1.5
75.7478,-2.99092,-3.01244,1.50673,-3,-3,1.5
75.7578,-2.99097,-3.01244,1.50673,-3,-3,1.5
75.7678,-2.99101,-3.01243,1.50675,-3,-3,1.5
75.7778,-2.99106,-3.01243,1.50678,-3,-3,1.5
75.7878,-2.9911,-3.01242,1.50679,-3,-3,1.5
75.7978,-2.99114,-3.01241,1.5068,-3,-3,1.5
75.8078,-2.99118,-3.01241,1.5068,-3,-3,1.5
75.8178,-2.99123,-3.0124,1.50679,-3,-3,1.5
75.8278,-2.99127,-3.0124,1.50678,-3,-3,1.5
75.8378,-2.99131,-3.01239,1.50676,-3,-3,1.5
75.8478,-2.99135,-3.01239,1.50672,-3,-3,1.5
75.8578,-2.99139,-3.01238,1.50668,-3,-3,1.5
75.8678,-2.99144,-3.01238,1.50665,-3,-3,1.5
75.8778,-2.99148,-3.01237,1.50661,-3,-3,1.5
75.8878,-2.99152,-3.01237,1.50659,-3,-3,1.5
75.8978,-2.99156,-3.01236,1.50656,-3,-3,1.5
75.9078,-2.99161,-3.01236,1.50654,-3,-3,1.5
75.9178,-2.99165,-3.01235,1.50651,-3,-3,1.5
75.9278,-2.9917,-3.01234,1.50648,-3,-3,1.5
75.9378,-2.99174,-3.01234,1.50646,-3,-3,1.5
75.9478,-2.99179,-3.01233,1.50643,-3,-3,1.5
75.9578,-2.99184,-3.01232,1.5064,-3,-3,1.5
75.9678,-2.99189,-3.01231,1.50636,-3,-3,1.5
75.9778,-2.99194,-3.0123,1.50636,-3,-3,1.5
75.9878,-2.99199,-3.01228,1.50637,-3,-3,1.5
75.9978,-2.99204,-3.01227,1.50637,-3,-3,1.5
76.0078,-2.9921,-3.01226,1.50637,-3,-3,1.5
76.0178,-2.99215,-3.01224,1.50635,-3,-3,1.5
76.0278,-2.99221,-3.01223,1.50632,-3,-3,1.5
76.0378,-2.99226,-3.01221,1.50629,-3,-3,1.5
76.0478,-2.99232,-3.0122,1.50626,-3,-3,1.5
76.0578,-2.99238,-3.01218,1.50623,-3,-3,1.5
76.0678,-2.99244,-3.01217,1.5062,-3,-3,1.5
76.0778,-2.99249,-3.01215,1.50617,-3,-3,1.5
76.0878,-2.99255,-3.01213,1.50614,-3,-3,1.5
76.0978,-2.99261,-3.01212,1.50611,-3,-3,1.5
76.1078,-2.99267,-3.0121,1.50609,-3,-3,1.5
76.1179,-2.99273,-3.01208,1.50605,-3,-3,1.5
76.1279,-2.99279,-3.01206,1.50601,-3,-3,1.5
76.1379,-2.99286,-3.01204,1.50597,-3,-3,1.5
76.1479,-2.99292,-3.01203,1.50594,-3,-3,1.5
76.1579,-2.99298,-3.01201,1.50591,-3,-3,1.5
76.1679,-2.99304,-3.01199,1.50587,-3,-3,1.5
76.1779,-2.9931,-3.01197,1.50583,-3,-3,1.5
76.1879,-2.99316,-3.01195,1.5058,-3,-3,1.5
76.1979,-2.99322,-3.01193,1.50578,-3,-3,1.5
76.2079,-2.99328,-3.0119,1.50575,-3,-3,1.5
76.2179,-2.99334,-3.01188,1.50572,-3,-3,1.5
76.2279,-2.9934,-3.01186,1.50569,-3,-3,1.5
76.2379,-2.99345,-3.01184,1.50566,-3,-3,1.5
76.2479,-2.99351,-3.01182,1.50563,-3,-3,1.5
76.2579,-2.99357,-3.01179,1.50559,-3,-3,1.5
76.2679,-2.99362,-3.01177,1.50554,-3,-3,1.5
76.2779,-2.99367,-3.01175,1.50549,-3,-3,1.5
76.2879,-2.99373,-3.01172,1.50545,-3,-3,1.5
76.2979,-2.99378,-3.0117,1.50541,-3,-3,1.5
76.3079,-2.99384,-3.01167,1.50542,-3,-3,1.5
76.3179,-2.99389,-3.01165,1.50547,-3,-3,1.5
76.3279,-2.99394,-3.01162,1.50549,-3,-3,1.5
76.3379,-2.994,-3.0116,1.50549,-3,-3,1.5
76.3479,-2.99405,-3.01157,1.50547,-3,-3,1.5
76.3579,-2.99411,-3.01154,1.50546,-3,-3,1.5
76.3679,-2.99416,-3.01152,1.50544,-3,-3,1.5
76.3779,-2.99422,-3.01149,1.50543,-3,-3,1.5
76.3879,-2.99428,-3.01147,1.50542,-3,-3,1.5
76.3979,-2.99434,-3.01145,1.50542,-3,-3,1.5
76.4079,-2.9944,-3.01143,1.50545,-3,-3,1.5
76.4179,-2.99446,-3.01141,1.50546,-3,-3,1.5
76.4279,-2.99452,-3.01139,1.50547,-3,-3,1.5
76.4379,-2.99458,-3.01138,1.50548,-3,-3,1.5
76.4479,-2.99464,-3.01136,1.50548,-3,-3,1.5
76.4579,-2.99471,-3.01135,1.50549,-3,-3,1.5
76.4679,-2.99477,-3.01134,1.50553,-3,-3,1.5
76.4779,-2.99484,-3.01134,1.50559,-3,-3,1.5
76.4879,-2.9949,-3.01133,1.50567,-3,-3,1.5
76.4979,-2.99497,-3.01133,1.50574,-3,-3,1.5
76.5079,-2.99503,-3.01133,1.50577,-3,-3,1.5
76.5179,-2.9951,-3.01133,1.50578,-3,-3,1.5
76.5279,-2.99516,-3.01134,1.50578,-3,-3,1.5
76.5379,-2.99522,-3.01135,1.50579,-3,-3,1.5
76.5479,-2.99528,-3.01135,1.50582,-3,-3,1.5
76.5579,-2.99535,-3.01137,1.50585,-3,-3,1.5
76.5679,-2.99541,-3.01138,1.50587,-3,-3,1.5
76.5779,-2.99547,-3.01139,1.5059,-3,-3,1.5
76.588,-2.99553,-3.01141,1.50592,-3,-3,1.5
76.598,-2.9956,-3.01142,1.50592,-3,-3,1.5
76.608,-2.99567,-3.01144,1.50592,-3,-3,1.5
76.618,-2.99573,-3.01146,1.50592,-3,-3,1.5
76.628,-2.9958,-3.01148,1.50592,-3,-3,1.5
76.638,-2.99587,-3.0115,1.50591,-3,-3,1.5
76.648,-2.99594,-3.01152,1.50591,-3,-3,1.5
76.658,-2.99602,-3.01155,1.5059,-3,-3,1.5
76.668,-2.99609,-3.01157,1.50587,-3,-3,1.5
76.678,-2.99617,-3.0116,1.50587,-3,-3,1.5
76.688,-2.99624,-3.01163,1.50589,-3,-3,1.5
76.698,-2.99632,-3.01165,1.5059,-3,-3,1.5
76.708,-2.9964,-3.01168,1.50591,-3,-3,1.5
76.718,-2.99647,-3.0117,1.5059,-3,-3,1.5
76.728,-2.99655,-3.01173,1.50587,-3,-3,1.5
76.738,-2.99663,-3.01175,1.50588,-3,-3,1.5
76.748,-2.99671,-3.01177,1.50591,-3,-3,1.5
76.758,-2.99679,-3.01179,1.50592,-3,-3,1.5
76.768,-2.99686,-3.0118,1.5059,-3,-3,1.5
76.778,-2.99694,-3.01182,1.50589,-3,-3,1.5
76.788,-2.99702,-3.01183,1.50586,-3,-3,1.5
76.798,-2.99709,-3.01184,1.50586,-3,-3,1.5
76.808,-2.99717,-3.01185,1.50589,-3,-3,1.5
76.818,-2.99724,-3.01186,1.5059,-3,-3,1.5
76.828,-2.99731,-3.01187,1.50592,-3,-3,1.5
76.838,-2.99738,-3.01188,1.50593,-3,-3,1.5
76.848,-2.99745,-3.01189,1.50594,-3,-3,1.5
76.858,-2.99752,-3.0119,1.50596,-3,-3,1.5
76.868,-2.9976,-3.01192,1.50598,-3,-3,1.5
76.878,-2.99767,-3.01193,1.50601,-3,-3,1.5
76.888,-2.99774,-3.01195,1.50603,-3,-3,1.5
76.898,-2.99781,-3.01198,1.50604,-3,-3,1.5
76.908,-2.99788,-3.012,1.50605,-3,-3,1.5
76.918,-2.99795,-3.01203,1.50605,-3,-3,1.5
76.928,-2.99802,-3.01206,1.50603,-3,-3,1.5
76.938,-2.99809,-3.01209,1.50601,-3,-3,1.5
76.948,-2.99816,-3.01212,1.50599,-3,-3,1.5
76.958,-2.99823,-3.01215,1.50596,-3,-3,1.5
76.968,-2.9983,-3.01219,1.50597,-3,-3,1.5
76.978,-2.99837,-3.01222,1.50602,-3,-3,1.5
76.988,-2.99844,-3.01226,1.50606,-3,-3,1.5
76.998,-2.99851,-3.01229,1.50609,-3,-3,1.5
77.008,-2.99858,-3.01233,1.5061,-3,-3,1.5
77.018,-2.99865,-3.01237,1.50609,-3,-3,1.5
77.028,-2.99873,-3.01241,1.50606,-3,-3,1.5
77.038,-2.9988,-3.01245,1.50602,-3,-3,1.5
77.048,-2.99887,-3.01249,1.506,-3,-3,1.5
77.0581,-2.99894,-3.01253,1.50599,-3,-3,1.5
77.0681,-2.99901,-3.01257,1.506,-3,-3,1.5
77.0781,-2.99908,-3.01261,1.50599,-3,-3,1.5
77.0881,-2.99915,-3.01265,1.50598,-3,-3,1.5
77.0981,-2.99922,-3.01269,1.50597,-3,-3,1.5
77.1081,-2.99929,-3.01273,1.50595,-3,-3,1.5
77.1181,-2.99936,-3.01276,1.50594,-3,-3,1.5
77.1281,-2.99943,-3.0128,1.50594,-3,-3,1.5
77.1381,-2.9995,-3.01284,1.50597,-3,-3,1.5
77.1481,-2.99957,-3.01288,1.50602,-3,-3,1.5
77.1581,-2.99964,-3.01291,1.50606,-3,-3,1.5
77.1681,-2.99971,-3.01295,1.50611,-3,-3,1.5
77.1781,-2.99978,-3.01298,1.50618,-3,-3,1.5
77.1881,-2.99984,-3.01302,1.50623,-3,-3,1.5
77.1981,-2.99991,-3.01306,1.50627,-3,-3,1.5
77.2081,-2.99997,-3.01309,1.5063,-3,-3,1.5
77.2181,-3.00003,-3.01313,1.50629,-3,-3,1.5
77.2281,-3.00009,-3.01317,1.50627,-3,-3,1.5
77.2381,-3.00015,-3.01321,1.50624,-3,-3,1.5
77.2481,-3.00021,-3.01325,1.5062,-3,-3,1.5
77.2581,-3.00026,-3.01328,1.50618,-3,-3,1.5
77.2681,-3.00031,-3.01332,1.5062,-3,-3,1.5
77.2781,-3.00037,-3.01336,1.50621,-3,-3,1.5
77.2881,-3.00042,-3.0134,1.50621,-3,-3,1.5
77.2981,-3.00046,-3.01344,1.50621,-3,-3,1.5
77.3081,-3.00051,-3.01347,1.50621,-3,-3,1.5
77.3181,-3.00056,-3.01351,1.50621,-3,-3,1.5
77.3281,-3.00061,-3.01355,1.50621,-3,-3,1.5
77.3381,-3.00066,-3.01359,1.50624,-3,-3,1.5
77.3481,-3.00072,-3.01362,1.50629,-3,-3,1.5
77.3581,-3.00077,-3.01366,1.50633,-3,-3,1.5
77.3681,-3.00082,-3.0137,1.50635,-3,-3,1.5
77.3781,-3.00087,-3.01374,1.50636,-3,-3,1.5
77.3881,-3.00092,-3.01378,1.50637,-3,-3,1.5
77.3981,-3.00097,-3.01382,1.50637,-3,-3,1.5
77.4081,-3.00102,-3.01387,1.50639,-3,-3,1.5
77.4181,-3.00107,-3.01391,1.50642,-3,-3,1.5
77.4281,-3.00111,-3.01395,1.50644,-3,-3,1.5
77.4381,-3.00115,-3.014,1.50644,-3,-3,1.5
77.4481,-3.0012,-3.01404,1.5064,-3,-3,1.5
77.4581,-3.00124,-3.01408,1.50636,-3,-3,1.5
77.4681,-3.00128,-3.01413,1.50632,-3,-3,1.5
77.4781,-3.00132,-3.01417,1.50625,-3,-3,1.5
77.4881,-3.00136,-3.01421,1.5062,-3,-3,1.5
77.4981,-3.0014,-3.01425,1.50621,-3,-3,1.5
77.5081,-3.00144,-3.01429,1.50623,-3,-3,1.5
77.5182,-3.00148,-3.01432,1.50624,-3,-3,1.5
77.5282,-3.00152,-3.01435,1.50622,-3,-3,1.5
77.5382,-3.00155,-3.01438,1.50619,-3,-3,1.5
77.5482,-3.00159,-3.01441,1.50615,-3,-3,1.5
77.5582,-3.00163,-3.01443,1.50611,-3,-3,1.5
77.5682,-3.00167,-3.01445,1.50607,-3,-3,1.5
77.5782,-3.0017,-3.01447,1.50604,-3,-3,1.5
77.5882,-3.00174,-3.01449,1.50601,-3,-3,1.5
77.5982,-3.00178,-3.01451,1.50598,-3,-3,1.5
77.6082,-3.00181,-3.01452,1.50595,-3,-3,1.5
77.6182,-3.00185,-3.01454,1.50591,-3,-3,1.5
77.6282,-3.00189,-3.01455,1.50588,-3,-3,1.5
77.6382,-3.00192,-3.01456,1.50584,-3,-3,1.5
77.6482,-3.00196,-3.01457,1.5058,-3,-3,1.5
77.6582,-3.002,-3.01458,1.50576,-3,-3,1.5
77.6682,-3.00203,-3.01458,1.50572,-3,-3,1.5
77.6782,-3.00207,-3.01459,1.50568,-3,-3,1.5
77.6882,-3.0021,-3.0146,1.50564,-3,-3,1.5
77.6982,-3.00214,-3.0146,1.50561,-3,-3,1.5
77.7082,-3.00217,-3.01461,1.50558,-3,-3,1.5
77.7182,-3.0022,-3.01461,1.50554,-3,-3,1.5
77.7282,-3.00224,-3.01461,1.50551,-3,-3,1.5
77.7382,-3.00227,-3.01462,1.50547,-3,-3,1.5
77.7482,-3.0023,-3.01462,1.50544,-3,-3,1.5
77.7582,-3.00234,-3.01462,1.5054,-3,-3,1.5
77.7682,-3.00237,-3.01462,1.50537,-3,-3,1.5
77.7782,-3.0024,-3.01462,1.50533,-3,-3,1.5
77.7882,-3.00243,-3.01462,1.5053,-3,-3,1.5
77.7982,-3.00247,-3.01462,1.50528,-3,-3,1.5
77.8082,-3.0025,-3.01462,1.50526,-3,-3,1.5
77.8182,-3.00253,-3.01462,1.50523,-3,-3,1.5
77.8282,-3.00256,-3.01462,1.50521,-3,-3,1.5
77.8382,-3.00259,-3.01461,1.50518,-3,-3,1.5
77.8482,-3.00262,-3.01461,1.50516,-3,-3,1.5
77.8582,-3.00264,-3.01461,1.50514,-3,-3,1.5
77.8682,-3.00267,-3.01461,1.50512,-3,-3,1.5
77.8782,-3.0027,-3.01461,1.5051,-3,-3,1.5
77.8882,-3.00273,-3.01461,1.50508,-3,-3,1.5
77.8982,-3.00275,-3.01461,1.50505,-3,-3,1.5
77.9082,-3.00278,-3.01461,1.50503,-3,-3,1.5
77.9182,-3.00281,-3.01461,1.50501,-3,-3,1.5
77.9282,-3.00284,-3.01461,1.50499,-3,-3,1.5
77.9382,-3.00286,-3.01461,1.50497,-3,-3,1.5
77.9482,-3.00289,-3.01461,1.50494,-3,-3,1.5
77.9582,-3.00291,-3.01461,1.50492,-3,-3,1.5
77.9682,-3.00294,-3.01461,1.5049,-3,-3,1.5
77.9782,-3.00297,-3.01461,1.50488,-3,-3,1.5
77.9883,-3.00299,-3.01461,1.50486,-3,-3,1.5
77.9983,-3.00302,-3.01461,1.50484,-3,-3,1.5
78.0083,-3.00304,-3.01461,1.50482,-3,-3,1.5
78.0183,-3.00306,-3.01461,1.5048,-3,-3,1.5
78.0283,-3.00309,-3.01461,1.50479,-3,-3,1.5
78.0383,-3.00311,-3.01461,1.50477,-3,-3,1.5
78.0483,-3.00313,-3.01461,1.50475,-3,-3,1.5
78.0583,-3.00315,-3.01461,1.50473,-3,-3,1.5
78.0683,-3.00318,-3.01461,1.50471,-3,-3,1.5
78.0783,-3.0032,-3.0146,1.50469,-3,-3,1.5
78.0883,-3.00322,-3.0146,1.50467,-3,-3,1.5
78.0983,-3.00324,-3.0146,1.50464,-3,-3,1.5
78.1083,-3.00326,-3.01459,1.50462,-3,-3,1.5
78.1183,-3.00328,-3.01459,1.5046,-3,-3,1.5
78.1283,-3.0033,-3.01458,1.50458,-3,-3,1.5
78.1383,-3.00332,-3.01458,1.50456,-3,-3,1.5
78.1483,-3.00334,-3.01457,1.50454,-3,-3,1.5
78.1583,-3.00336,-3.01457,1.50453,-3,-3,1.5
78.1683,-3.00338,-3.01456,1.50452,-3,-3,1.5
78.1783,-3.00341,-3.01456,1.5045,-3,-3,1.5
78.1883,-3.00344,-3.01455,1.50449,-3,-3,1.5
78.1983,-3.00346,-3.01454,1.50447,-3,-3,1.5
78.2083,-3.00349,-3.01454,1.50445,-3,-3,1.5
78.2183,-3.00353,-3.01453,1.50443,-3,-3,1.5
78.2283,-3.00356,-3.01452,1.50441,-3,-3,1.5
78.2383,-3.0036,-3.01452,1.50439,-3,-3,1.5
78.2483,-3.00364,-3.01451,1.50438,-3,-3,1.5
78.2583,-3.00368,-3.0145,1.50436,-3,-3,1.5
78.2683,-3.00372,-3.0145,1.50435,-3,-3,1.5
78.2783,-3.00377,-3.01449,1.50433,-3,-3,1.5
78.2883,-3.00381,-3.01449,1.50431,-3,-3,1.5
78.2983,-3.00387,-3.01448,1.5043,-3,-3,1.5
78.3083,-3.00392,-3.01448,1.50427,-3,-3,1.5
78.3183,-3.00398,-3.01447,1.50424,-3,-3,1.5
78.3283,-3.00403,-3.01447,1.50421,-3,-3,1.5
78.3383,-3.00409,-3.01447,1.50419,-3,-3,1.5
78.3483,-3.00416,-3.01446,1.50416,-3,-3,1.5
78.3583,-3.00422,-3.01446,1.50414,-3,-3,1.5
78.3683,-3.00429,-3.01446,1.50412,-3,-3,1.5
78.3783,-3.00435,-3.01446,1.5041,-3,-3,1.5
78.3883,-3.00442,-3.01447,1.50408,-3,-3,1.5
78.3983,-3.00449,-3.01447,1.50406,-3,-3,1.5
78.4083,-3.00456,-3.01448,1.50404,-3,-3,1.5
78.4183,-3.00462,-3.01449,1.50403,-3,-3,1.5
78.4283,-3.00469,-3.0145,1.50401,-3,-3,1.5
78.4383,-3.00475,-3.01451,1.50399,-3,-3,1.5
78.4483,-3.00482,-3.01452,1.50397,-3,-3,1.5
78.4584,-3.00488,-3.01454,1.50396,-3,-3,1.5
78.4684,-3.00494,-3.01455,1.50395,-3,-3,1.5
78.4784,-3.005,-3.01457,1.50394,-3,-3,1.5
78.4884,-3.00506,-3.01459,1.50393,-3,-3,1.5
78.4984,-3.00511,-3.01461,1.50392,-3,-3,1.5
78.5084,-3.00516,-3.01463,1.50391,-3,-3,1.5
78.5184,-3.00521,-3.01465,1.50389,-3,-3,1.5
78.5284,-3.00526,-3.01467,1.50388,-3,-3,1.5
78.5384,-3.0053,-3.01469,1.50387,-3,-3,1.5
78.5484,-3.00534,-3.01471,1.50387,-3,-3,1.5
78.5584,-3.00538,-3.01473,1.50385,-3,-3,1.5
78.5684,-3.00541,-3.01476,1.50384,-3,-3,1.5
78.5784,-3.00544,-3.01478,1.50383,-3,-3,1.5
78.5884,-3.00547,-3.0148,1.50382,-3,-3,1.5
78.5984,-3.00549,-3.01482,1.50382,-3,-3,1.5
78.6084,-3.00551,-3.01484,1.50381,-3,-3,1.5
78.6184,-3.00553,-3.01487,1.5038,-3,-3,1.5
78.6284,-3.00554,-3.01489,1.50379,-3,-3,1.5
78.6384,-3.00554,-3.01491,1.50379,-3,-3,1.5
78.6484,-3.00555,-3.01493,1.50378,-3,-3,1.5
78.6584,-3.00555,-3.01495,1.50378,-3,-3,1.5
78.6684,-3.00554,-3.01498,1.50378,-3,-3,1.5
78.6784,-3.00553,-3.015,1.50379,-3,-3,1.5
78.6884,-3.00552,-3.01502,1.5038,-3,-3,1.5
78.6984,-3.0055,-3.01504,1.50381,-3,-3,1.5
78.7084,-3.00548,-3.01506,1.50382,-3,-3,1.5
78.7184,-3.00546,-3.01508,1.50384,-3,-3,1.5
78.7284,-3.00544,-3.01511,1.50387,-3,-3,1.5
78.7384,-3.00541,-3.01512,1.50389,-3,-3,1.5
78.7484,-3.00538,-3.01514,1.50389,-3,-3,1.5
78.7584,-3.00535,-3.01516,1.50389,-3,-3,1.5
78.7684,-3.00532,-3.01518,1.50389,-3,-3,1.5
78.7784,-3.00528,-3.01519,1.50389,-3,-3,1.5
78.7884,-3.00525,-3.01521,1.50389,-3,-3,1.5
78.7984,-3.00521,-3.01523,1.50389,-3,-3,1.5
78.8084,-3.00517,-3.01524,1.5039,-3,-3,1.5
78.8184,-3.00512,-3.01526,1.5039,-3,-3,1.5
78.8284,-3.00508,-3.01527,1.5039,-3,-3,1.5
78.8384,-3.00503,-3.01528,1.50391,-3,-3,1.5
78.8484,-3.00499,-3.0153,1.50391,-3,-3,1.5
78.8584,-3.00494,-3.01531,1.50391,-3,-3,1.5
78.8684,-3.00489,-3.01532,1.50391,-3,-3,1.5
78.8784,-3.00484,-3.01533,1.50391,-3,-3,1.5
78.8884,-3.00479,-3.01535,1.50392,-3,-3,1.5
78.8984,-3.00473,-3.01536,1.50392,-3,-3,1.5
78.9084,-3.00468,-3.01537,1.50392,-3,-3,1.5
78.9184,-3.00462,-3.01538,1.50392,-3,-3,1.5
78.9285,-3.00456,-3.01539,1.50392,-3,-3,1.5
78.9385,-3.0045,-3.01541,1.50392,-3,-3,1.5
78.9485,-3.00444,-3.01542,1.50392,-3,-3,1.5
78.9585,-3.00438,-3.01543,1.50392,-3,-3,1.5
78.9685,-3.00432,-3.01544,1.50393,-3,-3,1.5
78.9785,-3.00425,-3.01545,1.50394,-3,-3,1.5
78.9885,-3.00419,-3.01546,1.50395,-3,-3,1.5
78.9985,-3.00413,-3.01547,1.50397,-3,-3,1.5
79.0085,-3.00406,-3.01548,1.50399,-3,-3,1.5
79.0185,-3.004,-3.01549,1.50401,-3,-3,1.5
79.0285,-3.00393,-3.0155,1.50402,-3,-3,1.5
79.0385,-3.00387,-3.01551,1.50404,-3,-3,1.5
79.0485,-3.0038,-3.01552,1.50407,-3,-3,1.5
79.0585,-3.00374,-3.01553,1.50409,-3,-3,1.5
79.0685,-3.00367,-3.01554,1.50412,-3,-3,1.5
79.0785,-3.0036,-3.01554,1.50415,-3,-3,1.5
79.0885,-3.00353,-3.01555,1.50417,-3,-3,1.5
79.0985,-3.00346,-3.01556,1.50418,-3,-3,1.5
79.1085,-3.00339,-3.01556,1.50419,-3,-3,1.5
79.1185,-3.00332,-3.01556,1.50422,-3,-3,1.5
79.1285,-3.00325,-3.01557,1.50424,-3,-3,1.5
79.1385,-3.00317,-3.01557,1.50428,-3,-3,1.5
79.1485,-3.00309,-3.01557,1.50433,-3,-3,1.5
79.1585,-3.00301,-3.01557,1.50438,-3,-3,1.5
79.1685,-3.00293,-3.01557,1.50442,-3,-3,1.5
79.1785,-3.00285,-3.01558,1.50446,-3,-3,1.5
79.1885,-3.00277,-3.01558,1.50449,-3,-3,1.5
79.1985,-3.00268,-3.01557,1.50452,-3,-3,1.5
79.2085,-3.00259,-3.01557,1.50456,-3,-3,1.5
79.2185,-3.0025,-3.01557,1.50461,-3,-3,1.5
79.2285,-3.00241,-3.01557,1.50466,-3,-3,1.5
79.2385,-3.00231,-3.01557,1.50471,-3,-3,1.5
79.2485,-3.00222,-3.01556,1.50474,-3,-3,1.5
79.2585,-3.00212,-3.01556,1.50477,-3,-3,1.5
79.2685,-3.00202,-3.01555,1.50481,-3,-3,1.5
79.2785,-3.00192,-3.01555,1.50485,-3,-3,1.5
79.2885,-3.00182,-3.01554,1.50489,-3,-3,1.5
79.2985,-3.00172,-3.01554,1.50494,-3,-3,1.5
79.3085,-3.00162,-3.01553,1.50499,-3,-3,1.5
79.3185,-3.00152,-3.01552,1.50503,-3,-3,1.5
79.3285,-3.00142,-3.01551,1.50507,-3,-3,1.5
79.3385,-3.00132,-3.01551,1.5051,-3,-3,1.5
79.3485,-3.00122,-3.0155,1.50514,-3,-3,1.5
79.3585,-3.00111,-3.01549,1.50517,-3,-3,1.5
79.3685,-3.00101,-3.01548,1.50519,-3,-3,1.5
79.3785,-3.0009,-3.01547,1.50522,-3,-3,1.5
79.3885,-3.0008,-3.01546,1.50526,-3,-3,1.5
79.3986,-3.00069,-3.01545,1.5053,-3,-3,1.5
79.4086,-3.00058,-3.01543,1.50535,-3,-3,1.5
79.4186,-3.00047,-3.01542,1.50539,-3,-3,1.5
79.4286,-3.00036,-3.01541,1.50542,-3,-3,1.5
79.4386,-3.00025,-3.0154,1.50545,-3,-3,1.5
79.4486,-3.00014,-3.01538,1.50548,-3,-3,1.5
79.4586,-3.00003,-3.01537,1.50552,-3,-3,1.5
79.4686,-2.99992,-3.01535,1.50551,-3,-3,1.5
79.4786,-2.9998,-3.01533,1.50549,-3,-3,1.5
79.4886,-2.99969,-3.01532,1.50553,-3,-3,1.5
79.4986,-2.99957,-3.0153,1.50557,-3,-3,1.5
79.5086,-2.99945,-3.01528,1.50558,-3,-3,1.5
79.5186,-2.99934,-3.01527,1.50558,-3,-3,1.5
79.5286,-2.99922,-3.01525,1.5056,-3,-3,1.5
79.5386,-2.99911,-3.01524,1.50562,-3,-3,1.5
79.5486,-2.999,-3.01522,1.50565,-3,-3,1.5
79.5586,-2.99889,-3.01521,1.50568,-3,-3,1.5
79.5686,-2.99879,-3.01519,1.50571,-3,-3,1.5
79.5786,-2.99868,-3.01518,1.50574,-3,-3,1.5
79.5886,-2.99858,-3.01516,1.50577,-3,-3,1.5
79.5986,-2.99848,-3.01515,1.50581,-3,-3,1.5
79.6086,-2.99838,-3.01513,1.50584,-3,-3,1.5
79.6186,-2.99829,-3.01512,1.50587,-3,-3,1.5
79.6286,-2.9982,-3.01511,1.5059,-3,-3,1.5
79.6386,-2.99811,-3.01509,1.50593,-3,-3,1.5
79.6486,-2.99802,-3.01508,1.50595,-3,-3,1.5
79.6586,-2.99793,-3.01507,1.50598,-3,-3,1.5
79.6686,-2.99785,-3.01506,1.506,-3,-3,1.5
79.6786,-2.99777,-3.01504,1.50599,-3,-3,1.5
79.6886,-2.99768,-3.01503,1.506,-3,-3,1.5
79.6986,-2.9976,-3.01502,1.50603,-3,-3,1.5
79.7086,-2.99752,-3.01501,1.50605,-3,-3,1.5
79.7186,-2.99744,-3.015,1.50607,-3,-3,1.5
79.7286,-2.99736,-3.015,1.50608,-3,-3,1.5
79.7386,-2.99729,-3.01499,1.50612,-3,-3,1.5
79.7486,-2.99721,-3.01498,1.50616,-3,-3,1.5
79.7586,-2.99713,-3.01498,1.50619,-3,-3,1.5
79.7686,-2.99705,-3.01498,1.50624,-3,-3,1.5
79.7786,-2.99697,-3.01498,1.50628,-3,-3,1.5
79.7886,-2.99689,-3.01498,1.50632,-3,-3,1.5
79.7986,-2.99681,-3.01497,1.50636,-3,-3,1.5
79.8086,-2.99672,-3.01497,1.50639,-3,-3,1.5
79.8186,-2.99664,-3.01497,1.50638,-3,-3,1.5
79.8286,-2.99656,-3.01497,1.50634,-3,-3,1.5
79.8386,-2.99647,-3.01497,1.50632,-3,-3,1.5
79.8486,-2.99638,-3.01496,1.50629,-3,-3,1.5
79.8587,-2.9963,-3.01496,1.50627,-3,-3,1.5
79.8687,-2.99621,-3.01495,1.50625,-3,-3,1.5
79.8787,-2.99613,-3.01495,1.50621,-3,-3,1.5
79.8887,-2.99604,-3.01495,1.50617,-3,-3,1.5
79.8987,-2.99596,-3.01494,1.50611,-3,-3,1.5
79.9087,-2.99588,-3.01494,1.50604,-3,-3,1.5
79.9187,-2.9958,-3.01494,1.50599,-3,-3,1.5
79.9287,-2.99573,-3.01493,1.50595,-3,-3,1.5
79.9387,-2.99566,-3.01492,1.50595,-3,-3,1.5
79.9487,-2.9956,-3.01491,1.50599,-3,-3,1.5
79.9587,-2.99554,-3.0149,1.50602,-3,-3,1.5
79.9687,-2.99549,-3.01488,1.50604,-3,-3,1.5
79.9787,-2.99544,-3.01486,1.50605,-3,-3,1.5
79.9887,-2.9954,-3.01484,1.50607,-3,-3,1.5
79.9987,-2.99535,-3.01482,1.50605,-3,-3,1.5
80.0087,-2.99531,-3.0148,1.50603,-3,-3,1.5
80.0187,-2.99527,-3.01477,1.50603,-3,-3,1.5
80.0287,-2.99523,-3.01475,1.50606,-3,-3,1.5
80.0387,-2.99519,-3.01472,1.50609,-3,-3,1.5
80.0487,-2.99515,-3.01469,1.50613,-3,-3,1.5
80.0587,-2.99511,-3.01466,1.50617,-3,-3,1.5
80.0687,-2.99507,-3.01463,1.50621,-3,-3,1.5
80.0787,-2.99503,-3.0146,1.50624,-3,-3,1.5
80.0887,-2.99499,-3.01456,1.50626,-3,-3,1.5
80.0987,-2.99496,-3.01453,1.50628,-3,-3,1.5
80.1087,-2.99492,-3.0145,1.5063,-3,-3,1.5
80.1187,-2.99488,-3.01446,1.50633,-3,-3,1.5
80.1287,-2.99483,-3.01443,1.50637,-3,-3,1.5
80.1387,-2.99479,-3.01439,1.5064,-3,-3,1.5
80.1487,-2.99475,-3.01435,1.50644,-3,-3,1.5
80.1587,-2.9947,-3.01432,1.50648,-3,-3,1.5
80.1687,-2.99465,-3.01428,1.50651,-3,-3,1.5
80.1787,-2.9946,-3.01424,1.50654,-3,-3,1.5
80.1887,-2.99455,-3.0142,1.50658,-3,-3,1.5
80.1987,-2.99449,-3.01416,1.5066,-3,-3,1.5
80.2087,-2.99443,-3.01412,1.5066,-3,-3,1.5
80.2187,-2.99437,-3.01408,1.50659,-3,-3,1.5
80.2287,-2.99431,-3.01404,1.50658,-3,-3,1.5
80.2387,-2.99424,-3.014,1.50658,-3,-3,1.5
80.2487,-2.99418,-3.01395,1.50658,-3,-3,1.5
80.2587,-2.99411,-3.01391,1.50659,-3,-3,1.5
80.2687,-2.99405,-3.01387,1.5066,-3,-3,1.5
80.2787,-2.99398,-3.01383,1.50661,-3,-3,1.5
80.2887,-2.99391,-3.01378,1.50662,-3,-3,1.5
80.2987,-2.99385,-3.01374,1.50664,-3,-3,1.5
80.3087,-2.99378,-3.0137,1.50666,-3,-3,1.5
80.3187,-2.99371,-3.01366,1.50669,-3,-3,1.5
80.3288,-2.99364,-3.01362,1.50672,-3,-3,1.5
80.3388,-2.99357,-3.01358,1.50676,-3,-3,1.5
80.3488,-2.9935,-3.01354,1.50679,-3,-3,1.5
80.3588,-2.99343,-3.0135,1.50682,-3,-3,1.5
80.3688,-2.99336,-3.01346,1.50684,-3,-3,1.5
80.3788,-2.99329,-3.01342,1.50688,-3,-3,1.5
80.3888,-2.99321,-3.01338,1.50692,-3,-3,1.5
80.3988,-2.99314,-3.01334,1.50696,-3,-3,1.5
80.4088,-2.99306,-3.0133,1.507,-3,-3,1.5
80.4188,-2.99298,-3.01326,1.50704,-3,-3,1.5
80.4288,-2.99291,-3.01322,1.50707,-3,-3,1.5
80.4388,-2.99283,-3.01318,1.50711,-3,-3,1.5
80.4488,-2.99275,-3.01314,1.50716,-3,-3,1.5
80.4588,-2.99267,-3.0131,1.50723,-3,-3,1.5
80.4688,-2.99258,-3.01307,1.50727,-3,-3,1.5
80.4788,-2.9925,-3.01303,1.50727,-3,-3,1.5
80.4888,-2.99242,-3.013,1.50728,-3,-3,1.5
80.4988,-2.99234,-3.01297,1.50728,-3,-3,1.5
80.5088,-2.99225,-3.01294,1.50729,-3,-3,1.5
80.5188,-2.99217,-3.01291,1.50728,-3,-3,1.5
80.5288,-2.99209,-3.01288,1.50728,-3,-3,1.5
80.5388,-2.992,-3.01285,1.50728,-3,-3,1.5
80.5488,-2.99192,-3.01282,1.50728,-3,-3,1.5
80.5588,-2.99183,-3.0128,1.50729,-3,-3,1.5
80.5688,-2.99175,-3.01277,1.50729,-3,-3,1.5
80.5788,-2.99166,-3.01274,1.50729,-3,-3,1.5
80.5888,-2.99158,-3.01272,1.50729,-3,-3,1.5
80.5988,-2.99149,-3.0127,1.5073,-3,-3,1.5
80.6088,-2.99141,-3.01267,1.5073,-3,-3,1.5
80.6188,-2.99132,-3.01265,1.50731,-3,-3,1.5
80.6288,-2.99124,-3.01262,1.50731,-3,-3,1.5
80.6388,-2.99115,-3.0126,1.50731,-3,-3,1.5
80.6488,-2.99107,-3.01258,1.50731,-3,-3,1.5
80.6588,-2.99099,-3.01256,1.50731,-3,-3,1.5
80.6688,-2.9909,-3.01253,1.50731,-3,-3,1.5
80.6788,-2.99082,-3.01251,1.50731,-3,-3,1.5
80.6888,-2.99074,-3.01249,1.50731,-3,-3,1.5
80.6988,-2.99065,-3.01247,1.50731,-3,-3,1.5
80.7088,-2.99057,-3.01245,1.5073,-3,-3,1.5
80.7188,-2.99049,-3.01243,1.5073,-3,-3,1.5
80.7288,-2.99041,-3.01241,1.5073,-3,-3,1.5
80.7388,-2.99032,-3.01239,1.50729,-3,-3,1.5
80.7488,-2.99024,-3.01237,1.50729,-3,-3,1.5
80.7588,-2.99016,-3.01235,1.50727,-3,-3,1.5
80.7688,-2.99008,-3.01233,1.50727,-3,-3,1.5
80.7788,-2.99,-3.01231,1.50727,-3,-3,1.5
80.7888,-2.98992,-3.01229,1.50726,-3,-3,1.5
80.7989,-2.98984,-3.01227,1.50726,-3,-3,1.5
80.8089,-2.98976,-3.01225,1.50726,-3,-3,1.5
80.8189,-2.98968,-3.01224,1.50725,-3,-3,1.5
80.8289,-2.9896,-3.01222,1.50724,-3,-3,1.5
80.8389,-2.98952,-3.0122,1.50724,-3,-3,1.5
80.8489,-2.98944,-3.01218,1.50724,-3,-3,1.5
80.8589,-2.98936,-3.01217,1.50723,-3,-3,1.5
80.8689,-2.98928,-3.01215,1.50722,-3,-3,1.5
80.8789,-2.9892,-3.01213,1.50722,-3,-3,1.5
80.8889,-2.98912,-3.01211,1.50723,-3,-3,1.5
80.8989,-2.98904,-3.0121,1.50724,-3,-3,1.5
80.9089,-2.98896,-3.01208,1.50724,-3,-3,1.5
80.9189,-2.98888,-3.01206,1.50725,-3,-3,1.5
80.9289,-2.9888,-3.01205,1.50725,-3,-3,1.5
80.9389,-2.98871,-3.01203,1.50726,-3,-3,1.5
80.9489,-2.98863,-3.01201,1.50728,-3,-3,1.5
80.9589,-2.98854,-3.012,1.5073,-3,-3,1.5
80.9689,-2.98846,-3.01198,1.50732,-3,-3,1.5
80.9789,-2.98837,-3.01196,1.50733,-3,-3,1.5
80.9889,-2.98828,-3.01194,1.50733,-3,-3,1.5
80.9989,-2.98819,-3.01193,1.50733,-3,-3,1.5
81.0089,-2.9881,-3.01191,1.50733,-3,-3,1.5
81.0189,-2.98801,-3.01189,1.50732,-3,-3,1.5
81.0289,-2.98791,-3.01187,1.50733,-3,-3,1.5
81.0389,-2.98782,-3.01185,1.50734,-3,-3,1.5
81.0489,-2.98772,-3.01183,1.50735,-3,-3,1.5
81.0589,-2.98762,-3.01181,1.50736,-3,-3,1.5
81.0689,-2.98752,-3.01179,1.50737,-3,-3,1.5
81.0789,-2.98742,-3.01177,1.50737,-3,-3,1.5
81.0889,-2.98732,-3.01175,1.50738,-3,-3,1.5
81.0989,-2.98722,-3.01173,1.50739,-3,-3,1.5
81.1089,-2.98712,-3.01171,1.50741,-3,-3,1.5
81.1189,-2.98701,-3.01169,1.50742,-3,-3,1.5
81.1289,-2.98691,-3.01166,1.50742,-3,-3,1.5
81.1389,-2.9868,-3.01164,1.50743,-3,-3,1.5
81.1489,-2.98669,-3.01162,1.50742,-3,-3,1.5
81.1589,-2.98658,-3.0116,1.50742,-3,-3,1.5
81.1689,-2.98647,-3.01157,1.50742,-3,-3,1.5
81.1789,-2.98636,-3.01155,1.50741,-3,-3,1.5
81.1889,-2.98625,-3.01153,1.50741,-3,-3,1.5
81.1989,-2.98614,-3.01151,1.50742,-3,-3,1.5
81.2089,-2.98603,-3.01148,1.50742,-3,-3,1.5
81.2189,-2.98592,-3.01146,1.50742,-3,-3,1.5
81.2289,-2.98581,-3.01144,1.50742,-3,-3,1.5
81.2389,-2.98571,-3.01142,1.50742,-3,-3,1.5
81.2489,-2.9856,-3.01139,1.50741,-3,-3,1.5
81.2589,-2.9855,-3.01137,1.5074,-3,-3,1.5
81.269,-2.9854,-3.01135,1.50739,-3,-3,1.5
81.279,-2.98531,-3.01133,1.50738,-3,-3,1.5
81.289,-2.98522,-3.0113,1.50736,-3,-3,1.5
81.299,-2.98513,-3.01128,1.50734,-3,-3,1.5
81.309,-2.98505,-3.01126,1.50732,-3,-3,1.5
81.319,-2.98498,-3.01124,1.50729,-3,-3,1.5
81.329,-2.98491,-3.01122,1.50727,-3,-3,1.5
81.339,-2.98484,-3.01121,1.50725,-3,-3,1.5
81.349,-2.98478,-3.01119,1.50724,-3,-3,1.5
81.359,-2.98472,-3.01118,1.50722,-3,-3,1.5
81.369,-2.98467,-3.01116,1.5072,-3,-3,1.5
81.379,-2.98462,-3.01115,1.50719,-3,-3,1.5
81.389,-2.98458,-3.01115,1.50717,-3,-3,1.5
81.399,-2.98455,-3.01114,1.50716,-3,-3,1.5
81.409,-2.98452,-3.01113,1.50716,-3,-3,1.5
81.419,-2.98449,-3.01113,1.50715,-3,-3,1.5
81.429,-2.98447,-3.01113,1.50713,-3,-3,1.5
81.439,-2.98446,-3.01113,1.50712,-3,-3,1.5
81.449,-2.98445,-3.01113,1.5071,-3,-3,1.5
81.459,-2.98444,-3.01113,1.50708,-3,-3,1.5
81.469,-2.98444,-3.01114,1.50706,-3,-3,1.5
81.479,-2.98445,-3.01114,1.50704,-3,-3,1.5
81.489,-2.98446,-3.01115,1.50701,-3,-3,1.5
81.499,-2.98447,-3.01116,1.50699,-3,-3,1.5
81.509,-2.98449,-3.01116,1.50697,-3,-3,1.5
81.519,-2.98451,-3.01117,1.50695,-3,-3,1.5
81.529,-2.98454,-3.01118,1.50693,-3,-3,1.5
81.539,-2.98456,-3.01119,1.50691,-3,-3,1.5
81.549,-2.9846,-3.0112,1.50689,-3,-3,1.5
81.559,-2.98463,-3.01121,1.50688,-3,-3,1.5
81.569,-2.98467,-3.01122,1.50687,-3,-3,1.5
81.579,-2.98471,-3.01123,1.50687,-3,-3,1.5
81.589,-2.98475,-3.01124,1.50687,-3,-3,1.5
81.599,-2.98479,-3.01125,1.50688,-3,-3,1.5
81.609,-2.98483,-3.01125,1.50689,-3,-3,1.5
81.619,-2.98488,-3.01126,1.50689,-3,-3,1.5
81.629,-2.98492,-3.01127,1.5069,-3,-3,1.5
81.639,-2.98497,-3.01128,1.5069,-3,-3,1.5
81.649,-2.98502,-3.01129,1.50689,-3,-3,1.5
81.659,-2.98506,-3.01129,1.50688,-3,-3,1.5
81.669,-2.98511,-3.0113,1.50686,-3,-3,1.5
81.679,-2.98515,-3.01131,1.50684,-3,-3,1.5
81.689,-2.9852,-3.01131,1.50681,-3,-3,1.5
81.699,-2.98524,-3.01132,1.50679,-3,-3,1.5
81.709,-2.98529,-3.01132,1.50676,-3,-3,1.5
81.719,-2.98533,-3.01133,1.50673,-3,-3,1.5
81.729,-2.98537,-3.01133,1.50671,-3,-3,1.5
81.7391,-2.98541,-3.01134,1.50667,-3,-3,1.5
81.7491,-2.98545,-3.01134,1.50665,-3,-3,1.5
81.7591,-2.98548,-3.01134,1.50663,-3,-3,1.5
81.7691,-2.98552,-3.01135,1.50661,-3,-3,1.5
81.7791,-2.98556,-3.01135,1.5066,-3,-3,1.5
81.7891,-2.98559,-3.01136,1.50659,-3,-3,1.5
81.7991,-2.98563,-3.01136,1.50658,-3,-3,1.5
81.8091,-2.98566,-3.01136,1.50657,-3,-3,1.5
81.8191,-2.98569,-3.01137,1.50655,-3,-3,1.5
81.8291,-2.98573,-3.01137,1.50654,-3,-3,1.5
81.8391,-2.98576,-3.01137,1.50654,-3,-3,1.5
81.8491,-2.9858,-3.01137,1.50652,-3,-3,1.5
81.8591,-2.98583,-3.01137,1.5065,-3,-3,1.5
81.8691,-2.98587,-3.01137,1.50649,-3,-3,1.5
81.8791,-2.9859,-3.01137,1.50647,-3,-3,1.5
81.8891,-2.98594,-3.01137,1.50645,-3,-3,1.5
81.8991,-2.98598,-3.01137,1.50643,-3,-3,1.5
81.9091,-2.98602,-3.01137,1.50641,-3,-3,1.5
81.9191,-2.98606,-3.01137,1.50639,-3,-3,1.5
81.9291,-2.98611,-3.01137,1.50637,-3,-3,1.5
81.9391,-2.98616,-3.01137,1.50638,-3,-3,1.5
81.9491,-2.98621,-3.01137,1.50642,-3,-3,1.5
81.9591,-2.98626,-3.01137,1.50644,-3,-3,1.5
81.9691,-2.98631,-3.01137,1.50645,-3,-3,1.5
81.9791,-2.98637,-3.01137,1.50645,-3,-3,1.5
81.9891,-2.98642,-3.01137,1.50645,-3,-3,1.5
81.9991,-2.98648,-3.01137,1.50645,-3,-3,1.5
82.0091,-2.98654,-3.01137,1.50642,-3,-3,1.5
82.0191,-2.98659,-3.01137,1.50639,-3,-3,1.5
82.0291,-2.98664,-3.01137,1.50636,-3,-3,1.5
82.0391,-2.9867,-3.01137,1.50633,-3,-3,1.5
82.0491,-2.98675,-3.01137,1.50632,-3,-3,1.5
82.0591,-2.9868,-3.01137,1.50631,-3,-3,1.5
82.0691,-2.98685,-3.01137,1.50631,-3,-3,1.5
82.0791,-2.9869,-3.01137,1.5063,-3,-3,1.5
82.0891,-2.98695,-3.01137,1.5063,-3,-3,1.5
82.0991,-2.987,-3.01137,1.5063,-3,-3,1.5
82.1091,-2.98705,-3.01137,1.5063,-3,-3,1.5
82.1191,-2.9871,-3.01137,1.5063,-3,-3,1.5
82.1291,-2.98715,-3.01137,1.50632,-3,-3,1.5
82.1391,-2.98721,-3.01138,1.50637,-3,-3,1.5
82.1491,-2.98727,-3.01138,1.5064,-3,-3,1.5
82.1591,-2.98733,-3.01138,1.50641,-3,-3,1.5
82.1691,-2.98738,-3.01138,1.50641,-3,-3,1.5
82.1791,-2.98744,-3.01138,1.50639,-3,-3,1.5
82.1891,-2.9875,-3.01138,1.50637,-3,-3,1.5
82.1992,-2.98756,-3.01138,1.50635,-3,-3,1.5
82.2092,-2.98762,-3.01138,1.50632,-3,-3,1.5
82.2192,-2.98768,-3.01138,1.5063,-3,-3,1.5
82.2292,-2.98774,-3.01138,1.50627,-3,-3,1.5
82.2392,-2.98779,-3.01138,1.50625,-3,-3,1.5
82.2492,-2.98785,-3.01138,1.50622,-3,-3,1.5
82.2592,-2.9879,-3.01137,1.5062,-3,-3,1.5
82.2692,-2.98795,-3.01137,1.50619,-3,-3,1.5
82.2792,-2.988,-3.01137,1.50617,-3,-3,1.5
82.2892,-2.98805,-3.01136,1.50615,-3,-3,1.5
82.2992,-2.9881,-3.01136,1.50613,-3,-3,1.5
82.3092,-2.98815,-3.01135,1.5061,-3,-3,1.5
82.3192,-2.9882,-3.01135,1.50608,-3,-3,1.5
82.3292,-2.98825,-3.01135,1.50609,-3,-3,1.5
82.3392,-2.98831,-3.01135,1.50612,-3,-3,1.5
82.3492,-2.98836,-3.01134,1.50614,-3,-3,1.5
82.3592,-2.98841,-3.01134,1.50614,-3,-3,1.5
82.3692,-2.98847,-3.01134,1.50614,-3,-3,1.5
82.3792,-2.98852,-3.01134,1.50613,-3,-3,1.5
82.3892,-2.98858,-3.01134,1.50613,-3,-3,1.5
82.3992,-2.98863,-3.01134,1.50612,-3,-3,1.5
82.4092,-2.98868,-3.01134,1.5061,-3,-3,1.5
82.4192,-2.98873,-3.01134,1.50608,-3,-3,1.5
82.4292,-2.98878,-3.01134,1.50608,-3,-3,1.5
82.4392,-2.98882,-3.01134,1.50609,-3,-3,1.5
82.4492,-2.98887,-3.01134,1.50609,-3,-3,1.5
82.4592,-2.98891,-3.01135,1.50608,-3,-3,1.5
82.4692,-2.98896,-3.01135,1.50607,-3,-3,1.5
82.4792,-2.989,-3.01135,1.50608,-3,-3,1.5
82.4892,-2.98905,-3.01135,1.50611,-3,-3,1.5
82.4992,-2.98909,-3.01136,1.50614,-3,-3,1.5
82.5092,-2.98913,-3.01136,1.50614,-3,-3,1.5
82.5192,-2.98918,-3.01136,1.50613,-3,-3,1.5
82.5292,-2.98922,-3.01137,1.50609,-3,-3,1.5
82.5392,-2.98926,-3.01137,1.50606,-3,-3,1.5
82.5492,-2.98931,-3.01137,1.506,-3,-3,1.5
82.5592,-2.98935,-3.01137,1.50592,-3,-3,1.5
82.5692,-2.98939,-3.01137,1.50583,-3,-3,1.5
82.5792,-2.98944,-3.01137,1.5057,-3,-3,1.5
82.5892,-2.98948,-3.01137,1.50558,-3,-3,1.5
82.5992,-2.98953,-3.01137,1.50546,-3,-3,1.5
82.6092,-2.98957,-3.01136,1.50535,-3,-3,1.5
82.6192,-2.98962,-3.01136,1.50525,-3,-3,1.5
82.6292,-2.98967,-3.01135,1.50516,-3,-3,1.5
82.6392,-2.98972,-3.01134,1.50518,-3,-3,1.5
82.6492,-2.98978,-3.01133,1.50526,-3,-3,1.5
82.6592,-2.98985,-3.01131,1.50532,-3,-3,1.5
82.6693,-2.98992,-3.0113,1.50537,-3,-3,1.5
82.6793,-2.98999,-3.01129,1.50541,-3,-3,1.5
82.6893,-2.99007,-3.01128,1.50543,-3,-3,1.5
82.6993,-2.99015,-3.01127,1.50544,-3,-3,1.5
82.7093,-2.99023,-3.01126,1.50544,-3,-3,1.5
82.7193,-2.99031,-3.01125,1.50546,-3,-3,1.5
82.7293,-2.99039,-3.01124,1.5055,-3,-3,1.5
82.7393,-2.99048,-3.01123,1.50552,-3,-3,1.5
82.7493,-2.99056,-3.01122,1.50553,-3,-3,1.5
82.7593,-2.99065,-3.01121,1.50554,-3,-3,1.5
82.7693,-2.99073,-3.01121,1.50555,-3,-3,1.5
82.7793,-2.99082,-3.0112,1.50555,-3,-3,1.5
82.7893,-2.99091,-3.0112,1.50555,-3,-3,1.5
82.7993,-2.99099,-3.0112,1.50555,-3,-3,1.5
82.8093,-2.99108,-3.01121,1.50555,-3,-3,1.5
82.8193,-2.99117,-3.01121,1.50555,-3,-3,1.5
82.8293,-2.99125,-3.01122,1.50554,-3,-3,1.5
82.8393,-2.99134,-3.01123,1.50554,-3,-3,1.5
82.8493,-2.99143,-3.01124,1.50552,-3,-3,1.5
82.8593,-2.99151,-3.01125,1.5055,-3,-3,1.5
82.8693,-2.9916,-3.01126,1.50547,-3,-3,1.5
82.8793,-2.99168,-3.01128,1.50545,-3,-3,1.5
82.8893,-2.99177,-3.01129,1.50542,-3,-3,1.5
82.8993,-2.99185,-3.01131,1.50539,-3,-3,1.5
82.9093,-2.99193,-3.01132,1.50535,-3,-3,1.5
82.9193,-2.99201,-3.01134,1.50532,-3,-3,1.5
82.9293,-2.99209,-3.01135,1.5053,-3,-3,1.5
82.9393,-2.99217,-3.01137,1.5053,-3,-3,1.5
82.9493,-2.99224,-3.01138,1.50528,-3,-3,1.5
82.9593,-2.99232,-3.01139,1.50528,-3,-3,1.5
82.9693,-2.99239,-3.01141,1.50528,-3,-3,1.5
82.9793,-2.99246,-3.01142,1.50527,-3,-3,1.5
82.9893,-2.99253,-3.01143,1.50527,-3,-3,1.5
82.9993,-2.9926,-3.01144,1.50529,-3,-3,1.5
83.0093,-2.99267,-3.01145,1.50533,-3,-3,1.5
83.0193,-2.99274,-3.01146,1.50535,-3,-3,1.5
83.0293,-2.9928,-3.01147,1.50537,-3,-3,1.5
83.0393,-2.99287,-3.01148,1.50537,-3,-3,1.5
83.0493,-2.99294,-3.01149,1.50537,-3,-3,1.5
83.0593,-2.993,-3.0115,1.50537,-3,-3,1.5
83.0693,-2.99307,-3.0115,1.50536,-3,-3,1.5
83.0793,-2.99313,-3.01151,1.50535,-3,-3,1.5
83.0893,-2.99319,-3.01152,1.50533,-3,-3,1.5
83.0993,-2.99325,-3.01153,1.50531,-3,-3,1.5
83.1093,-2.99331,-3.01153,1.50529,-3,-3,1.5
83.1193,-2.99337,-3.01154,1.50527,-3,-3,1.5
83.1293,-2.99342,-3.01155,1.50526,-3,-3,1.5
83.1394,-2.99347,-3.01156,1.50527,-3,-3,1.5
83.1494,-2.99352,-3.01156,1.50528,-3,-3,1.5
83.1594,-2.99357,-3.01157,1.50531,-3,-3,1.5
83.1694,-2.99362,-3.01158,1.50536,-3,-3,1.5
83.1794,-2.99367,-3.01159,1.5054,-3,-3,1.5
83.1894,-2.99371,-3.0116,1.50544,-3,-3,1.5
83.1994,-2.99376,-3.01162,1.50546,-3,-3,1.5
83.2094,-2.9938,-3.01163,1.50547,-3,-3,1.5
83.2194,-2.99385,-3.01164,1.50546,-3,-3,1.5
83.2294,-2.99389,-3.01166,1.50544,-3,-3,1.5
83.2394,-2.99393,-3.01168,1.50541,-3,-3,1.5
83.2494,-2.99397,-3.0117,1.50538,-3,-3,1.5
83.2594,-2.99401,-3.01171,1.50535,-3,-3,1.5
83.2694,-2.99405,-3.01173,1.50532,-3,-3,1.5
83.2794,-2.99409,-3.01175,1.5053,-3,-3,1.5
83.2894,-2.99413,-3.01177,1.50528,-3,-3,1.5
83.2994,-2.99417,-3.01179,1.50526,-3,-3,1.5
83.3094,-2.99421,-3.0118,1.50524,-3,-3,1.5
83.3194,-2.99425,-3.01182,1.50522,-3,-3,1.5
83.3294,-2.99428,-3.01183,1.50521,-3,-3,1.5
83.3394,-2.99432,-3.01185,1.50519,-3,-3,1.5
83.3494,-2.99436,-3.01186,1.50518,-3,-3,1.5
83.3594,-2.9944,-3.01188,1.50515,-3,-3,1.5
83.3694,-2.99443,-3.01189,1.50512,-3,-3,1.5
83.3794,-2.99447,-3.0119,1.50508,-3,-3,1.5
83.3894,-2.99451,-3.01191,1.50505,-3,-3,1.5
83.3994,-2.99455,-3.01192,1.505,-3,-3,1.5
83.4094,-2.99458,-3.01193,1.50493,-3,-3,1.5
83.4194,-2.99462,-3.01194,1.50487,-3,-3,1.5
83.4294,-2.99466,-3.01194,1.50482,-3,-3,1.5
83.4394,-2.9947,-3.01195,1.50478,-3,-3,1.5
83.4494,-2.99473,-3.01195,1.50476,-3,-3,1.5
83.4594,-2.99477,-3.01196,1.50473,-3,-3,1.5
83.4694,-2.99481,-3.01196,1.5047,-3,-3,1.5
83.4794,-2.99485,-3.01197,1.50466,-3,-3,1.5
83.4894,-2.99489,-3.01197,1.50463,-3,-3,1.5
83.4994,-2.99493,-3.01197,1.50459,-3,-3,1.5
83.5094,-2.99497,-3.01198,1.50453,-3,-3,1.5
83.5194,-2.99501,-3.01198,1.50447,-3,-3,1.5
83.5294,-2.99505,-3.01198,1.50441,-3,-3,1.5
83.5394,-2.99509,-3.01199,1.50437,-3,-3,1.5
83.5494,-2.99513,-3.01199,1.50433,-3,-3,1.5
83.5594,-2.99517,-3.01199,1.5043,-3,-3,1.5
83.5694,-2.99521,-3.01199,1.50427,-3,-3,1.5
83.5794,-2.99525,-3.01199,1.50424,-3,-3,1.5
83.5894,-2.99529,-3.01199,1.5042,-3,-3,1.5
83.5994,-2.99533,-3.01199,1.50417,-3,-3,1.5
83.6095,-2.99537,-3.01199,1.50414,-3,-3,1.5
83.6195,-2.99541,-3.01199,1.50411,-3,-3,1.5
83.6295,-2.99545,-3.01199,1.50408,-3,-3,1.5
83.6395,-2.99549,-3.01199,1.50405,-3,-3,1.5
83.6495,-2.99552,-3.01199,1.50402,-3,-3,1.5
83.6595,-2.99556,-3.01199,1.504,-3,-3,1.5
83.6695,-2.9956,-3.01199,1.50397,-3,-3,1.5
83.6795,-2.99564,-3.01198,1.50394,-3,-3,1.5
83.6895,-2.99568,-3.01198,1.50391,-3,-3,1.5
83.6995,-2.99571,-3.01198,1.50389,-3,-3,1.5
83.7095,-2.99575,-3.01198,1.50386,-3,-3,1.5
83.7195,-2.99579,-3.01198,1.50383,-3,-3,1.5
83.7295,-2.99582,-3.01198,1.5038,-3,-3,1.5
83.7395,-2.99586,-3.01197,1.50378,-3,-3,1.5
83.7495,-2.99589,-3.01197,1.50375,-3,-3,1.5
83.7595,-2.99593,-3.01197,1.50373,-3,-3,1.5
83.7695,-2.99597,-3.01196,1.50371,-3,-3,1.5
83.7795,-2.996,-3.01196,1.50369,-3,-3,1.5
83.7895,-2.99603,-3.01196,1.50367,-3,-3,1.5
83.7995,-2.99607,-3.01195,1.50365,-3,-3,1.5
83.8095,-2.9961,-3.01195,1.50363,-3,-3,1.5
83.8195,-2.99614,-3.01194,1.50361,-3,-3,1.5
83.8295,-2.99617,-3.01194,1.50359,-3,-3,1.5
83.8395,-2.9962,-3.01193,1.50357,-3,-3,1.5
83.8495,-2.99624,-3.01193,1.50355,-3,-3,1.5
83.8595,-2.99627,-3.01192,1.50353,-3,-3,1.5
83.8695,-2.9963,-3.01192,1.50351,-3,-3,1.5
83.8795,-2.99634,-3.01191,1.50349,-3,-3,1.5
83.8895,-2.99637,-3.01191,1.50347,-3,-3,1.5
83.8995,-2.99641,-3.0119,1.50345,-3,-3,1.5
83.9095,-2.99644,-3.0119,1.50343,-3,-3,1.5
83.9195,-2.99647,-3.01189,1.50341,-3,-3,1.5
83.9295,-2.99651,-3.01189,1.50339,-3,-3,1.5
83.9395,-2.99654,-3.01188,1.50338,-3,-3,1.5
83.9495,-2.99658,-3.01187,1.50337,-3,-3,1.5
83.9595,-2.99661,-3.01187,1.50335,-3,-3,1.5
83.9695,-2.99664,-3.01186,1.50334,-3,-3,1.5
83.9795,-2.99668,-3.01186,1.50332,-3,-3,1.5
83.9895,-2.99671,-3.01185,1.50331,-3,-3,1.5
83.9995,-2.99675,-3.01184,1.50329,-3,-3,1.5
84.0095,-2.99678,-3.01184,1.50328,-3,-3,1.5
84.0195,-2.99682,-3.01183,1.50326,-3,-3,1.5
84.0295,-2.99685,-3.01182,1.50324,-3,-3,1.5
84.0395,-2.99689,-3.01182,1.50323,-3,-3,1.5
84.0495,-2.99692,-3.01181,1.50321,-3,-3,1.5
84.0595,-2.99696,-3.0118,1.5032,-3,-3,1.5
84.0695,-2.99699,-3.0118,1.50319,-3,-3,1.5
84.0796,-2.99703,-3.01179,1.50317,-3,-3,1.5
84.0896,-2.99707,-3.01178,1.50316,-3,-3,1.5
84.0996,-2.9971,-3.01177,1.50315,-3,-3,1.5
84.1096,-2.99714,-3.01177,1.50313,-3,-3,1.5
84.1196,-2.99718,-3.01176,1.50312,-3,-3,1.5
84.1296,-2.99721,-3.01175,1.5031,-3,-3,1.5
84.1396,-2.99725,-3.01174,1.50309,-3,-3,1.5
84.1496,-2.99729,-3.01173,1.50307,-3,-3,1.5
84.1596,-2.99733,-3.01172,1.50306,-3,-3,1.5
84.1696,-2.99736,-3.01171,1.50305,-3,-3,1.5
84.1796,-2.9974,-3.0117,1.50304,-3,-3,1.5
84.1896,-2.99744,-3.01169,1.50303,-3,-3,1.5
84.1996,-2.99748,-3.01168,1.50302,-3,-3,1.5
84.2096,-2.99752,-3.01167,1.50302,-3,-3,1.5
84.2196,-2.99756,-3.01166,1.50302,-3,-3,1.5
84.2296,-2.9976,-3.01165,1.50302,-3,-3,1.5
84.2396,-2.99764,-3.01164,1.50302,-3,-3,1.5
84.2496,-2.99768,-3.01163,1.50302,-3,-3,1.5
84.2596,-2.99772,-3.01161,1.50301,-3,-3,1.5
84.2696,-2.99776,-3.0116,1.50301,-3,-3,1.5
84.2796,-2.9978,-3.01159,1.503,-3,-3,1.5
84.2896,-2.99784,-3.01157,1.503,-3,-3,1.5
84.2996,-2.99788,-3.01156,1.503,-3,-3,1.5
84.3096,-2.99791,-3.01155,1.50299,-3,-3,1.5
84.3196,-2.99795,-3.01153,1.50298,-3,-3,1.5
84.3296,-2.99798,-3.01152,1.50298,-3,-3,1.5
84.3396,-2.99802,-3.0115,1.50298,-3,-3,1.5
84.3496,-2.99805,-3.01149,1.50298,-3,-3,1.5
84.3596,-2.99808,-3.01147,1.50298,-3,-3,1.5
84.3696,-2.99811,-3.01146,1.50297,-3,-3,1.5
84.3796,-2.99814,-3.01144,1.50297,-3,-3,1.5
84.3896,-2.99817,-3.01142,1.50297,-3,-3,1.5
84.3996,-2.9982,-3.01141,1.50296,-3,-3,1.5
84.4096,-2.99823,-3.01139,1.50296,-3,-3,1.5
84.4196,-2.99826,-3.01137,1.50296,-3,-3,1.5
84.4296,-2.99829,-3.01136,1.50296,-3,-3,1.5
84.4396,-2.99831,-3.01134,1.50295,-3,-3,1.5
84.4496,-2.99834,-3.01132,1.50294,-3,-3,1.5
84.4596,-2.99837,-3.0113,1.50293,-3,-3,1.5
84.4696,-2.99839,-3.01129,1.50292,-3,-3,1.5
84.4796,-2.99842,-3.01127,1.50291,-3,-3,1.5
84.4896,-2.99845,-3.01125,1.5029,-3,-3,1.5
84.4996,-2.99848,-3.01123,1.5029,-3,-3,1.5
84.5096,-2.99851,-3.01121,1.5029,-3,-3,1.5
84.5196,-2.99854,-3.0112,1.5029,-3,-3,1.5
84.5296,-2.99857,-3.01118,1.5029,-3,-3,1.5
84.5396,-2.9986,-3.01116,1.5029,-3,-3,1.5
84.5497,-2.99864,-3.01114,1.50289,-3,-3,1.5
84.5597,-2.99867,-3.01112,1.50289,-3,-3,1.5
84.5697,-2.9987,-3.0111,1.50289,-3,-3,1.5
84.5797,-2.99873,-3.01108,1.50289,-3,-3,1.5
84.5897,-2.99876,-3.01106,1.50289,-3,-3,1.5
84.5997,-2.99879,-3.01104,1.50289,-3,-3,1.5
84.6097,-2.99882,-3.01102,1.50289,-3,-3,1.5
84.6197,-2.99885,-3.011,1.50288,-3,-3,1.5
84.6297,-2.99888,-3.01098,1.50288,-3,-3,1.5
84.6397,-2.99891,-3.01096,1.50287,-3,-3,1.5
84.6497,-2.99893,-3.01094,1.50286,-3,-3,1.5
84.6597,-2.99896,-3.01093,1.50286,-3,-3,1.5
84.6697,-2.99898,-3.01091,1.50285,-3,-3,1.5
84.6797,-2.99901,-3.01089,1.50285,-3,-3,1.5
84.6897,-2.99903,-3.01087,1.50284,-3,-3,1.5
84.6997,-2.99905,-3.01085,1.50284,-3,-3,1.5
84.7097,-2.99907,-3.01083,1.50284,-3,-3,1.5
84.7197,-2.99909,-3.01081,1.50284,-3,-3,1.5
84.7297,-2.99911,-3.0108,1.50284,-3,-3,1.5
84.7397,-2.99913,-3.01078,1.50285,-3,-3,1.5
84.7497,-2.99915,-3.01076,1.50285,-3,-3,1.5
84.7597,-2.99917,-3.01074,1.50285,-3,-3,1.5
84.7697,-2.99919,-3.01073,1.50285,-3,-3,1.5
84.7797,-2.99921,-3.01071,1.50284,-3,-3,1.5
84.7897,-2.99923,-3.0107,1.50284,-3,-3,1.5
84.7997,-2.99925,-3.01068,1.50283,-3,-3,1.5
84.8097,-2.99927,-3.01067,1.50283,-3,-3,1.5
84.8197,-2.9993,-3.01066,1.50283,-3,-3,1.5
84.8297,-2.99932,-3.01064,1.50282,-3,-3,1.5
84.8397,-2.99935,-3.01063,1.50282,-3,-3,1.5
84.8497,-2.99937,-3.01062,1.50281,-3,-3,1.5
84.8597,-2.9994,-3.01061,1.50281,-3,-3,1.5
84.8697,-2.99943,-3.0106,1.50281,-3,-3,1.5
84.8797,-2.99946,-3.01059,1.50281,-3,-3,1.5
84.8897,-2.99949,-3.01058,1.50281,-3,-3,1.5
84.8997,-2.99953,-3.01057,1.50281,-3,-3,1.5
84.9097,-2.99956,-3.01056,1.50281,-3,-3,1.5
84.9197,-2.9996,-3.01055,1.50281,-3,-3,1.5
84.9297,-2.99964,-3.01054,1.50281,-3,-3,1.5
84.9397,-2.99969,-3.01053,1.50281,-3,-3,1.5
84.9497,-2.99973,-3.01052,1.5028,-3,-3,1.5
84.9597,-2.99978,-3.01052,1.5028,-3,-3,1.5
84.9697,-2.99983,-3.01051,1.50279,-3,-3,1.5
84.9797,-2.99989,-3.0105,1.50278,-3,-3,1.5
84.9897,-2.99994,-3.01049,1.50276,-3,-3,1.5
84.9997,-3,-3.01048,1.50275,-3,-3,1.5
85.0098,-3.00007,-3.01048,1.50275,-3,-3,1.5
85.0198,-3.00013,-3.01047,1.50275,-3,-3,1.5
85.0298,-3.0002,-3.01046,1.50275,-3,-3,1.5
85.0398,-3.00026,-3.01045,1.50276,-3,-3,1.5
85.0498,-3.00033,-3.01044,1.50278,-3,-3,1.5
85.0598,-3.0004,-3.01044,1.50281,-3,-3,1.5
85.0698,-3.00047,-3.01043,1.50282,-3,-3,1.5
85.0798,-3.00055,-3.01042,1.50283,-3,-3,1.5
85.0898,-3.00062,-3.01042,1.50283,-3,-3,1.5
85.0998,-3.00069,-3.01041,1.50284,-3,-3,1.5
85.1098,-3.00076,-3.01041,1.50284,-3,-3,1.5
85.1198,-3.00083,-3.01041,1.50284,-3,-3,1.5
85.1298,-3.0009,-3.01041,1.50285,-3,-3,1.5
85.1398,-3.00096,-3.01041,1.50285,-3,-3,1.5
85.1498,-3.00103,-3.01041,1.50285,-3,-3,1.5
85.1598,-3.00109,-3.01041,1.50285,-3,-3,1.5
85.1698,-3.00115,-3.01041,1.50285,-3,-3,1.5
85.1798,-3.0012,-3.01042,1.50285,-3,-3,1.5
85.1898,-3.00125,-3.01042,1.50285,-3,-3,1.5
85.1998,-3.0013,-3.01042,1.50285,-3,-3,1.5
85.2098,-3.00135,-3.01042,1.50285,-3,-3,1.5
85.2198,-3.00139,-3.01042,1.50285,-3,-3,1.5
85.2298,-3.00143,-3.01042,1.50284,-3,-3,1.5
85.2398,-3.00146,-3.01043,1.50284,-3,-3,1.5
85.2498,-3.00149,-3.01043,1.50283,-3,-3,1.5
85.2598,-3.00152,-3.01043,1.50283,-3,-3,1.5
85.2698,-3.00154,-3.01043,1.50282,-3,-3,1.5
85.2798,-3.00156,-3.01043,1.50282,-3,-3,1.5
85.2898,-3.00157,-3.01043,1.50281,-3,-3,1.5
85.2998,-3.00158,-3.01044,1.50281,-3,-3,1.5
85.3098,-3.00158,-3.01044,1.5028,-3,-3,1.5
85.3198,-3.00159,-3.01044,1.50279,-3,-3,1.5
85.3298,-3.00158,-3.01044,1.50279,-3,-3,1.5
85.3398,-3.00158,-3.01045,1.50278,-3,-3,1.5
85.3498,-3.00157,-3.01045,1.50278,-3,-3,1.5
85.3598,-3.00156,-3.01045,1.50277,-3,-3,1.5
85.3698,-3.00154,-3.01045,1.50277,-3,-3,1.5
85.3798,-3.00152,-3.01046,1.50276,-3,-3,1.5
85.3898,-3.00149,-3.01046,1.50276,-3,-3,1.5
85.3998,-3.00147,-3.01046,1.50275,-3,-3,1.5
85.4098,-3.00143,-3.01046,1.50275,-3,-3,1.5
85.4198,-3.0014,-3.01047,1.50275,-3,-3,1.5
85.4298,-3.00136,-3.01047,1.50275,-3,-3,1.5
85.4398,-3.00132,-3.01047,1.50274,-3,-3,1.5
85.4498,-3.00127,-3.01048,1.50274,-3,-3,1.5
85.4598,-3.00123,-3.01048,1.50274,-3,-3,1.5
85.4698,-3.00118,-3.01048,1.50274,-3,-3,1.5
85.4799,-3.00112,-3.01049,1.50274,-3,-3,1.5
85.4899,-3.00107,-3.01049,1.50274,-3,-3,1.5
85.4999,-3.00101,-3.01049,1.50274,-3,-3,1.5
85.5099,-3.00095,-3.0105,1.50274,-3,-3,1.5
85.5199,-3.00088,-3.0105,1.50273,-3,-3,1.5
85.5299,-3.00081,-3.0105,1.50273,-3,-3,1.5
85.5399,-3.00074,-3.01051,1.50273,-3,-3,1.5
85.5499,-3.00067,-3.01051,1.50273,-3,-3,1.5
85.5599,-3.0006,-3.01051,1.50273,-3,-3,1.5
85.5699,-3.00052,-3.01052,1.50274,-3,-3,1.5
85.5799,-3.00044,-3.01052,1.50274,-3,-3,1.5
85.5899,-3.00036,-3.01052,1.50273,-3,-3,1.5
85.5999,-3.00027,-3.01053,1.50274,-3,-3,1.5
85.6099,-3.00018,-3.01053,1.50274,-3,-3,1.5
85.6199,-3.0001,-3.01053,1.50275,-3,-3,1.5
85.6299,-3.00001,-3.01053,1.50276,-3,-3,1.5
85.6399,-2.99992,-3.01053,1.50277,-3,-3,1.5
85.6499,-2.99982,-3.01054,1.50277,-3,-3,1.5
85.6599,-2.99973,-3.01054,1.50278,-3,-3,1.5
85.6699,-2.99964,-3.01054,1.50278,-3,-3,1.5
85.6799,-2.99954,-3.01054,1.50279,-3,-3,1.5
85.6899,-2.99945,-3.01054,1.5028,-3,-3,1.5
85.6999,-2.99935,-3.01053,1.50282,-3,-3,1.5
85.7099,-2.99926,-3.01053,1.50284,-3,-3,1.5
85.7199,-2.99917,-3.01053,1.50285,-3,-3,1.5
85.7299,-2.99908,-3.01053,1.50287,-3,-3,1.5
85.7399,-2.99899,-3.01052,1.50287,-3,-3,1.5
85.7499,-2.9989,-3.01052,1.50288,-3,-3,1.5
85.7599,-2.99882,-3.01051,1.50288,-3,-3,1.5
85.7699,-2.99873,-3.01051,1.50289,-3,-3,1.5
85.7799,-2.99865,-3.0105,1.50289,-3,-3,1.5
85.7899,-2.99858,-3.0105,1.50289,-3,-3,1.5
85.7999,-2.99851,-3.01049,1.50288,-3,-3,1.5
85.8099,-2.99844,-3.01049,1.50288,-3,-3,1.5
85.8199,-2.99837,-3.01048,1.50288,-3,-3,1.5
85.8299,-2.99831,-3.01047,1.50287,-3,-3,1.5
85.8399,-2.99825,-3.01047,1.50286,-3,-3,1.5
85.8499,-2.9982,-3.01046,1.50285,-3,-3,1.5
85.8599,-2.99815,-3.01046,1.50284,-3,-3,1.5
85.8699,-2.99811,-3.01045,1.50283,-3,-3,1.5
85.8799,-2.99807,-3.01045,1.50282,-3,-3,1.5
85.8899,-2.99804,-3.01045,1.50281,-3,-3,1.5
85.8999,-2.99801,-3.01044,1.5028,-3,-3,1.5
85.9099,-2.99798,-3.01044,1.50282,-3,-3,1.5
85.9199,-2.99796,-3.01045,1.50288,-3,-3,1.5
85.9299,-2.99794,-3.01045,1.50291,-3,-3,1.5
85.9399,-2.99793,-3.01045,1.50293,-3,-3,1.5
85.95,-2.99791,-3.01045,1.50296,-3,-3,1.5
85.96,-2.9979,-3.01046,1.50298,-3,-3,1.5
85.97,-2.9979,-3.01046,1.503,-3,-3,1.5
85.98,-2.99789,-3.01047,1.50302,-3,-3,1.5
85.99,-2.99788,-3.01047,1.50304,-3,-3,1.5
86,-2.99787,-3.01047,1.50304,-3,-3,1.5
86.01,-2.99786,-3.01048,1.50304,-3,-3,1.5
86.02,-2.99785,-3.01048,1.50304,-3,-3,1.5
86.03,-2.99784,-3.01049,1.50303,-3,-3,1.5
86.04,-2.99783,-3.0105,1.50302,-3,-3,1.5
86.05,-2.99781,-3.0105,1.50303,-3,-3,1.5
86.06,-2.99779,-3.01051,1.50306,-3,-3,1.5
86.07,-2.99778,-3.01051,1.50309,-3,-3,1.5
86.08,-2.99776,-3.01052,1.50312,-3,-3,1.5
86.09,-2.99774,-3.01053,1.50317,-3,-3,1.5
86.1,-2.99772,-3.01053,1.5032,-3,-3,1.5
86.11,-2.9977,-3.01054,1.5032,-3,-3,1.5
86.12,-2.99768,-3.01055,1.50319,-3,-3,1.5
86.13,-2.99766,-3.01057,1.50319,-3,-3,1.5
86.14,-2.99764,-3.01058,1.50319,-3,-3,1.5
86.15,-2.99762,-3.01059,1.50319,-3,-3,1.5
86.16,-2.9976,-3.0106,1.5032,-3,-3,1.5
86.17,-2.99758,-3.01061,1.50322,-3,-3,1.5
86.18,-2.99756,-3.01062,1.50325,-3,-3,1.5
86.19,-2.99754,-3.01063,1.50327,-3,-3,1.5
86.2,-2.99752,-3.01064,1.50328,-3,-3,1.5
86.21,-2.9975,-3.01065,1.50328,-3,-3,1.5
86.22,-2.99748,-3.01066,1.50328,-3,-3,1.5
86.23,-2.99746,-3.01067,1.50328,-3,-3,1.5
86.24,-2.99744,-3.01068,1.50328,-3,-3,1.5
86.25,-2.99741,-3.01068,1.50329,-3,-3,1.5
86.26,-2.99739,-3.01069,1.50329,-3,-3,1.5
86.27,-2.99737,-3.0107,1.5033,-3,-3,1.5
86.28,-2.99734,-3.0107,1.50331,-3,-3,1.5
86.29,-2.99731,-3.01071,1.50333,-3,-3,1.5
86.3,-2.99729,-3.01071,1.50335,-3,-3,1.5
86.31,-2.99726,-3.01072,1.50338,-3,-3,1.5
86.32,-2.99723,-3.01072,1.50342,-3,-3,1.5
86.33,-2.9972,-3.01073,1.50345,-3,-3,1.5
86.34,-2.99717,-3.01073,1.50348,-3,-3,1.5
86.35,-2.99713,-3.01073,1.50351,-3,-3,1.5
86.36,-2.9971,-3.01074,1.50354,-3,-3,1.5
86.37,-2.99707,-3.01074,1.50356,-3,-3,1.5
86.38,-2.99703,-3.01074,1.50356,-3,-3,1.5
86.39,-2.997,-3.01075,1.50356,-3,-3,1.5
86.4,-2.99696,-3.01075,1.50356,-3,-3,1.5
86.41,-2.99692,-3.01075,1.50357,-3,-3,1.5
86.4201,-2.99689,-3.01075,1.50357,-3,-3,1.5
86.4301,-2.99685,-3.01076,1.50357,-3,-3,1.5
86.4401,-2.9968,-3.01076,1.50358,-3,-3,1.5
86.4501,-2.99676,-3.01076,1.50358,-3,-3,1.5
86.4601,-2.99672,-3.01076,1.50359,-3,-3,1.5
86.4701,-2.99667,-3.01076,1.50359,-3,-3,1.5
86.4801,-2.99663,-3.01076,1.5036,-3,-3,1.5
86.4901,-2.99658,-3.01076,1.50361,-3,-3,1.5
86.5001,-2.99653,-3.01076,1.50361,-3,-3,1.5
86.5101,-2.99648,-3.01076,1.50361,-3,-3,1.5
86.5201,-2.99643,-3.01076,1.50361,-3,-3,1.5
86.5301,-2.99637,-3.01076,1.5036,-3,-3,1.5
86.5401,-2.99632,-3.01076,1.5036,-3,-3,1.5
86.5501,-2.99626,-3.01076,1.50359,-3,-3,1.5
86.5601,-2.9962,-3.01076,1.50358,-3,-3,1.5
86.5701,-2.99614,-3.01076,1.5036,-3,-3,1.5
86.5801,-2.99608,-3.01076,1.50364,-3,-3,1.5
86.5901,-2.99602,-3.01076,1.50368,-3,-3,1.5
86.6001,-2.99595,-3.01076,1.50373,-3,-3,1.5
86.6101,-2.99589,-3.01075,1.50378,-3,-3,1.5
86.6201,-2.99582,-3.01075,1.50383,-3,-3,1.5
86.6301,-2.99576,-3.01075,1.5039,-3,-3,1.5
86.6401,-2.9957,-3.01076,1.50397,-3,-3,1.5
86.6501,-2.99564,-3.01076,1.50404,-3,-3,1.5
86.6601,-2.99558,-3.01076,1.50411,-3,-3,1.5
86.6701,-2.99553,-3.01077,1.50418,-3,-3,1.5
86.6801,-2.99547,-3.01077,1.50425,-3,-3,1.5
86.6901,-2.99542,-3.01078,1.50431,-3,-3,1.5
86.7001,-2.99538,-3.01079,1.50438,-3,-3,1.5
86.7101,-2.99533,-3.0108,1.50445,-3,-3,1.5
86.7201,-2.99529,-3.01081,1.5045,-3,-3,1.5
86.7301,-2.99525,-3.01082,1.50453,-3,-3,1.5
86.7401,-2.99522,-3.01084,1.50456,-3,-3,1.5
86.7501,-2.99518,-3.01085,1.50459,-3,-3,1.5
86.7601,-2.99515,-3.01086,1.50461,-3,-3,1.5
86.7701,-2.99513,-3.01088,1.50464,-3,-3,1.5
86.7801,-2.9951,-3.0109,1.50466,-3,-3,1.5
86.7901,-2.99507,-3.01091,1.50467,-3,-3,1.5
86.8001,-2.99505,-3.01093,1.50468,-3,-3,1.5
86.8101,-2.99502,-3.01095,1.50468,-3,-3,1.5
86.8201,-2.995,-3.01096,1.50468,-3,-3,1.5
86.8301,-2.99498,-3.01098,1.50468,-3,-3,1.5
86.8401,-2.99495,-3.011,1.50469,-3,-3,1.5
86.8501,-2.99493,-3.01101,1.50469,-3,-3,1.5
86.8601,-2.9949,-3.01103,1.50469,-3,-3,1.5
86.8701,-2.99488,-3.01104,1.5047,-3,-3,1.5
86.8801,-2.99485,-3.01106,1.5047,-3,-3,1.5
86.8902,-2.99483,-3.01107,1.5047,-3,-3,1.5
86.9002,-2.9948,-3.01109,1.5047,-3,-3,1.5
86.9102,-2.99477,-3.0111,1.5047,-3,-3,1.5
86.9202,-2.99474,-3.01112,1.5047,-3,-3,1.5
86.9302,-2.9947,-3.01113,1.50471,-3,-3,1.5
86.9402,-2.99467,-3.01114,1.50471,-3,-3,1.5
86.9502,-2.99463,-3.01115,1.50471,-3,-3,1.5
86.9602,-2.9946,-3.01116,1.50471,-3,-3,1.5
86.9702,-2.99456,-3.01117,1.50471,-3,-3,1.5
86.9802,-2.99452,-3.01118,1.5047,-3,-3,1.5
86.9902,-2.99448,-3.01119,1.50469,-3,-3,1.5
87.0002,-2.99444,-3.0112,1.50468,-3,-3,1.5
87.0102,-2.99439,-3.01121,1.50467,-3,-3,1.5
87.0202,-2.99435,-3.01122,1.50466,-3,-3,1.5
87.0302,-2.9943,-3.01123,1.50465,-3,-3,1.5
87.0402,-2.99425,-3.01123,1.50464,-3,-3,1.5
87.0502,-2.99419,-3.01124,1.50462,-3,-3,1.5
87.0602,-2.99414,-3.01125,1.50461,-3,-3,1.5
87.0702,-2.99408,-3.01126,1.50459,-3,-3,1.5
87.0802,-2.99401,-3.01126,1.50458,-3,-3,1.5
87.0902,-2.99395,-3.01127,1.50457,-3,-3,1.5
87.1002,-2.99388,-3.01128,1.50456,-3,-3,1.5
87.1102,-2.99381,-3.01129,1.50455,-3,-3,1.5
87.1202,-2.99374,-3.01129,1.50453,-3,-3,1.5
87.1302,-2.99366,-3.0113,1.50452,-3,-3,1.5
87.1402,-2.99358,-3.01131,1.50451,-3,-3,1.5
87.1502,-2.9935,-3.01132,1.5045,-3,-3,1.5
87.1602,-2.99341,-3.01132,1.50449,-3,-3,1.5
87.1702,-2.99332,-3.01133,1.50449,-3,-3,1.5
87.1802,-2.99323,-3.01134,1.50448,-3,-3,1.5
87.1902,-2.99314,-3.01134,1.50447,-3,-3,1.5
87.2002,-2.99305,-3.01135,1.50446,-3,-3,1.5
87.2102,-2.99295,-3.01136,1.50446,-3,-3,1.5
87.2202,-2.99285,-3.01136,1.50446,-3,-3,1.5
87.2302,-2.99275,-3.01137,1.50445,-3,-3,1.5
87.2402,-2.99265,-3.01138,1.50445,-3,-3,1.5
87.2502,-2.99254,-3.01138,1.50445,-3,-3,1.5
87.2602,-2.99243,-3.01139,1.50445,-3,-3,1.5
87.2702,-2.99233,-3.01139,1.50446,-3,-3,1.5
87.2802,-2.99222,-3.0114,1.50446,-3,-3,1.5
87.2902,-2.99211,-3.0114,1.50447,-3,-3,1.5
87.3002,-2.992,-3.01141,1.50448,-3,-3,1.5
87.3102,-2.99189,-3.01141,1.5045,-3,-3,1.5
87.3202,-2.99178,-3.01141,1.50452,-3,-3,1.5
87.3302,-2.99167,-3.01141,1.50455,-3,-3,1.5
87.3402,-2.99156,-3.01142,1.50457,-3,-3,1.5
87.3503,-2.99145,-3.01142,1.50459,-3,-3,1.5
87.3603,-2.99134,-3.01142,1.50462,-3,-3,1.5
87.3703,-2.99123,-3.01142,1.50464,-3,-3,1.5
87.3803,-2.99113,-3.01142,1.50464,-3,-3,1.5
87.3903,-2.99103,-3.01143,1.50464,-3,-3,1.5
87.4003,-2.99093,-3.01144,1.50463,-3,-3,1.5
87.4103,-2.99083,-3.01145,1.50462,-3,-3,1.5
87.4203,-2.99073,-3.01147,1.50459,-3,-3,1.5
87.4303,-2.99063,-3.01149,1.50456,-3,-3,1.5
87.4403,-2.99054,-3.01151,1.50453,-3,-3,1.5
87.4503,-2.99045,-3.01154,1.50449,-3,-3,1.5
87.4603,-2.99036,-3.01157,1.50446,-3,-3,1.5
87.4703,-2.99027,-3.0116,1.50443,-3,-3,1.5
87.4803,-2.99019,-3.01164,1.50439,-3,-3,1.5
87.4903,-2.9901,-3.01168,1.50437,-3,-3,1.5
87.5003,-2.99002,-3.01172,1.50434,-3,-3,1.5
87.5103,-2.98995,-3.01176,1.50432,-3,-3,1.5
87.5203,-2.98987,-3.01181,1.5043,-3,-3,1.5
87.5303,-2.9898,-3.01186,1.50427,-3,-3,1.5
87.5403,-2.98973,-3.01191,1.50425,-3,-3,1.5
87.5503,-2.98966,-3.01197,1.50424,-3,-3,1.5
87.5603,-2.98959,-3.01202,1.50423,-3,-3,1.5
87.5703,-2.98953,-3.01207,1.50421,-3,-3,1.5
87.5803,-2.98947,-3.01213,1.50421,-3,-3,1.5
87.5903,-2.98942,-3.01218,1.5042,-3,-3,1.5
87.6003,-2.98937,-3.01224,1.50419,-3,-3,1.5
87.6103,-2.98932,-3.0123,1.50418,-3,-3,1.5
87.6203,-2.98928,-3.01235,1.50417,-3,-3,1.5
87.6303,-2.98924,-3.01241,1.50416,-3,-3,1.5
87.6403,-2.98921,-3.01247,1.50416,-3,-3,1.5
87.6503,-2.98918,-3.01252,1.50415,-3,-3,1.5
87.6603,-2.98915,-3.01258,1.50415,-3,-3,1.5
87.6703,-2.98913,-3.01264,1.50415,-3,-3,1.5
87.6803,-2.98912,-3.0127,1.50414,-3,-3,1.5
87.6903,-2.98911,-3.01276,1.50414,-3,-3,1.5
87.7003,-2.9891,-3.01282,1.50413,-3,-3,1.5
87.7103,-2.9891,-3.01288,1.50412,-3,-3,1.5
87.7203,-2.9891,-3.01294,1.5041,-3,-3,1.5
87.7303,-2.98911,-3.013,1.50409,-3,-3,1.5
87.7403,-2.98912,-3.01305,1.50408,-3,-3,1.5
87.7503,-2.98913,-3.01311,1.50406,-3,-3,1.5
87.7603,-2.98915,-3.01317,1.50405,-3,-3,1.5
87.7703,-2.98918,-3.01323,1.50404,-3,-3,1.5
87.7803,-2.98921,-3.01329,1.50403,-3,-3,1.5
87.7903,-2.98924,-3.01334,1.50402,-3,-3,1.5
87.8003,-2.98928,-3.0134,1.50402,-3,-3,1.5
87.8103,-2.98931,-3.01345,1.50401,-3,-3,1.5
87.8204,-2.98936,-3.0135,1.50401,-3,-3,1.5
87.8304,-2.9894,-3.01355,1.504,-3,-3,1.5
87.8404,-2.98945,-3.0136,1.50399,-3,-3,1.5
87.8504,-2.9895,-3.01365,1.50398,-3,-3,1.5
87.8604,-2.98955,-3.0137,1.50398,-3,-3,1.5
87.8704,-2.98961,-3.01375,1.50398,-3,-3,1.5
87.8804,-2.98966,-3.0138,1.50397,-3,-3,1.5
87.8904,-2.98972,-3.01384,1.50397,-3,-3,1.5
87.9004,-2.98978,-3.01389,1.50397,-3,-3,1.5
87.9104,-2.98984,-3.01393,1.50397,-3,-3,1.5
87.9204,-2.9899,-3.01398,1.50396,-3,-3,1.5
87.9304,-2.98996,-3.01403,1.50397,-3,-3,1.5
87.9404,-2.99002,-3.01407,1.50398,-3,-3,1.5
87.9504,-2.99008,-3.01412,1.50399,-3,-3,1.5
87.9604,-2.99014,-3.01417,1.50402,-3,-3,1.5
87.9704,-2.99021,-3.01422,1.50403,-3,-3,1.5
87.9804,-2.99027,-3.01427,1.50404,-3,-3,1.5
87.9904,-2.99033,-3.01432,1.50406,-3,-3,1.5
88.0004,-2.9904,-3.01438,1.50409,-3,-3,1.5
88.0104,-2.99046,-3.01443,1.50412,-3,-3,1.5
88.0204,-2.99052,-3.0145,1.50416,-3,-3,1.5
88.0304,-2.99058,-3.01456,1.50421,-3,-3,1.5
88.0404,-2.99064,-3.01463,1.50427,-3,-3,1.5
88.0504,-2.99069,-3.0147,1.50435,-3,-3,1.5
88.0604,-2.99075,-3.01478,1.50444,-3,-3,1.5
88.0704,-2.9908,-3.01485,1.50451,-3,-3,1.5
88.0804,-2.99085,-3.01493,1.50457,-3,-3,1.5
88.0904,-2.9909,-3.01502,1.50464,-3,-3,1.5
88.1004,-2.99094,-3.0151,1.50469,-3,-3,1.5
88.1104,-2.99099,-3.01518,1.50474,-3,-3,1.5
88.1204,-2.99103,-3.01527,1.50479,-3,-3,1.5
88.1304,-2.99107,-3.01536,1.50483,-3,-3,1.5
88.1404,-2.99111,-3.01545,1.50487,-3,-3,1.5
88.1504,-2.99115,-3.01554,1.5049,-3,-3,1.5
88.1604,-2.99119,-3.01563,1.50493,-3,-3,1.5
88.1704,-2.99122,-3.01572,1.50496,-3,-3,1.5
88.1804,-2.99126,-3.01581,1.50498,-3,-3,1.5
88.1904,-2.99129,-3.0159,1.505,-3,-3,1.5
88.2004,-2.99132,-3.01599,1.50501,-3,-3,1.5
88.2104,-2.99135,-3.01608,1.50502,-3,-3,1.5
88.2204,-2.99138,-3.01617,1.50502,-3,-3,1.5
88.2304,-2.99141,-3.01626,1.50502,-3,-3,1.5
88.2404,-2.99143,-3.01634,1.50502,-3,-3,1.5
88.2504,-2.99145,-3.01643,1.50503,-3,-3,1.5
88.2604,-2.99148,-3.01652,1.50503,-3,-3,1.5
88.2704,-2.9915,-3.0166,1.50504,-3,-3,1.5
88.2804,-2.99152,-3.01668,1.50504,-3,-3,1.5
88.2905,-2.99153,-3.01676,1.50505,-3,-3,1.5
88.3005,-2.99155,-3.01684,1.50506,-3,-3,1.5
88.3105,-2.99156,-3.01692,1.50506,-3,-3,1.5
88.3205,-2.99158,-3.01699,1.50507,-3,-3,1.5
88.3305,-2.99159,-3.01706,1.50507,-3,-3,1.5
88.3405,-2.9916,-3.01713,1.50507,-3,-3,1.5
88.3505,-2.99161,-3.0172,1.50507,-3,-3,1.5
88.3605,-2.99162,-3.01727,1.50507,-3,-3,1.5
88.3705,-2.99163,-3.01733,1.50507,-3,-3,1.5
88.3805,-2.99164,-3.01739,1.50507,-3,-3,1.5
88.3905,-2.99165,-3.01745,1.50507,-3,-3,1.5
88.4005,-2.99165,-3.01751,1.50507,-3,-3,1.5
88.4105,-2.99166,-3.01757,1.50506,-3,-3,1.5
88.4205,-2.99166,-3.01762,1.50506,-3,-3,1.5
88.4305,-2.99166,-3.01767,1.50505,-3,-3,1.5
88.4405,-2.99166,-3.01772,1.50504,-3,-3,1.5
88.4505,-2.99167,-3.01777,1.50503,-3,-3,1.5
88.4605,-2.99167,-3.01782,1.50502,-3,-3,1.5
88.4705,-2.99167,-3.01786,1.50502,-3,-3,1.5
88.4805,-2.99167,-3.0179,1.50502,-3,-3,1.5
88.4905,-2.99167,-3.01795,1.50502,-3,-3,1.5
88.5005,-2.99167,-3.01798,1.50502,-3,-3,1.5
88.5105,-2.99167,-3.01802,1.50503,-3,-3,1.5
88.5205,-2.99167,-3.01806,1.50505,-3,-3,1.5
88.5305,-2.99167,-3.0181,1.50506,-3,-3,1.5
88.5405,-2.99167,-3.01813,1.50508,-3,-3,1.5
88.5505,-2.99168,-3.01816,1.50509,-3,-3,1.5
88.5605,-2.99168,-3.0182,1.50509,-3,-3,1.5
88.5705,-2.99169,-3.01823,1.5051,-3,-3,1.5
88.5805,-2.9917,-3.01826,1.50511,-3,-3,1.5
88.5905,-2.9917,-3.01829,1.50512,-3,-3,1.5
88.6005,-2.99172,-3.01832,1.50512,-3,-3,1.5
88.6105,-2.99173,-3.01835,1.5051,-3,-3,1.5
88.6205,-2.99175,-3.01838,1.5051,-3,-3,1.5
88.6305,-2.99177,-3.01841,1.5051,-3,-3,1.5
88.6405,-2.99179,-3.01843,1.50512,-3,-3,1.5
88.6505,-2.99182,-3.01846,1.50515,-3,-3,1.5
88.6605,-2.99184,-3.01848,1.50518,-3,-3,1.5
88.6705,-2.99187,-3.01851,1.50521,-3,-3,1.5
88.6805,-2.9919,-3.01853,1.50524,-3,-3,1.5
88.6905,-2.99194,-3.01855,1.50528,-3,-3,1.5
88.7005,-2.99197,-3.01858,1.50531,-3,-3,1.5
88.7105,-2.99201,-3.0186,1.50534,-3,-3,1.5
88.7205,-2.99204,-3.01862,1.50537,-3,-3,1.5
88.7305,-2.99207,-3.01865,1.5054,-3,-3,1.5
88.7405,-2.99211,-3.01867,1.50543,-3,-3,1.5
88.7505,-2.99214,-3.01869,1.50545,-3,-3,1.5
88.7606,-2.99217,-3.01872,1.50547,-3,-3,1.5
88.7706,-2.99221,-3.01874,1.50549,-3,-3,1.5
88.7806,-2.99223,-3.01876,1.5055,-3,-3,1.5
88.7906,-2.99226,-3.01878,1.50551,-3,-3,1.5
88.8006,-2.99229,-3.0188,1.50552,-3,-3,1.5
88.8106,-2.99232,-3.01882,1.50552,-3,-3,1.5
88.8206,-2.99234,-3.01884,1.50552,-3,-3,1.5
88.8306,-2.99236,-3.01886,1.50552,-3,-3,1.5
88.8406,-2.99238,-3.01888,1.50552,-3,-3,1.5
88.8506,-2.9924,-3.0189,1.50552,-3,-3,1.5
88.8606,-2.99242,-3.01892,1.50551,-3,-3,1.5
88.8706,-2.99244,-3.01894,1.50551,-3,-3,1.5
88.8806,-2.99245,-3.01896,1.5055,-3,-3,1.5
88.8906,-2.99247,-3.01897,1.50549,-3,-3,1.5
88.9006,-2.99248,-3.01899,1.50548,-3,-3,1.5
88.9106,-2.99249,-3.019,1.50547,-3,-3,1.5
88.9206,-2.9925,-3.01901,1.50546,-3,-3,1.5
88.9306,-2.99251,-3.01903,1.50545,-3,-3,1.5
88.9406,-2.99252,-3.01904,1.50544,-3,-3,1.5
88.9506,-2.99252,-3.01905,1.50544,-3,-3,1.5
88.9606,-2.99253,-3.01906,1.50544,-3,-3,1.5
88.9706,-2.99254,-3.01907,1.50544,-3,-3,1.5
88.9806,-2.99255,-3.01907,1.50544,-3,-3,1.5
88.9906,-2.99255,-3.01908,1.50544,-3,-3,1.5
89.0006,-2.99256,-3.01909,1.50544,-3,-3,1.5
89.0106,-2.99257,-3.01909,1.50544,-3,-3,1.5
89.0206,-2.99258,-3.01909,1.50544,-3,-3,1.5
89.0306,-2.9926,-3.0191,1.50544,-3,-3,1.5
89.0406,-2.99261,-3.0191,1.50545,-3,-3,1.5
89.0506,-2.99263,-3.0191,1.50545,-3,-3,1.5
89.0606,-2.99265,-3.0191,1.50545,-3,-3,1.5
89.0706,-2.99267,-3.0191,1.50544,-3,-3,1.5
89.0806,-2.9927,-3.0191,1.50544,-3,-3,1.5
89.0906,-2.99273,-3.01909,1.50544,-3,-3,1.5
89.1006,-2.99276,-3.01909,1.50544,-3,-3,1.5
89.1106,-2.99279,-3.01909,1.50544,-3,-3,1.5
89.1206,-2.99283,-3.01909,1.50543,-3,-3,1.5
89.1306,-2.99287,-3.01908,1.50542,-3,-3,1.5
89.1406,-2.99292,-3.01908,1.50542,-3,-3,1.5
89.1506,-2.99296,-3.01908,1.50541,-3,-3,1.5
89.1606,-2.99301,-3.01907,1.5054,-3,-3,1.5
89.1706,-2.99307,-3.01907,1.5054,-3,-3,1.5
89.1806,-2.99312,-3.01907,1.50539,-3,-3,1.5
89.1906,-2.99318,-3.01907,1.50538,-3,-3,1.5
89.2006,-2.99325,-3.01907,1.50537,-3,-3,1.5
89.2106,-2.99331,-3.01907,1.50536,-3,-3,1.5
89.2206,-2.99338,-3.01908,1.50534,-3,-3,1.5
89.2307,-2.99344,-3.01908,1.50531,-3,-3,1.5
89.2407,-2.99351,-3.01908,1.50528,-3,-3,1.5
89.2507,-2.99358,-3.01908,1.50525,-3,-3,1.5
89.2607,-2.99366,-3.01909,1.50522,-3,-3,1.5
89.2707,-2.99373,-3.01909,1.5052,-3,-3,1.5
89.2807,-2.99381,-3.01909,1.50517,-3,-3,1.5
89.2907,-2.99388,-3.0191,1.50515,-3,-3,1.5
89.3007,-2.99396,-3.0191,1.50512,-3,-3,1.5
89.3107,-2.99404,-3.0191,1.50511,-3,-3,1.5
89.3207,-2.99412,-3.01911,1.5051,-3,-3,1.5
89.3307,-2.9942,-3.01911,1.50509,-3,-3,1.5
89.3407,-2.99428,-3.01912,1.50509,-3,-3,1.5
89.3507,-2.99435,-3.01912,1.50508,-3,-3,1.5
89.3607,-2.99443,-3.01913,1.50508,-3,-3,1.5
89.3707,-2.99451,-3.01914,1.50507,-3,-3,1.5
89.3807,-2.99459,-3.01915,1.50506,-3,-3,1.5
89.3907,-2.99467,-3.01915,1.50505,-3,-3,1.5
89.4007,-2.99474,-3.01916,1.50503,-3,-3,1.5
89.4107,-2.99482,-3.01917,1.50502,-3,-3,1.5
89.4207,-2.9949,-3.01918,1.505,-3,-3,1.5
89.4307,-2.99497,-3.01919,1.50499,-3,-3,1.5
89.4407,-2.99505,-3.0192,1.50497,-3,-3,1.5
89.4507,-2.99512,-3.01921,1.50495,-3,-3,1.5
89.4607,-2.99519,-3.01922,1.50493,-3,-3,1.5
89.4707,-2.99526,-3.01923,1.5049,-3,-3,1.5
89.4807,-2.99533,-3.01923,1.50488,-3,-3,1.5
89.4907,-2.9954,-3.01924,1.50486,-3,-3,1.5
89.5007,-2.99548,-3.01925,1.50484,-3,-3,1.5
89.5107,-2.99554,-3.01925,1.50482,-3,-3,1.5
89.5207,-2.99561,-3.01926,1.50481,-3,-3,1.5
89.5307,-2.99568,-3.01926,1.5048,-3,-3,1.5
89.5407,-2.99575,-3.01927,1.50478,-3,-3,1.5
89.5507,-2.99582,-3.01927,1.50477,-3,-3,1.5
89.5607,-2.99589,-3.01927,1.50476,-3,-3,1.5
89.5707,-2.99595,-3.01927,1.50475,-3,-3,1.5
89.5807,-2.99602,-3.01927,1.50475,-3,-3,1.5
89.5907,-2.99609,-3.01927,1.50474,-3,-3,1.5
89.6007,-2.99615,-3.01927,1.50474,-3,-3,1.5
89.6107,-2.99622,-3.01927,1.50474,-3,-3,1.5
89.6207,-2.99628,-3.01927,1.50475,-3,-3,1.5
89.6307,-2.99635,-3.01926,1.50477,-3,-3,1.5
89.6407,-2.99641,-3.01926,1.50479,-3,-3,1.5
89.6507,-2.99647,-3.01925,1.50481,-3,-3,1.5
89.6607,-2.99654,-3.01925,1.50483,-3,-3,1.5
89.6707,-2.9966,-3.01924,1.50486,-3,-3,1.5
89.6807,-2.99666,-3.01924,1.50488,-3,-3,1.5
89.6908,-2.99672,-3.01923,1.50489,-3,-3,1.5
89.7008,-2.99678,-3.01923,1.50489,-3,-3,1.5
89.7108,-2.99684,-3.01922,1.50488,-3,-3,1.5
89.7208,-2.9969,-3.01922,1.50487,-3,-3,1.5
89.7308,-2.99696,-3.01922,1.50485,-3,-3,1.5
89.7408,-2.99702,-3.01921,1.50483,-3,-3,1.5
89.7508,-2.99707,-3.01921,1.50481,-3,-3,1.5
89.7608,-2.99713,-3.0192,1.50478,-3,-3,1.5
89.7708,-2.99719,-3.0192,1.50476,-3,-3,1.5
89.7808,-2.99724,-3.01919,1.50475,-3,-3,1.5
89.7908,-2.9973,-3.01919,1.50473,-3,-3,1.5
89.8008,-2.99735,-3.01918,1.5047,-3,-3,1.5
89.8108,-2.99741,-3.01918,1.50468,-3,-3,1.5
89.8208,-2.99747,-3.01917,1.50466,-3,-3,1.5
89.8308,-2.99752,-3.01916,1.50463,-3,-3,1.5
89.8408,-2.99758,-3.01915,1.50461,-3,-3,1.5
89.8508,-2.99763,-3.01914,1.5046,-3,-3,1.5
89.8608,-2.99769,-3.01913,1.50458,-3,-3,1.5
89.8708,-2.99775,-3.01912,1.50457,-3,-3,1.5
89.8808,-2.9978,-3.01911,1.50456,-3,-3,1.5
89.8908,-2.99786,-3.0191,1.50456,-3,-3,1.5
89.9008,-2.99791,-3.01909,1.50455,-3,-3,1.5
89.9108,-2.99797,-3.01907,1.50454,-3,-3,1.5
89.9208,-2.99803,-3.01906,1.50454,-3,-3,1.5
89.9308,-2.99808,-3.01905,1.50453,-3,-3,1.5
89.9408,-2.99814,-3.01903,1.50452,-3,-3,1.5
89.9508,-2.99819,-3.01902,1.50451,-3,-3,1.5
89.9608,-2.99825,-3.019,1.5045,-3,-3,1.5
89.9708,-2.9983,-3.01899,1.50449,-3,-3,1.5
89.9808,-2.99835,-3.01897,1.50448,-3,-3,1.5
89.9908,-2.99841,-3.01896,1.50448,-3,-3,1.5
90.0008,-2.99846,-3.01894,1.50448,-3,-3,1.5
90.0108,-2.99851,-3.01892,1.50448,-3,-3,1.5
90.0208,-2.99856,-3.01891,1.50448,-3,-3,1.5
90.0308,-2.99861,-3.01889,1.50448,-3,-3,1.5
90.0408,-2.99866,-3.01887,1.50448,-3,-3,1.5
90.0508,-2.99871,-3.01885,1.50447,-3,-3,1.5
90.0608,-2.99876,-3.01883,1.50445,-3,-3,1.5
90.0708,-2.99881,-3.01881,1.50443,-3,-3,1.5
90.0808,-2.99885,-3.01878,1.50441,-3,-3,1.5
90.0908,-2.9989,-3.01876,1.50439,-3,-3,1.5
90.1008,-2.99895,-3.01874,1.50436,-3,-3,1.5
90.1108,-2.99899,-3.01872,1.50434,-3,-3,1.5
90.1208,-2.99904,-3.0187,1.50432,-3,-3,1.5
90.1308,-2.99908,-3.01868,1.5043,-3,-3,1.5
90.1408,-2.99912,-3.01865,1.50429,-3,-3,1.5
90.1508,-2.99917,-3.01863,1.50427,-3,-3,1.5
90.1609,-2.99921,-3.01861,1.50425,-3,-3,1.5
90.1709,-2.99926,-3.01859,1.50423,-3,-3,1.5
90.1809,-2.9993,-3.01856,1.50421,-3,-3,1.5
90.1909,-2.99934,-3.01854,1.50419,-3,-3,1.5
90.2009,-2.99939,-3.01852,1.50417,-3,-3,1.5
90.2109,-2.99943,-3.0185,1.50416,-3,-3,1.5
90.2209,-2.99948,-3.01847,1.50414,-3,-3,1.5
90.2309,-2.99952,-3.01845,1.50412,-3,-3,1.5
90.2409,-2.99957,-3.01843,1.50409,-3,-3,1.5
90.2509,-2.99962,-3.0184,1.50407,-3,-3,1.5
90.2609,-2.99966,-3.01838,1.50406,-3,-3,1.5
90.2709,-2.99971,-3.01835,1.50404,-3,-3,1.5
90.2809,-2.99976,-3.01832,1.50402,-3,-3,1.5
90.2909,-2.99981,-3.0183,1.504,-3,-3,1.5
90.3009,-2.99985,-3.01827,1.50398,-3,-3,1.5
90.3109,-2.9999,-3.01824,1.50396,-3,-3,1.5
90.3209,-2.99995,-3.01821,1.50395,-3,-3,1.5
90.3309,-2.99999,-3.01819,1.50393,-3,-3,1.5
90.3409,-3.00004,-3.01816,1.50391,-3,-3,1.5
90.3509,-3.00008,-3.01813,1.5039,-3,-3,1.5
90.3609,-3.00012,-3.0181,1.50388,-3,-3,1.5
90.3709,-3.00017,-3.01807,1.50386,-3,-3,1.5
90.3809,-3.00021,-3.01804,1.50385,-3,-3,1.5
90.3909,-3.00025,-3.01801,1.50383,-3,-3,1.5
90.4009,-3.00029,-3.01798,1.50382,-3,-3,1.5
90.4109,-3.00033,-3.01795,1.5038,-3,-3,1.5
90.4209,-3.00036,-3.01791,1.50379,-3,-3,1.5
90.4309,-3.0004,-3.01788,1.50377,-3,-3,1.5
90.4409,-3.00043,-3.01785,1.50375,-3,-3,1.5
90.4509,-3.00046,-3.01782,1.50374,-3,-3,1.5
90.4609,-3.00049,-3.01779,1.50372,-3,-3,1.5
90.4709,-3.00052,-3.01776,1.50371,-3,-3,1.5
90.4809,-3.00054,-3.01773,1.5037,-3,-3,1.5
90.4909,-3.00056,-3.01769,1.50368,-3,-3,1.5
90.5009,-3.00058,-3.01766,1.50366,-3,-3,1.5
90.5109,-3.0006,-3.01763,1.50365,-3,-3,1.5
90.5209,-3.00062,-3.0176,1.50364,-3,-3,1.5
90.5309,-3.00063,-3.01757,1.50363,-3,-3,1.5
90.5409,-3.00064,-3.01753,1.5036,-3,-3,1.5
90.5509,-3.00065,-3.0175,1.50358,-3,-3,1.5
90.5609,-3.00066,-3.01747,1.50356,-3,-3,1.5
90.5709,-3.00066,-3.01743,1.50354,-3,-3,1.5
90.5809,-3.00066,-3.0174,1.50352,-3,-3,1.5
90.5909,-3.00067,-3.01737,1.5035,-3,-3,1.5
90.6009,-3.00067,-3.01733,1.50348,-3,-3,1.5
90.6109,-3.00067,-3.0173,1.50345,-3,-3,1.5
90.6209,-3.00067,-3.01727,1.50343,-3,-3,1.5
90.631,-3.00067,-3.01723,1.50341,-3,-3,1.5
90.641,-3.00066,-3.0172,1.50338,-3,-3,1.5
90.651,-3.00066,-3.01717,1.50336,-3,-3,1.5
90.661,-3.00066,-3.01713,1.50333,-3,-3,1.5
90.671,-3.00066,-3.0171,1.50331,-3,-3,1.5
90.681,-3.00066,-3.01706,1.50329,-3,-3,1.5
90.691,-3.00066,-3.01703,1.50327,-3,-3,1.5
90.701,-3.00066,-3.01699,1.50325,-3,-3,1.5
90.711,-3.00067,-3.01696,1.50323,-3,-3,1.5
90.721,-3.00067,-3.01692,1.50321,-3,-3,1.5
90.731,-3.00068,-3.01689,1.50319,-3,-3,1.5
90.741,-3.00069,-3.01685,1.50319,-3,-3,1.5
90.751,-3.0007,-3.01681,1.5032,-3,-3,1.5
90.761,-3.00071,-3.01678,1.50323,-3,-3,1.5
90.771,-3.00072,-3.01674,1.50328,-3,-3,1.5
90.781,-3.00073,-3.0167,1.50331,-3,-3,1.5
90.791,-3.00074,-3.01667,1.50331,-3,-3,1.5
90.801,-3.00076,-3.01663,1.5033,-3,-3,1.5
90.811,-3.00077,-3.0166,1.50327,-3,-3,1.5
90.821,-3.00078,-3.01657,1.50325,-3,-3,1.5
90.831,-3.0008,-3.01653,1.50323,-3,-3,1.5
90.841,-3.00082,-3.0165,1.50321,-3,-3,1.5
90.851,-3.00083,-3.01646,1.5032,-3,-3,1.5
90.861,-3.00085,-3.01643,1.50318,-3,-3,1.5
90.871,-3.00087,-3.01639,1.50317,-3,-3,1.5
90.881,-3.00089,-3.01636,1.50315,-3,-3,1.5
90.891,-3.00091,-3.01633,1.50314,-3,-3,1.5
90.901,-3.00093,-3.01629,1.50312,-3,-3,1.5
90.911,-3.00095,-3.01626,1.50311,-3,-3,1.5
90.921,-3.00097,-3.01622,1.50309,-3,-3,1.5
90.931,-3.00099,-3.01619,1.50308,-3,-3,1.5
90.941,-3.00101,-3.01615,1.50306,-3,-3,1.5
90.951,-3.00103,-3.01612,1.50304,-3,-3,1.5
90.961,-3.00106,-3.01608,1.50303,-3,-3,1.5
90.971,-3.00108,-3.01604,1.50302,-3,-3,1.5
90.981,-3.0011,-3.01601,1.50301,-3,-3,1.5
90.991,-3.00112,-3.01597,1.503,-3,-3,1.5
91.001,-3.00114,-3.01593,1.50299,-3,-3,1.5
91.011,-3.00116,-3.0159,1.50298,-3,-3,1.5
91.021,-3.00118,-3.01586,1.50296,-3,-3,1.5
91.031,-3.0012,-3.01582,1.50294,-3,-3,1.5
91.041,-3.00121,-3.01579,1.50292,-3,-3,1.5
91.051,-3.00123,-3.01575,1.50289,-3,-3,1.5
91.061,-3.00125,-3.01571,1.50287,-3,-3,1.5
91.071,-3.00126,-3.01567,1.50286,-3,-3,1.5
91.081,-3.00128,-3.01563,1.50286,-3,-3,1.5
91.091,-3.00129,-3.0156,1.50285,-3,-3,1.5
91.1011,-3.0013,-3.01556,1.50284,-3,-3,1.5
91.1111,-3.00132,-3.01552,1.50283,-3,-3,1.5
91.1211,-3.00133,-3.01548,1.50282,-3,-3,1.5
91.1311,-3.00134,-3.01544,1.5028,-3,-3,1.5
91.1411,-3.00136,-3.0154,1.50279,-3,-3,1.5
91.1511,-3.00137,-3.01536,1.50278,-3,-3,1.5
91.1611,-3.00138,-3.01532,1.50276,-3,-3,1.5
91.1711,-3.0014,-3.01528,1.50275,-3,-3,1.5
91.1811,-3.00141,-3.01524,1.50273,-3,-3,1.5
91.1911,-3.00143,-3.0152,1.50272,-3,-3,1.5
91.2011,-3.00144,-3.01516,1.50271,-3,-3,1.5
91.2111,-3.00146,-3.01512,1.5027,-3,-3,1.5
91.2211,-3.00148,-3.01508,1.50269,-3,-3,1.5
91.2311,-3.00149,-3.01503,1.50268,-3,-3,1.5
91.2411,-3.00151,-3.01499,1.50266,-3,-3,1.5
91.2511,-3.00154,-3.01495,1.50264,-3,-3,1.5
91.2611,-3.00156,-3.0149,1.50261,-3,-3,1.5
91.2711,-3.00158,-3.01486,1.50259,-3,-3,1.5
91.2811,-3.00161,-3.01481,1.50256,-3,-3,1.5
91.2911,-3.00163,-3.01476,1.50253,-3,-3,1.5
91.3011,-3.00166,-3.01472,1.50247,-3,-3,1.5
91.3111,-3.00168,-3.01467,1.50243,-3,-3,1.5
91.3211,-3.00171,-3.01462,1.5024,-3,-3,1.5
91.3311,-3.00174,-3.01457,1.50238,-3,-3,1.5
91.3411,-3.00177,-3.01452,1.50233,-3,-3,1.5
91.3511,-3.0018,-3.01447,1.50228,-3,-3,1.5
91.3611,-3.00183,-3.01442,1.50223,-3,-3,1.5
91.3711,-3.00186,-3.01437,1.50217,-3,-3,1.5
91.3811,-3.00189,-3.01431,1.50212,-3,-3,1.5
91.3911,-3.00192,-3.01426,1.50209,-3,-3,1.5
91.4011,-3.00195,-3.0142,1.50206,-3,-3,1.5
91.4111,-3.00198,-3.01414,1.50205,-3,-3,1.5
91.4211,-3.00202,-3.01409,1.50203,-3,-3,1.5
91.4311,-3.00205,-3.01403,1.50201,-3,-3,1.5
91.4411,-3.00208,-3.01397,1.50199,-3,-3,1.5
91.4511,-3.00212,-3.01391,1.50201,-3,-3,1.5
91.4611,-3.00215,-3.01386,1.50206,-3,-3,1.5
91.4711,-3.00219,-3.0138,1.50209,-3,-3,1.5
91.4811,-3.00222,-3.01375,1.50213,-3,-3,1.5
91.4911,-3.00226,-3.01369,1.50215,-3,-3,1.5
91.5011,-3.0023,-3.01364,1.50218,-3,-3,1.5
91.5111,-3.00235,-3.01359,1.50219,-3,-3,1.5
91.5211,-3.00239,-3.01354,1.50216,-3,-3,1.5
91.5311,-3.00244,-3.01349,1.50213,-3,-3,1.5
91.5411,-3.00248,-3.01344,1.5021,-3,-3,1.5
91.5511,-3.00253,-3.0134,1.50208,-3,-3,1.5
91.5611,-3.00258,-3.01335,1.50205,-3,-3,1.5
91.5712,-3.00263,-3.0133,1.50204,-3,-3,1.5
91.5812,-3.00268,-3.01326,1.50203,-3,-3,1.5
91.5912,-3.00274,-3.01322,1.50201,-3,-3,1.5
91.6012,-3.00279,-3.01317,1.502,-3,-3,1.5
91.6112,-3.00284,-3.01313,1.50199,-3,-3,1.5
91.6212,-3.0029,-3.01308,1.50198,-3,-3,1.5
91.6312,-3.00295,-3.01304,1.50196,-3,-3,1.5
91.6412,-3.003,-3.013,1.50195,-3,-3,1.5
91.6512,-3.00305,-3.01296,1.50193,-3,-3,1.5
91.6612,-3.0031,-3.01291,1.50191,-3,-3,1.5
91.6712,-3.00315,-3.01287,1.50193,-3,-3,1.5
91.6812,-3.0032,-3.01283,1.50195,-3,-3,1.5
91.6912,-3.00324,-3.01279,1.50197,-3,-3,1.5
91.7012,-3.00329,-3.01275,1.50198,-3,-3,1.5
91.7112,-3.00333,-3.01271,1.50202,-3,-3,1.5
91.7212,-3.00338,-3.01267,1.50208,-3,-3,1.5
91.7312,-3.00342,-3.01263,1.50213,-3,-3,1.5
91.7412,-3.00347,-3.01259,1.50216,-3,-3,1.5
91.7512,-3.00351,-3.01256,1.50217,-3,-3,1.5
91.7612,-3.00356,-3.01252,1.50218,-3,-3,1.5
91.7712,-3.0036,-3.01249,1.50218,-3,-3,1.5
91.7812,-3.00364,-3.01245,1.50218,-3,-3,1.5
91.7912,-3.00369,-3.01242,1.50217,-3,-3,1.5
91.8012,-3.00373,-3.01239,1.50218,-3,-3,1.5
91.8112,-3.00376,-3.01235,1.5022,-3,-3,1.5
91.8212,-3.0038,-3.01232,1.50223,-3,-3,1.5
91.8312,-3.00384,-3.01229,1.50225,-3,-3,1.5
91.8412,-3.00387,-3.01226,1.50228,-3,-3,1.5
91.8512,-3.00391,-3.01223,1.50228,-3,-3,1.5
91.8612,-3.00394,-3.0122,1.50227,-3,-3,1.5
91.8712,-3.00398,-3.01217,1.50226,-3,-3,1.5
91.8812,-3.00401,-3.01214,1.50225,-3,-3,1.5
91.8912,-3.00405,-3.01211,1.50224,-3,-3,1.5
91.9012,-3.00408,-3.01208,1.50222,-3,-3,1.5
91.9112,-3.00412,-3.01206,1.50225,-3,-3,1.5
91.9212,-3.00416,-3.01203,1.50229,-3,-3,1.5
91.9312,-3.00419,-3.01201,1.50233,-3,-3,1.5
91.9412,-3.00423,-3.01198,1.50237,-3,-3,1.5
91.9512,-3.00427,-3.01196,1.50239,-3,-3,1.5
91.9612,-3.00431,-3.01194,1.50242,-3,-3,1.5
91.9712,-3.00436,-3.01192,1.50244,-3,-3,1.5
91.9812,-3.0044,-3.0119,1.50245,-3,-3,1.5
91.9912,-3.00445,-3.01189,1.50247,-3,-3,1.5
92.0012,-3.0045,-3.01187,1.50248,-3,-3,1.5
92.0112,-3.00455,-3.01186,1.5025,-3,-3,1.5
92.0212,-3.0046,-3.01185,1.50252,-3,-3,1.5
92.0312,-3.00466,-3.01184,1.50254,-3,-3,1.5
92.0413,-3.00471,-3.01183,1.50255,-3,-3,1.5
92.0513,-3.00477,-3.01182,1.50257,-3,-3,1.5
92.0613,-3.00483,-3.01182,1.50258,-3,-3,1.5
92.0713,-3.00489,-3.01181,1.5026,-3,-3,1.5
92.0813,-3.00495,-3.01181,1.50261,-3,-3,1.5
92.0913,-3.00502,-3.01181,1.50263,-3,-3,1.5
92.1013,-3.00508,-3.01182,1.50264,-3,-3,1.5
92.1113,-3.00515,-3.01182,1.50265,-3,-3,1.5
92.1213,-3.00522,-3.01183,1.50267,-3,-3,1.5
92.1313,-3.00529,-3.01184,1.5027,-3,-3,1.5
92.1413,-3.00536,-3.01186,1.50276,-3,-3,1.5
92.1513,-3.00543,-3.01188,1.5028,-3,-3,1.5
92.1613,-3.00551,-3.01189,1.50283,-3,-3,1.5
92.1713,-3.00558,-3.01192,1.50285,-3,-3,1.5
92.1813,-3.00565,-3.01194,1.50287,-3,-3,1.5
92.1913,-3.00572,-3.01197,1.5029,-3,-3,1.5
92.2013,-3.00579,-3.01199,1.50294,-3,-3,1.5
92.2113,-3.00586,-3.01202,1.50297,-3,-3,1.5
92.2213,-3.00593,-3.01206,1.50298,-3,-3,1.5
92.2313,-3.00599,-3.01209,1.50299,-3,-3,1.5
92.2413,-3.00606,-3.01212,1.50299,-3,-3,1.5
92.2513,-3.00612,-3.01216,1.50301,-3,-3,1.5
92.2613,-3.00619,-3.01219,1.50302,-3,-3,1.5
92.2713,-3.00625,-3.01223,1.50303,-3,-3,1.5
92.2813,-3.00632,-3.01226,1.50303,-3,-3,1.5
92.2913,-3.00638,-3.0123,1.50303,-3,-3,1.5
92.3013,-3.00644,-3.01234,1.50303,-3,-3,1.5
92.3113,-3.00651,-3.01237,1.50303,-3,-3,1.5
92.3213,-3.00657,-3.01241,1.50303,-3,-3,1.5
92.3313,-3.00663,-3.01244,1.50302,-3,-3,1.5
92.3413,-3.0067,-3.01248,1.50301,-3,-3,1.5
92.3513,-3.00676,-3.01251,1.50299,-3,-3,1.5
92.3613,-3.00682,-3.01255,1.50297,-3,-3,1.5
92.3713,-3.00688,-3.01258,1.50295,-3,-3,1.5
92.3813,-3.00694,-3.01261,1.50294,-3,-3,1.5
92.3913,-3.007,-3.01264,1.50292,-3,-3,1.5
92.4013,-3.00705,-3.01268,1.50291,-3,-3,1.5
92.4113,-3.00711,-3.01271,1.5029,-3,-3,1.5
92.4213,-3.00717,-3.01274,1.50289,-3,-3,1.5
92.4313,-3.00722,-3.01276,1.50288,-3,-3,1.5
92.4413,-3.00727,-3.01279,1.50287,-3,-3,1.5
92.4513,-3.00733,-3.01282,1.50286,-3,-3,1.5
92.4613,-3.00738,-3.01284,1.50285,-3,-3,1.5
92.4713,-3.00743,-3.01287,1.50284,-3,-3,1.5
92.4813,-3.00747,-3.01289,1.50284,-3,-3,1.5
92.4913,-3.00752,-3.01292,1.50283,-3,-3,1.5
92.5014,-3.00756,-3.01294,1.50282,-3,-3,1.5
92.5114,-3.00761,-3.01296,1.50281,-3,-3,1.5
92.5214,-3.00765,-3.01298,1.5028,-3,-3,1.5
92.5314,-3.00769,-3.013,1.50279,-3,-3,1.5
92.5414,-3.00772,-3.01301,1.50278,-3,-3,1.5
92.5514,-3.00776,-3.01303,1.50277,-3,-3,1.5
92.5614,-3.00779,-3.01305,1.50277,-3,-3,1.5
92.5714,-3.00782,-3.01306,1.50276,-3,-3,1.5
92.5814,-3.00785,-3.01307,1.50276,-3,-3,1.5
92.5914,-3.00787,-3.01309,1.50275,-3,-3,1.5
92.6014,-3.00789,-3.0131,1.50275,-3,-3,1.5
92.6114,-3.00791,-3.01311,1.50274,-3,-3,1.5
92.6214,-3.00793,-3.01312,1.50274,-3,-3,1.5
92.6314,-3.00795,-3.01313,1.50274,-3,-3,1.5
92.6414,-3.00796,-3.01314,1.50274,-3,-3,1.5
92.6514,-3.00797,-3.01315,1.50274,-3,-3,1.5
92.6614,-3.00798,-3.01316,1.50274,-3,-3,1.5
92.6714,-3.00798,-3.01317,1.50273,-3,-3,1.5
92.6814,-3.00799,-3.01317,1.50273,-3,-3,1.5
92.6914,-3.00799,-3.01318,1.50273,-3,-3,1.5
92.7014,-3.00799,-3.01319,1.50273,-3,-3,1.5
92.7114,-3.00798,-3.01319,1.50273,-3,-3,1.5
92.7214,-3.00798,-3.0132,1.50272,-3,-3,1.5
92.7314,-3.00797,-3.0132,1.50272,-3,-3,1.5
92.7414,-3.00796,-3.0132,1.50272,-3,-3,1.5
92.7514,-3.00795,-3.01321,1.50273,-3,-3,1.5
92.7614,-3.00794,-3.01321,1.50274,-3,-3,1.5
92.7714,-3.00793,-3.01321,1.50274,-3,-3,1.5
92.7814,-3.00792,-3.01321,1.50274,-3,-3,1.5
92.7914,-3.0079,-3.01321,1.50275,-3,-3,1.5
92.8014,-3.00789,-3.01322,1.50277,-3,-3,1.5
92.8114,-3.00787,-3.01322,1.50279,-3,-3,1.5
92.8214,-3.00786,-3.01322,1.5028,-3,-3,1.5
92.8314,-3.00784,-3.01322,1.50282,-3,-3,1.5
92.8414,-3.00783,-3.01323,1.50285,-3,-3,1.5
92.8514,-3.00781,-3.01323,1.50287,-3,-3,1.5
92.8614,-3.0078,-3.01323,1.50289,-3,-3,1.5
92.8714,-3.00778,-3.01324,1.50291,-3,-3,1.5
92.8814,-3.00777,-3.01325,1.50293,-3,-3,1.5
92.8914,-3.00776,-3.01325,1.50295,-3,-3,1.5
92.9014,-3.00774,-3.01326,1.50297,-3,-3,1.5
92.9114,-3.00773,-3.01327,1.50299,-3,-3,1.5
92.9214,-3.00772,-3.01328,1.503,-3,-3,1.5
92.9314,-3.00772,-3.01329,1.50302,-3,-3,1.5
92.9414,-3.00771,-3.0133,1.50303,-3,-3,1.5
92.9514,-3.0077,-3.01331,1.50303,-3,-3,1.5
92.9614,-3.0077,-3.01332,1.50303,-3,-3,1.5
92.9715,-3.0077,-3.01333,1.50303,-3,-3,1.5
92.9815,-3.0077,-3.01334,1.50303,-3,-3,1.5
92.9915,-3.00771,-3.01335,1.50303,-3,-3,1.5
93.0015,-3.00771,-3.01336,1.50303,-3,-3,1.5
93.0115,-3.00772,-3.01337,1.50302,-3,-3,1.5
93.0215,-3.00773,-3.01338,1.50302,-3,-3,1.5
93.0315,-3.00774,-3.01339,1.50302,-3,-3,1.5
93.0415,-3.00776,-3.0134,1.50302,-3,-3,1.5
93.0515,-3.00778,-3.01341,1.50302,-3,-3,1.5
93.0615,-3.0078,-3.01342,1.50302,-3,-3,1.5
93.0715,-3.00782,-3.01343,1.50302,-3,-3,1.5
93.0815,-3.00784,-3.01344,1.50302,-3,-3,1.5
93.0915,-3.00787,-3.01345,1.50303,-3,-3,1.5
93.1015,-3.00789,-3.01346,1.50303,-3,-3,1.5
93.1115,-3.00792,-3.01347,1.50304,-3,-3,1.5
93.1215,-3.00795,-3.01347,1.50305,-3,-3,1.5
93.1315,-3.00798,-3.01348,1.50305,-3,-3,1.5
93.1415,-3.00801,-3.01349,1.50304,-3,-3,1.5
93.1515,-3.00803,-3.0135,1.50303,-3,-3,1.5
93.1615,-3.00805,-3.0135,1.50304,-3,-3,1.5
93.1715,-3.00808,-3.01351,1.50307,-3,-3,1.5
93.1815,-3.0081,-3.01351,1.50308,-3,-3,1.5
93.1915,-3.00812,-3.01352,1.50308,-3,-3,1.5
93.2015,-3.00814,-3.01352,1.50308,-3,-3,1.5
93.2115,-3.00815,-3.01353,1.50309,-3,-3,1.5
93.2215,-3.00817,-3.01353,1.5031,-3,-3,1.5
93.2315,-3.00819,-3.01354,1.5031,-3,-3,1.5
93.2415,-3.00821,-3.01354,1.5031,-3,-3,1.5
93.2515,-3.00823,-3.01355,1.50311,-3,-3,1.5
93.2615,-3.00826,-3.01355,1.50313,-3,-3,1.5
93.2715,-3.00828,-3.01356,1.50316,-3,-3,1.5
93.2815,-3.00831,-3.01356,1.50319,-3,-3,1.5
93.2915,-3.00833,-3.01357,1.50323,-3,-3,1.5
93.3015,-3.00836,-3.01357,1.50326,-3,-3,1.5
93.3115,-3.00839,-3.01358,1.50328,-3,-3,1.5
93.3215,-3.00842,-3.01359,1.50331,-3,-3,1.5
93.3315,-3.00844,-3.0136,1.50333,-3,-3,1.5
93.3415,-3.00847,-3.01361,1.50335,-3,-3,1.5
93.3515,-3.0085,-3.01362,1.50337,-3,-3,1.5
93.3615,-3.00853,-3.01363,1.50339,-3,-3,1.5
93.3715,-3.00855,-3.01364,1.50341,-3,-3,1.5
93.3815,-3.00857,-3.01366,1.50342,-3,-3,1.5
93.3915,-3.00859,-3.01367,1.50342,-3,-3,1.5
93.4015,-3.00861,-3.01368,1.50342,-3,-3,1.5
93.4115,-3.00863,-3.0137,1.50343,-3,-3,1.5
93.4215,-3.00864,-3.01371,1.50346,-3,-3,1.5
93.4315,-3.00865,-3.01372,1.50349,-3,-3,1.5
93.4416,-3.00866,-3.01374,1.50352,-3,-3,1.5
93.4516,-3.00866,-3.01375,1.50354,-3,-3,1.5
93.4616,-3.00867,-3.01376,1.50357,-3,-3,1.5
93.4716,-3.00868,-3.01378,1.50359,-3,-3,1.5
93.4816,-3.00868,-3.01379,1.5036,-3,-3,1.5
93.4916,-3.00869,-3.0138,1.50361,-3,-3,1.5
93.5016,-3.0087,-3.01382,1.50363,-3,-3,1.5
93.5116,-3.00871,-3.01383,1.50362,-3,-3,1.5
93.5216,-3.00872,-3.01384,1.50362,-3,-3,1.5
93.5316,-3.00873,-3.01386,1.50364,-3,-3,1.5
93.5416,-3.00874,-3.01387,1.50366,-3,-3,1.5
93.5516,-3.00876,-3.01388,1.50367,-3,-3,1.5
93.5616,-3.00877,-3.01389,1.50369,-3,-3,1.5
93.5716,-3.00878,-3.0139,1.5037,-3,-3,1.5
93.5816,-3.00879,-3.01391,1.5037,-3,-3,1.5
93.5916,-3.0088,-3.01392,1.50373,-3,-3,1.5
93.6016,-3.00881,-3.01393,1.50377,-3,-3,1.5
93.6116,-3.00882,-3.01393,1.50379,-3,-3,1.5
93.6216,-3.00882,-3.01394,1.50382,-3,-3,1.5
93.6316,-3.00882,-3.01395,1.50386,-3,-3,1.5
93.6416,-3.00883,-3.01395,1.50391,-3,-3,1.5
93.6516,-3.00883,-3.01396,1.50395,-3,-3,1.5
93.6616,-3.00883,-3.01397,1.50398,-3,-3,1.5
93.6716,-3.00884,-3.01397,1.50402,-3,-3,1.5
93.6816,-3.00884,-3.01398,1.50405,-3,-3,1.5
93.6916,-3.00885,-3.01399,1.50407,-3,-3,1.5
93.7016,-3.00885,-3.014,1.5041,-3,-3,1.5
93.7116,-3.00886,-3.01401,1.50412,-3,-3,1.5
93.7216,-3.00887,-3.01402,1.50415,-3,-3,1.5
93.7316,-3.00888,-3.01404,1.50417,-3,-3,1.5
93.7416,-3.0089,-3.01405,1.50418,-3,-3,1.5
93.7516,-3.00891,-3.01406,1.50419,-3,-3,1.5
93.7616,-3.00893,-3.01407,1.50421,-3,-3,1.5
93.7716,-3.00895,-3.01409,1.50423,-3,-3,1.5
93.7816,-3.00897,-3.0141,1.50424,-3,-3,1.5
93.7916,-3.00899,-3.01411,1.50425,-3,-3,1.5
93.8016,-3.00901,-3.01413,1.50427,-3,-3,1.5
93.8116,-3.00904,-3.01414,1.50428,-3,-3,1.5
93.8216,-3.00906,-3.01416,1.50428,-3,-3,1.5
93.8316,-3.00908,-3.01417,1.50429,-3,-3,1.5
93.8416,-3.00909,-3.01418,1.50431,-3,-3,1.5
93.8516,-3.00911,-3.0142,1.50433,-3,-3,1.5
93.8616,-3.00913,-3.01421,1.50435,-3,-3,1.5
93.8716,-3.00914,-3.01422,1.50436,-3,-3,1.5
93.8816,-3.00915,-3.01424,1.50437,-3,-3,1.5
93.8916,-3.00915,-3.01425,1.50438,-3,-3,1.5
93.9016,-3.00916,-3.01426,1.50441,-3,-3,1.5
93.9117,-3.00915,-3.01427,1.50445,-3,-3,1.5
93.9217,-3.00915,-3.01428,1.50448,-3,-3,1.5
93.9317,-3.00915,-3.01429,1.50453,-3,-3,1.5
93.9417,-3.00914,-3.0143,1.50458,-3,-3,1.5
93.9517,-3.00913,-3.01431,1.5046,-3,-3,1.5
93.9617,-3.00912,-3.01433,1.50462,-3,-3,1.5
93.9717,-3.00911,-3.01434,1.50466,-3,-3,1.5
93.9817,-3.0091,-3.01436,1.50469,-3,-3,1.5
93.9917,-3.00909,-3.01438,1.5047,-3,-3,1.5
94.0017,-3.00909,-3.0144,1.5047,-3,-3,1.5
94.0117,-3.00908,-3.01442,1.5047,-3,-3,1.5
94.0217,-3.00908,-3.01444,1.5047,-3,-3,1.5
94.0317,-3.00908,-3.01447,1.50471,-3,-3,1.5
94.0417,-3.00908,-3.01449,1.50472,-3,-3,1.5
94.0517,-3.00908,-3.01451,1.50473,-3,-3,1.5
94.0617,-3.00909,-3.01453,1.50474,-3,-3,1.5
94.0717,-3.0091,-3.01456,1.50475,-3,-3,1.5
94.0817,-3.00911,-3.01458,1.50476,-3,-3,1.5
94.0917,-3.00913,-3.0146,1.50477,-3,-3,1.5
94.1017,-3.00915,-3.01462,1.50478,-3,-3,1.5
94.1117,-3.00917,-3.01465,1.5048,-3,-3,1.5
94.1217,-3.00919,-3.01467,1.50481,-3,-3,1.5
94.1317,-3.00922,-3.01469,1.50481,-3,-3,1.5
94.1417,-3.00925,-3.01471,1.50482,-3,-3,1.5
94.1517,-3.00929,-3.01474,1.50484,-3,-3,1.5
94.1617,-3.00932,-3.01476,1.50487,-3,-3,1.5
94.1717,-3.00936,-3.01478,1.50491,-3,-3,1.5
94.1817,-3.00941,-3.01481,1.50492,-3,-3,1.5
94.1917,-3.00945,-3.01483,1.50494,-3,-3,1.5
94.2017,-3.0095,-3.01486,1.50495,-3,-3,1.5
94.2117,-3.00954,-3.01488,1.50496,-3,-3,1.5
94.2217,-3.00959,-3.01491,1.50497,-3,-3,1.5
94.2317,-3.00963,-3.01494,1.50499,-3,-3,1.5
94.2417,-3.00968,-3.01496,1.50501,-3,-3,1.5
94.2517,-3.00972,-3.01499,1.50502,-3,-3,1.5
94.2617,-3.00976,-3.01502,1.50502,-3,-3,1.5
94.2717,-3.0098,-3.01504,1.50504,-3,-3,1.5
94.2817,-3.00984,-3.01507,1.50507,-3,-3,1.5
94.2917,-3.00987,-3.01509,1.50511,-3,-3,1.5
94.3017,-3.0099,-3.01512,1.50514,-3,-3,1.5
94.3117,-3.00993,-3.01514,1.50518,-3,-3,1.5
94.3217,-3.00995,-3.01516,1.50521,-3,-3,1.5
94.3317,-3.00998,-3.01518,1.50524,-3,-3,1.5
94.3417,-3.01,-3.01521,1.50526,-3,-3,1.5
94.3517,-3.01002,-3.01523,1.50527,-3,-3,1.5
94.3617,-3.01003,-3.01525,1.5053,-3,-3,1.5
94.3717,-3.01005,-3.01527,1.50532,-3,-3,1.5
94.3818,-3.01006,-3.01529,1.50534,-3,-3,1.5
94.3918,-3.01007,-3.0153,1.50535,-3,-3,1.5
94.4018,-3.01008,-3.01532,1.50537,-3,-3,1.5
94.4118,-3.01008,-3.01533,1.50538,-3,-3,1.5
94.4218,-3.01008,-3.01535,1.5054,-3,-3,1.5
94.4318,-3.01008,-3.01536,1.50542,-3,-3,1.5
94.4418,-3.01008,-3.01538,1.50544,-3,-3,1.5
94.4518,-3.01007,-3.01539,1.50547,-3,-3,1.5
94.4618,-3.01007,-3.0154,1.50549,-3,-3,1.5
94.4718,-3.01005,-3.01541,1.50551,-3,-3,1.5
94.4818,-3.01004,-3.01542,1.50553,-3,-3,1.5
94.4918,-3.01002,-3.01543,1.50556,-3,-3,1.5
94.5018,-3.01,-3.01543,1.50558,-3,-3,1.5
94.5118,-3.00997,-3.01544,1.50559,-3,-3,1.5
94.5218,-3.00995,-3.01544,1.5056,-3,-3,1.5
94.5318,-3.00992,-3.01544,1.50562,-3,-3,1.5
94.5418,-3.00988,-3.01544,1.50564,-3,-3,1.5
94.5518,-3.00985,-3.01545,1.50566,-3,-3,1.5
94.5618,-3.00981,-3.01545,1.50568,-3,-3,1.5
94.5718,-3.00977,-3.01544,1.5057,-3,-3,1.5
94.5818,-3.00973,-3.01544,1.50572,-3,-3,1.5
94.5918,-3.00969,-3.01544,1.50574,-3,-3,1.5
94.6018,-3.00964,-3.01543,1.50576,-3,-3,1.5
94.6118,-3.00959,-3.01543,1.5058,-3,-3,1.5
94.6218,-3.00954,-3.01542,1.50582,-3,-3,1.5
94.6318,-3.00948,-3.01541,1.50585,-3,-3,1.5
94.6418,-3.00943,-3.0154,1.50589,-3,-3,1.5
94.6518,-3.00937,-3.01539,1.50591,-3,-3,1.5
94.6618,-3.00931,-3.01538,1.50593,-3,-3,1.5
94.6718,-3.00924,-3.01537,1.50595,-3,-3,1.5
94.6818,-3.00918,-3.01536,1.50599,-3,-3,1.5
94.6918,-3.00911,-3.01535,1.50604,-3,-3,1.5
94.7018,-3.00903,-3.01533,1.50609,-3,-3,1.5
94.7118,-3.00896,-3.01532,1.50613,-3,-3,1.5
94.7218,-3.00889,-3.01531,1.50618,-3,-3,1.5
94.7318,-3.00881,-3.01529,1.50622,-3,-3,1.5
94.7418,-3.00873,-3.01528,1.50625,-3,-3,1.5
94.7518,-3.00864,-3.01527,1.50629,-3,-3,1.5
94.7618,-3.00856,-3.01526,1.50633,-3,-3,1.5
94.7718,-3.00847,-3.01525,1.50636,-3,-3,1.5
94.7818,-3.00838,-3.01523,1.5064,-3,-3,1.5
94.7918,-3.00829,-3.01522,1.50643,-3,-3,1.5
94.8018,-3.00819,-3.01521,1.50646,-3,-3,1.5
94.8118,-3.00809,-3.01519,1.50649,-3,-3,1.5
94.8218,-3.00799,-3.01518,1.50652,-3,-3,1.5
94.8318,-3.00789,-3.01517,1.50656,-3,-3,1.5
94.8419,-3.00779,-3.01515,1.5066,-3,-3,1.5
94.8519,-3.00768,-3.01514,1.50663,-3,-3,1.5
94.8619,-3.00757,-3.01512,1.50665,-3,-3,1.5
94.8719,-3.00746,-3.01511,1.50667,-3,-3,1.5
94.8819,-3.00735,-3.01509,1.50669,-3,-3,1.5
94.8919,-3.00724,-3.01507,1.5067,-3,-3,1.5
94.9019,-3.00713,-3.01506,1.50672,-3,-3,1.5
94.9119,-3.00702,-3.01504,1.50674,-3,-3,1.5
94.9219,-3.0069,-3.01502,1.50675,-3,-3,1.5
94.9319,-3.00679,-3.01501,1.50678,-3,-3,1.5
94.9419,-3.00667,-3.01499,1.5068,-3,-3,1.5
94.9519,-3.00655,-3.01497,1.50684,-3,-3,1.5
94.9619,-3.00643,-3.01496,1.50688,-3,-3,1.5
94.9719,-3.00631,-3.01494,1.50693,-3,-3,1.5
94.9819,-3.00619,-3.01492,1.50697,-3,-3,1.5
94.9919,-3.00607,-3.0149,1.50699,-3,-3,1.5
95.0019,-3.00595,-3.01489,1.50702,-3,-3,1.5
95.0119,-3.00583,-3.01487,1.50705,-3,-3,1.5
95.0219,-3.0057,-3.01485,1.50707,-3,-3,1.5
95.0319,-3.00558,-3.01483,1.5071,-3,-3,1.5
95.0419,-3.00546,-3.01481,1.50713,-3,-3,1.5
95.0519,-3.00533,-3.01479,1.50717,-3,-3,1.5
95.0619,-3.00521,-3.01478,1.50722,-3,-3,1.5
95.0719,-3.00509,-3.01476,1.50726,-3,-3,1.5
95.0819,-3.00496,-3.01474,1.50729,-3,-3,1.5
95.0919,-3.00484,-3.01472,1.50731,-3,-3,1.5
95.1019,-3.00471,-3.0147,1.50732,-3,-3,1.5
95.1119,-3.00459,-3.01468,1.50732,-3,-3,1.5
95.1219,-3.00446,-3.01465,1.50732,-3,-3,1.5
95.1319,-3.00433,-3.01463,1.50735,-3,-3,1.5
95.1419,-3.0042,-3.01461,1.5074,-3,-3,1.5
95.1519,-3.00407,-3.01459,1.50744,-3,-3,1.5
95.1619,-3.00394,-3.01456,1.50746,-3,-3,1.5
95.1719,-3.0038,-3.01454,1.50748,-3,-3,1.5
95.1819,-3.00367,-3.01451,1.50751,-3,-3,1.5
95.1919,-3.00353,-3.01449,1.50755,-3,-3,1.5
95.2019,-3.0034,-3.01446,1.50759,-3,-3,1.5
95.2119,-3.00326,-3.01444,1.50763,-3,-3,1.5
95.2219,-3.00312,-3.01441,1.50767,-3,-3,1.5
95.2319,-3.00299,-3.01439,1.50769,-3,-3,1.5
95.2419,-3.00285,-3.01436,1.50769,-3,-3,1.5
95.2519,-3.00271,-3.01434,1.50769,-3,-3,1.5
95.2619,-3.00258,-3.01431,1.50771,-3,-3,1.5
95.2719,-3.00244,-3.01428,1.50771,-3,-3,1.5
95.2819,-3.00231,-3.01426,1.50769,-3,-3,1.5
95.2919,-3.00218,-3.01424,1.50765,-3,-3,1.5
95.3019,-3.00205,-3.01421,1.50762,-3,-3,1.5
95.312,-3.00193,-3.01419,1.50761,-3,-3,1.5
95.322,-3.00181,-3.01417,1.50761,-3,-3,1.5
95.332,-3.00168,-3.01416,1.50761,-3,-3,1.5
95.342,-3.00156,-3.01415,1.50761,-3,-3,1.5
95.352,-3.00145,-3.01414,1.50761,-3,-3,1.5
95.362,-3.00133,-3.01413,1.50762,-3,-3,1.5
95.372,-3.00121,-3.01413,1.50763,-3,-3,1.5
95.382,-3.0011,-3.01413,1.50765,-3,-3,1.5
95.392,-3.00098,-3.01413,1.50765,-3,-3,1.5
95.402,-3.00087,-3.01414,1.50765,-3,-3,1.5
95.412,-3.00075,-3.01415,1.50765,-3,-3,1.5
95.422,-3.00064,-3.01417,1.50765,-3,-3,1.5
95.432,-3.00053,-3.01418,1.50766,-3,-3,1.5
95.442,-3.00041,-3.01421,1.50767,-3,-3,1.5
95.452,-3.0003,-3.01423,1.50765,-3,-3,1.5
95.462,-3.00019,-3.01425,1.50764,-3,-3,1.5
95.472,-3.00008,-3.01428,1.50764,-3,-3,1.5
95.482,-2.99997,-3.0143,1.50764,-3,-3,1.5
95.492,-2.99986,-3.01433,1.50765,-3,-3,1.5
95.502,-2.99975,-3.01436,1.50766,-3,-3,1.5
95.512,-2.99963,-3.01438,1.50767,-3,-3,1.5
95.522,-2.99952,-3.01441,1.50765,-3,-3,1.5
95.532,-2.99941,-3.01444,1.50762,-3,-3,1.5
95.542,-2.9993,-3.01446,1.5076,-3,-3,1.5
95.552,-2.99919,-3.01449,1.50763,-3,-3,1.5
95.562,-2.99908,-3.01451,1.50768,-3,-3,1.5
95.572,-2.99897,-3.01453,1.50773,-3,-3,1.5
95.582,-2.99886,-3.01455,1.50775,-3,-3,1.5
95.592,-2.99876,-3.01457,1.50775,-3,-3,1.5
95.602,-2.99865,-3.01459,1.50779,-3,-3,1.5
95.612,-2.99854,-3.01461,1.50781,-3,-3,1.5
95.622,-2.99844,-3.01463,1.50781,-3,-3,1.5
95.632,-2.99833,-3.01464,1.50783,-3,-3,1.5
95.642,-2.99823,-3.01466,1.50782,-3,-3,1.5
95.652,-2.99813,-3.01468,1.50781,-3,-3,1.5
95.662,-2.99803,-3.0147,1.50781,-3,-3,1.5
95.672,-2.99793,-3.01472,1.50781,-3,-3,1.5
95.682,-2.99783,-3.01474,1.50781,-3,-3,1.5
95.692,-2.99773,-3.01477,1.50783,-3,-3,1.5
95.702,-2.99763,-3.01479,1.50784,-3,-3,1.5
95.712,-2.99753,-3.01482,1.50785,-3,-3,1.5
95.722,-2.99743,-3.01484,1.50788,-3,-3,1.5
95.732,-2.99734,-3.01487,1.50791,-3,-3,1.5
95.742,-2.99724,-3.0149,1.50793,-3,-3,1.5
95.752,-2.99714,-3.01494,1.50796,-3,-3,1.5
95.762,-2.99705,-3.01497,1.50798,-3,-3,1.5
95.772,-2.99695,-3.01501,1.50799,-3,-3,1.5
95.7821,-2.99686,-3.01505,1.50801,-3,-3,1.5
95.7921,-2.99676,-3.0151,1.50803,-3,-3,1.5
95.8021,-2.99666,-3.01515,1.50805,-3,-3,1.5
95.8121,-2.99657,-3.0152,1.50807,-3,-3,1.5
95.8221,-2.99648,-3.01525,1.50809,-3,-3,1.5
95.8321,-2.99638,-3.0153,1.50811,-3,-3,1.5
95.8421,-2.99629,-3.01535,1.50813,-3,-3,1.5
95.8521,-2.9962,-3.0154,1.50814,-3,-3,1.5
95.8621,-2.99612,-3.01546,1.50815,-3,-3,1.5
95.8721,-2.99603,-3.01551,1.50816,-3,-3,1.5
95.8821,-2.99594,-3.01556,1.50817,-3,-3,1.5
95.8921,-2.99586,-3.01562,1.50819,-3,-3,1.5
95.9021,-2.99578,-3.01567,1.50821,-3,-3,1.5
95.9121,-2.99569,-3.01572,1.50823,-3,-3,1.5
95.9221,-2.99561,-3.01577,1.50824,-3,-3,1.5
95.9321,-2.99553,-3.01582,1.50825,-3,-3,1.5
95.9421,-2.99545,-3.01586,1.50826,-3,-3,1.5
95.9521,-2.99536,-3.01591,1.50827,-3,-3,1.5
95.9621,-2.99528,-3.01596,1.50829,-3,-3,1.5
95.9721,-2.99519,-3.016,1.5083,-3,-3,1.5
95.9821,-2.99511,-3.01604,1.5083,-3,-3,1.5
95.9921,-2.99502,-3.01608,1.5083,-3,-3,1.5
96.0021,-2.99494,-3.01612,1.5083,-3,-3,1.5
96.0121,-2.99485,-3.01616,1.50831,-3,-3,1.5
96.0221,-2.99476,-3.0162,1.50831,-3,-3,1.5
96.0321,-2.99467,-3.01623,1.50831,-3,-3,1.5
96.0421,-2.99458,-3.01627,1.50831,-3,-3,1.5
96.0521,-2.99449,-3.0163,1.50831,-3,-3,1.5
96.0621,-2.99439,-3.01633,1.50832,-3,-3,1.5
96.0721,-2.9943,-3.01636,1.50834,-3,-3,1.5
96.0821,-2.9942,-3.01639,1.50835,-3,-3,1.5
96.0921,-2.99411,-3.01642,1.50835,-3,-3,1.5
96.1021,-2.99401,-3.01645,1.50834,-3,-3,1.5
96.1121,-2.99392,-3.01647,1.50834,-3,-3,1.5
96.1221,-2.99382,-3.0165,1.50834,-3,-3,1.5
96.1321,-2.99372,-3.01652,1.50833,-3,-3,1.5
96.1421,-2.99362,-3.01654,1.50833,-3,-3,1.5
96.1521,-2.99352,-3.01656,1.50833,-3,-3,1.5
96.1621,-2.99343,-3.01658,1.50832,-3,-3,1.5
96.1721,-2.99333,-3.01659,1.50831,-3,-3,1.5
96.1821,-2.99323,-3.01661,1.5083,-3,-3,1.5
96.1921,-2.99313,-3.01663,1.50828,-3,-3,1.5
96.2021,-2.99303,-3.01664,1.50827,-3,-3,1.5
96.2121,-2.99293,-3.01665,1.50826,-3,-3,1.5
96.2221,-2.99282,-3.01666,1.50824,-3,-3,1.5
96.2321,-2.99272,-3.01668,1.50823,-3,-3,1.5
96.2421,-2.99262,-3.01669,1.50821,-3,-3,1.5
96.2522,-2.99252,-3.0167,1.50819,-3,-3,1.5
96.2622,-2.99242,-3.01671,1.50818,-3,-3,1.5
96.2722,-2.99232,-3.01672,1.50816,-3,-3,1.5
96.2822,-2.99221,-3.01672,1.50815,-3,-3,1.5
96.2922,-2.99211,-3.01673,1.50814,-3,-3,1.5
96.3022,-2.99201,-3.01674,1.50813,-3,-3,1.5
96.3122,-2.9919,-3.01675,1.50813,-3,-3,1.5
96.3222,-2.9918,-3.01676,1.50812,-3,-3,1.5
96.3322,-2.9917,-3.01676,1.50811,-3,-3,1.5
96.3422,-2.9916,-3.01677,1.5081,-3,-3,1.5
96.3522,-2.99149,-3.01677,1.50809,-3,-3,1.5
96.3622,-2.99139,-3.01678,1.50808,-3,-3,1.5
96.3722,-2.99129,-3.01678,1.50807,-3,-3,1.5
96.3822,-2.99118,-3.01678,1.50807,-3,-3,1.5
96.3922,-2.99108,-3.01678,1.50806,-3,-3,1.5
96.4022,-2.99098,-3.01678,1.50806,-3,-3,1.5
96.4122,-2.99087,-3.01679,1.50807,-3,-3,1.5
96.4222,-2.99077,-3.01679,1.50807,-3,-3,1.5
96.4322,-2.99066,-3.01678,1.50808,-3,-3,1.5
96.4422,-2.99055,-3.01678,1.50808,-3,-3,1.5
96.4522,-2.99045,-3.01678,1.50808,-3,-3,1.5
96.4622,-2.99034,-3.01678,1.50807,-3,-3,1.5
96.4722,-2.99023,-3.01677,1.50806,-3,-3,1.5
96.4822,-2.99012,-3.01677,1.50804,-3,-3,1.5
96.4922,-2.99001,-3.01676,1.50803,-3,-3,1.5
96.5022,-2.9899,-3.01675,1.50801,-3,-3,1.5
96.5122,-2.98979,-3.01675,1.508,-3,-3,1.5
96.5222,-2.98968,-3.01674,1.50798,-3,-3,1.5
96.5322,-2.98958,-3.01673,1.50795,-3,-3,1.5
96.5422,-2.98947,-3.01672,1.50792,-3,-3,1.5
96.5522,-2.98936,-3.01672,1.50789,-3,-3,1.5
96.5622,-2.98926,-3.01671,1.50786,-3,-3,1.5
96.5722,-2.98915,-3.0167,1.50784,-3,-3,1.5
96.5822,-2.98905,-3.01669,1.50781,-3,-3,1.5
96.5922,-2.98896,-3.01668,1.50778,-3,-3,1.5
96.6022,-2.98887,-3.01667,1.50775,-3,-3,1.5
96.6122,-2.98878,-3.01666,1.50776,-3,-3,1.5
96.6222,-2.98869,-3.01666,1.50778,-3,-3,1.5
96.6322,-2.98862,-3.01665,1.50779,-3,-3,1.5
96.6422,-2.98854,-3.01664,1.50779,-3,-3,1.5
96.6522,-2.98847,-3.01664,1.5078,-3,-3,1.5
96.6622,-2.9884,-3.01663,1.5078,-3,-3,1.5
96.6722,-2.98833,-3.01662,1.5078,-3,-3,1.5
96.6822,-2.98827,-3.01662,1.50781,-3,-3,1.5
96.6922,-2.98821,-3.01661,1.5078,-3,-3,1.5
96.7022,-2.98815,-3.01661,1.50779,-3,-3,1.5
96.7122,-2.9881,-3.0166,1.50777,-3,-3,1.5
96.7223,-2.98805,-3.0166,1.50774,-3,-3,1.5
96.7323,-2.988,-3.01659,1.50771,-3,-3,1.5
96.7423,-2.98796,-3.01659,1.50768,-3,-3,1.5
96.7523,-2.98792,-3.01658,1.50765,-3,-3,1.5
96.7623,-2.98789,-3.01658,1.50762,-3,-3,1.5
96.7723,-2.98786,-3.01658,1.50759,-3,-3,1.5
96.7823,-2.98783,-3.01658,1.50755,-3,-3,1.5
96.7923,-2.9878,-3.01657,1.50752,-3,-3,1.5
96.8023,-2.98778,-3.01657,1.50749,-3,-3,1.5
96.8123,-2.98776,-3.01658,1.50746,-3,-3,1.5
96.8223,-2.98774,-3.01658,1.50743,-3,-3,1.5
96.8323,-2.98773,-3.01658,1.5074,-3,-3,1.5
96.8423,-2.98771,-3.01658,1.50738,-3,-3,1.5
96.8523,-2.9877,-3.01659,1.50736,-3,-3,1.5
96.8623,-2.98769,-3.01659,1.50734,-3,-3,1.5
96.8723,-2.98768,-3.0166,1.50732,-3,-3,1.5
96.8823,-2.98767,-3.0166,1.5073,-3,-3,1.5
96.8923,-2.98766,-3.01661,1.50728,-3,-3,1.5
96.9023,-2.98766,-3.01661,1.50725,-3,-3,1.5
96.9123,-2.98765,-3.01662,1.50723,-3,-3,1.5
96.9223,-2.98764,-3.01662,1.50721,-3,-3,1.5
96.9323,-2.98764,-3.01663,1.50719,-3,-3,1.5
96.9423,-2.98763,-3.01664,1.50716,-3,-3,1.5
96.9523,-2.98763,-3.01664,1.50714,-3,-3,1.5
96.9623,-2.98762,-3.01665,1.50712,-3,-3,1.5
96.9723,-2.98762,-3.01665,1.50709,-3,-3,1.5
96.9823,-2.98761,-3.01666,1.50707,-3,-3,1.5
96.9923,-2.9876,-3.01666,1.50705,-3,-3,1.5
97.0023,-2.9876,-3.01666,1.50703,-3,-3,1.5
97.0123,-2.98759,-3.01667,1.507,-3,-3,1.5
97.0223,-2.98759,-3.01667,1.50698,-3,-3,1.5
97.0323,-2.98758,-3.01667,1.50696,-3,-3,1.5
97.0423,-2.98758,-3.01667,1.50693,-3,-3,1.5
97.0523,-2.98757,-3.01667,1.50692,-3,-3,1.5
97.0623,-2.98757,-3.01667,1.5069,-3,-3,1.5
97.0723,-2.98756,-3.01667,1.50687,-3,-3,1.5
97.0823,-2.98755,-3.01667,1.50685,-3,-3,1.5
97.0923,-2.98755,-3.01667,1.50683,-3,-3,1.5
97.1023,-2.98754,-3.01667,1.5068,-3,-3,1.5
97.1123,-2.98754,-3.01666,1.50678,-3,-3,1.5
97.1223,-2.98754,-3.01666,1.50676,-3,-3,1.5
97.1323,-2.98753,-3.01666,1.50672,-3,-3,1.5
97.1423,-2.98753,-3.01665,1.50668,-3,-3,1.5
97.1523,-2.98753,-3.01665,1.50665,-3,-3,1.5
97.1623,-2.98752,-3.01664,1.50662,-3,-3,1.5
97.1723,-2.98752,-3.01664,1.50659,-3,-3,1.5
97.1824,-2.98752,-3.01663,1.50656,-3,-3,1.5
97.1924,-2.98752,-3.01663,1.50653,-3,-3,1.5
97.2024,-2.98752,-3.01662,1.5065,-3,-3,1.5
97.2124,-2.98752,-3.01661,1.50648,-3,-3,1.5
97.2224,-2.98752,-3.01661,1.50645,-3,-3,1.5
97.2324,-2.98752,-3.0166,1.50641,-3,-3,1.5
97.2424,-2.98751,-3.01659,1.50638,-3,-3,1.5
97.2524,-2.98751,-3.01658,1.50635,-3,-3,1.5
97.2624,-2.98751,-3.01657,1.50633,-3,-3,1.5
97.2724,-2.98751,-3.01656,1.5063,-3,-3,1.5
97.2824,-2.9875,-3.01655,1.50627,-3,-3,1.5
97.2924,-2.9875,-3.01654,1.50623,-3,-3,1.5
97.3024,-2.9875,-3.01653,1.50621,-3,-3,1.5
97.3124,-2.98749,-3.01651,1.50618,-3,-3,1.5
97.3224,-2.98749,-3.0165,1.50615,-3,-3,1.5
97.3324,-2.98749,-3.01649,1.50612,-3,-3,1.5
97.3424,-2.98748,-3.01647,1.50609,-3,-3,1.5
97.3524,-2.98748,-3.01646,1.50606,-3,-3,1.5
97.3624,-2.98747,-3.01644,1.50603,-3,-3,1.5
97.3724,-2.98746,-3.01643,1.506,-3,-3,1.5
97.3824,-2.98746,-3.01641,1.50597,-3,-3,1.5
97.3924,-2.98745,-3.01639,1.50594,-3,-3,1.5
97.4024,-2.98744,-3.01638,1.50591,-3,-3,1.5
97.4124,-2.98744,-3.01636,1.50588,-3,-3,1.5
97.4224,-2.98743,-3.01634,1.50586,-3,-3,1.5
97.4324,-2.98742,-3.01632,1.50583,-3,-3,1.5
97.4424,-2.98741,-3.0163,1.50582,-3,-3,1.5
97.4524,-2.98741,-3.01627,1.5058,-3,-3,1.5
97.4624,-2.9874,-3.01625,1.5058,-3,-3,1.5
97.4724,-2.98739,-3.01623,1.5058,-3,-3,1.5
97.4824,-2.98738,-3.01621,1.50582,-3,-3,1.5
97.4924,-2.98738,-3.01618,1.50586,-3,-3,1.5
97.5024,-2.98737,-3.01616,1.50593,-3,-3,1.5
97.5124,-2.98737,-3.01614,1.50603,-3,-3,1.5
97.5224,-2.98736,-3.01612,1.5061,-3,-3,1.5
97.5324,-2.98736,-3.0161,1.50616,-3,-3,1.5
97.5424,-2.98736,-3.01609,1.5062,-3,-3,1.5
97.5524,-2.98735,-3.01607,1.50624,-3,-3,1.5
97.5624,-2.98736,-3.01606,1.50629,-3,-3,1.5
97.5724,-2.98736,-3.01605,1.50633,-3,-3,1.5
97.5824,-2.98736,-3.01603,1.50635,-3,-3,1.5
97.5924,-2.98736,-3.01603,1.50636,-3,-3,1.5
97.6024,-2.98737,-3.01602,1.50637,-3,-3,1.5
97.6124,-2.98737,-3.01601,1.50639,-3,-3,1.5
97.6224,-2.98737,-3.01601,1.50639,-3,-3,1.5
97.6324,-2.98738,-3.01601,1.5064,-3,-3,1.5
97.6424,-2.98739,-3.01601,1.5064,-3,-3,1.5
97.6525,-2.9874,-3.01601,1.5064,-3,-3,1.5
97.6625,-2.98741,-3.01601,1.50641,-3,-3,1.5
97.6725,-2.98742,-3.01602,1.50642,-3,-3,1.5
97.6825,-2.98743,-3.01603,1.50646,-3,-3,1.5
97.6925,-2.98745,-3.01604,1.50652,-3,-3,1.5
97.7025,-2.98747,-3.01605,1.50656,-3,-3,1.5
97.7125,-2.98749,-3.01606,1.50658,-3,-3,1.5
97.7225,-2.98751,-3.01608,1.5066,-3,-3,1.5
97.7325,-2.98753,-3.0161,1.50663,-3,-3,1.5
97.7425,-2.98755,-3.01612,1.50669,-3,-3,1.5
97.7525,-2.98757,-3.01614,1.50672,-3,-3,1.5
97.7625,-2.98759,-3.01617,1.50674,-3,-3,1.5
97.7725,-2.98761,-3.01619,1.50674,-3,-3,1.5
97.7825,-2.98762,-3.01622,1.50674,-3,-3,1.5
97.7925,-2.98764,-3.01624,1.50676,-3,-3,1.5
97.8025,-2.98766,-3.01627,1.50679,-3,-3,1.5
97.8125,-2.98768,-3.01629,1.50683,-3,-3,1.5
97.8225,-2.9877,-3.01632,1.50691,-3,-3,1.5
97.8325,-2.98772,-3.01634,1.507,-3,-3,1.5
97.8425,-2.98774,-3.01637,1.50708,-3,-3,1.5
97.8525,-2.98776,-3.01639,1.50714,-3,-3,1.5
97.8625,-2.98779,-3.01642,1.50718,-3,-3,1.5
97.8725,-2.98782,-3.01644,1.5072,-3,-3,1.5
97.8825,-2.98785,-3.01647,1.50721,-3,-3,1.5
97.8925,-2.98788,-3.01649,1.5072,-3,-3,1.5
97.9025,-2.98791,-3.01652,1.50718,-3,-3,1.5
97.9125,-2.98794,-3.01654,1.50714,-3,-3,1.5
97.9225,-2.98798,-3.01657,1.50711,-3,-3,1.5
97.9325,-2.98801,-3.0166,1.50707,-3,-3,1.5
97.9425,-2.98805,-3.01662,1.50705,-3,-3,1.5
97.9525,-2.98809,-3.01665,1.50703,-3,-3,1.5
97.9625,-2.98812,-3.01668,1.50702,-3,-3,1.5
97.9725,-2.98816,-3.0167,1.50701,-3,-3,1.5
97.9825,-2.9882,-3.01673,1.50699,-3,-3,1.5
97.9925,-2.98824,-3.01676,1.50697,-3,-3,1.5
98.0025,-2.98828,-3.01678,1.50696,-3,-3,1.5
98.0125,-2.98833,-3.01681,1.50695,-3,-3,1.5
98.0225,-2.98837,-3.01683,1.50694,-3,-3,1.5
98.0325,-2.98842,-3.01686,1.50693,-3,-3,1.5
98.0425,-2.98847,-3.01689,1.50692,-3,-3,1.5
98.0525,-2.98852,-3.01691,1.5069,-3,-3,1.5
98.0625,-2.98857,-3.01694,1.50692,-3,-3,1.5
98.0725,-2.98863,-3.01697,1.50697,-3,-3,1.5
98.0825,-2.98868,-3.017,1.50699,-3,-3,1.5
98.0925,-2.98874,-3.01703,1.507,-3,-3,1.5
98.1025,-2.9888,-3.01706,1.50699,-3,-3,1.5
98.1125,-2.98886,-3.01709,1.50697,-3,-3,1.5
98.1226,-2.98892,-3.01712,1.50696,-3,-3,1.5
98.1326,-2.98898,-3.01715,1.50697,-3,-3,1.5
98.1426,-2.98904,-3.01718,1.50698,-3,-3,1.5
98.1526,-2.9891,-3.0172,1.50697,-3,-3,1.5
98.1626,-2.98917,-3.01723,1.50695,-3,-3,1.5
98.1726,-2.98923,-3.01726,1.50692,-3,-3,1.5
98.1826,-2.98929,-3.01728,1.50689,-3,-3,1.5
98.1926,-2.98936,-3.0173,1.50686,-3,-3,1.5
98.2026,-2.98942,-3.01733,1.50681,-3,-3,1.5
98.2126,-2.98949,-3.01735,1.5068,-3,-3,1.5
98.2226,-2.98955,-3.01737,1.50682,-3,-3,1.5
98.2326,-2.98962,-3.01738,1.50685,-3,-3,1.5
98.2426,-2.98969,-3.0174,1.5069,-3,-3,1.5
98.2526,-2.98976,-3.01741,1.50695,-3,-3,1.5
98.2626,-2.98983,-3.01742,1.50703,-3,-3,1.5
98.2726,-2.9899,-3.01743,1.50717,-3,-3,1.5
98.2826,-2.98998,-3.01744,1.50726,-3,-3,1.5
98.2926,-2.99006,-3.01744,1.50731,-3,-3,1.5
98.3026,-2.99013,-3.01745,1.50732,-3,-3,1.5
98.3126,-2.99021,-3.01745,1.50731,-3,-3,1.5
98.3226,-2.99029,-3.01745,1.50729,-3,-3,1.5
98.3326,-2.99037,-3.01745,1.50729,-3,-3,1.5
98.3426,-2.99045,-3.01745,1.50728,-3,-3,1.5
98.3526,-2.99053,-3.01745,1.50725,-3,-3,1.5
98.3626,-2.99061,-3.01745,1.50721,-3,-3,1.5
98.3726,-2.99069,-3.01745,1.50715,-3,-3,1.5
98.3826,-2.99077,-3.01745,1.50713,-3,-3,1.5
98.3926,-2.99085,-3.01744,1.50714,-3,-3,1.5
98.4026,-2.99092,-3.01744,1.50715,-3,-3,1.5
98.4126,-2.991,-3.01743,1.50715,-3,-3,1.5
98.4226,-2.99108,-3.01742,1.50716,-3,-3,1.5
98.4326,-2.99116,-3.01741,1.50715,-3,-3,1.5
98.4426,-2.99124,-3.01741,1.50715,-3,-3,1.5
98.4526,-2.99132,-3.0174,1.50714,-3,-3,1.5
98.4626,-2.9914,-3.01739,1.50713,-3,-3,1.5
98.4726,-2.99148,-3.01739,1.50711,-3,-3,1.5
98.4826,-2.99156,-3.01738,1.50708,-3,-3,1.5
98.4926,-2.99164,-3.01738,1.50705,-3,-3,1.5
98.5026,-2.99172,-3.01737,1.50702,-3,-3,1.5
98.5126,-2.9918,-3.01737,1.50699,-3,-3,1.5
98.5226,-2.99188,-3.01737,1.50696,-3,-3,1.5
98.5326,-2.99196,-3.01736,1.50693,-3,-3,1.5
98.5426,-2.99204,-3.01736,1.50689,-3,-3,1.5
98.5526,-2.99212,-3.01735,1.50685,-3,-3,1.5
98.5626,-2.9922,-3.01735,1.5068,-3,-3,1.5
98.5726,-2.99228,-3.01734,1.50679,-3,-3,1.5
98.5826,-2.99237,-3.01733,1.5068,-3,-3,1.5
98.5927,-2.99245,-3.01733,1.50681,-3,-3,1.5
98.6027,-2.99254,-3.01732,1.50682,-3,-3,1.5
98.6127,-2.99262,-3.01731,1.50682,-3,-3,1.5
98.6227,-2.99271,-3.0173,1.50682,-3,-3,1.5
98.6327,-2.9928,-3.0173,1.50683,-3,-3,1.5
98.6427,-2.99288,-3.01729,1.50683,-3,-3,1.5
98.6527,-2.99297,-3.01728,1.50684,-3,-3,1.5
98.6627,-2.99307,-3.01728,1.50684,-3,-3,1.5
98.6727,-2.99316,-3.01728,1.50685,-3,-3,1.5
98.6827,-2.99325,-3.01727,1.50685,-3,-3,1.5
98.6927,-2.99335,-3.01727,1.50689,-3,-3,1.5
98.7027,-2.99345,-3.01728,1.50695,-3,-3,1.5
98.7127,-2.99354,-3.01728,1.507,-3,-3,1.5
98.7227,-2.99364,-3.01728,1.50704,-3,-3,1.5
98.7327,-2.99374,-3.01729,1.50705,-3,-3,1.5
98.7427,-2.99383,-3.0173,1.50707,-3,-3,1.5
98.7527,-2.99393,-3.01731,1.5071,-3,-3,1.5
98.7627,-2.99402,-3.01732,1.50711,-3,-3,1.5
98.7727,-2.99412,-3.01733,1.50712,-3,-3,1.5
98.7827,-2.99421,-3.01734,1.50713,-3,-3,1.5
98.7927,-2.9943,-3.01736,1.50714,-3,-3,1.5
98.8027,-2.9944,-3.01737,1.50715,-3,-3,1.5
98.8127,-2.99449,-3.01739,1.50715,-3,-3,1.5
98.8227,-2.99459,-3.01741,1.50716,-3,-3,1.5
98.8327,-2.99468,-3.01743,1.50717,-3,-3,1.5
98.8427,-2.99478,-3.01745,1.5072,-3,-3,1.5
98.8527,-2.99488,-3.01747,1.50726,-3,-3,1.5
98.8627,-2.99497,-3.01749,1.5073,-3,-3,1.5
98.8727,-2.99507,-3.01751,1.50731,-3,-3,1.5
98.8827,-2.99517,-3.01754,1.5073,-3,-3,1.5
98.8927,-2.99527,-3.01756,1.50727,-3,-3,1.5
98.9027,-2.99536,-3.01759,1.50723,-3,-3,1.5
98.9127,-2.99546,-3.01761,1.5072,-3,-3,1.5
98.9227,-2.99555,-3.01764,1.50716,-3,-3,1.5
98.9327,-2.99564,-3.01766,1.50711,-3,-3,1.5
98.9427,-2.99573,-3.01768,1.50707,-3,-3,1.5
98.9527,-2.99582,-3.01771,1.50702,-3,-3,1.5
98.9627,-2.99591,-3.01773,1.507,-3,-3,1.5
98.9727,-2.99599,-3.01775,1.50701,-3,-3,1.5
98.9827,-2.99607,-3.01777,1.50699,-3,-3,1.5
98.9927,-2.99615,-3.01779,1.50697,-3,-3,1.5
99.0027,-2.99623,-3.0178,1.50694,-3,-3,1.5
99.0127,-2.99631,-3.01782,1.50692,-3,-3,1.5
99.0227,-2.99639,-3.01784,1.50689,-3,-3,1.5
99.0327,-2.99647,-3.01785,1.50686,-3,-3,1.5
99.0427,-2.99654,-3.01787,1.50683,-3,-3,1.5
99.0527,-2.99662,-3.01788,1.50681,-3,-3,1.5
99.0628,-2.9967,-3.01789,1.50681,-3,-3,1.5
99.0728,-2.99678,-3.01791,1.50679,-3,-3,1.5
99.0828,-2.99686,-3.01792,1.5068,-3,-3,1.5
99.0928,-2.99693,-3.01793,1.50682,-3,-3,1.5
99.1028,-2.99701,-3.01794,1.50683,-3,-3,1.5
99.1128,-2.99708,-3.01795,1.50683,-3,-3,1.5
99.1228,-2.99716,-3.01796,1.50684,-3,-3,1.5
99.1328,-2.99723,-3.01797,1.50684,-3,-3,1.5
99.1428,-2.99731,-3.01798,1.50682,-3,-3,1.5
99.1528,-2.99738,-3.01799,1.50681,-3,-3,1.5
99.1628,-2.99745,-3.018,1.50679,-3,-3,1.5
99.1728,-2.99753,-3.01801,1.50677,-3,-3,1.5
99.1828,-2.9976,-3.01801,1.50674,-3,-3,1.5
99.1928,-2.99768,-3.01802,1.50672,-3,-3,1.5
99.2028,-2.99776,-3.01803,1.5067,-3,-3,1.5
99.2128,-2.99783,-3.01803,1.50667,-3,-3,1.5
99.2228,-2.99791,-3.01804,1.50664,-3,-3,1.5
99.2328,-2.99799,-3.01804,1.50663,-3,-3,1.5
99.2428,-2.99807,-3.01805,1.50661,-3,-3,1.5
99.2528,-2.99816,-3.01805,1.5066,-3,-3,1.5
99.2628,-2.99824,-3.01805,1.50659,-3,-3,1.5
99.2728,-2.99833,-3.01805,1.50657,-3,-3,1.5
99.2828,-2.99842,-3.01805,1.50656,-3,-3,1.5
99.2928,-2.99851,-3.01805,1.50654,-3,-3,1.5
99.3028,-2.9986,-3.01805,1.50652,-3,-3,1.5
99.3128,-2.99869,-3.01805,1.5065,-3,-3,1.5
99.3228,-2.99878,-3.01804,1.50647,-3,-3,1.5
99.3328,-2.99888,-3.01804,1.50645,-3,-3,1.5
99.3428,-2.99898,-3.01804,1.50643,-3,-3,1.5
99.3528,-2.99907,-3.01803,1.50641,-3,-3,1.5
99.3628,-2.99917,-3.01803,1.50638,-3,-3,1.5
99.3728,-2.99927,-3.01802,1.50637,-3,-3,1.5
99.3828,-2.99937,-3.01802,1.50636,-3,-3,1.5
99.3928,-2.99947,-3.01801,1.50635,-3,-3,1.5
99.4028,-2.99958,-3.018,1.50634,-3,-3,1.5
99.4128,-2.99968,-3.01799,1.50634,-3,-3,1.5
99.4228,-2.99978,-3.01798,1.50634,-3,-3,1.5
99.4328,-2.99989,-3.01797,1.50634,-3,-3,1.5
99.4428,-2.99999,-3.01796,1.50634,-3,-3,1.5
99.4528,-3.0001,-3.01795,1.50634,-3,-3,1.5
99.4628,-3.00021,-3.01793,1.50633,-3,-3,1.5
99.4728,-3.00031,-3.01792,1.50631,-3,-3,1.5
99.4828,-3.00042,-3.0179,1.50628,-3,-3,1.5
99.4928,-3.00053,-3.01789,1.50626,-3,-3,1.5
99.5028,-3.00064,-3.01787,1.50623,-3,-3,1.5
99.5128,-3.00075,-3.01786,1.5062,-3,-3,1.5
99.5229,-3.00086,-3.01784,1.50617,-3,-3,1.5
99.5329,-3.00097,-3.01782,1.50615,-3,-3,1.5
99.5429,-3.00108,-3.01781,1.50612,-3,-3,1.5
99.5529,-3.00119,-3.01779,1.50609,-3,-3,1.5
99.5629,-3.0013,-3.01778,1.50608,-3,-3,1.5
99.5729,-3.00141,-3.01776,1.50606,-3,-3,1.5
99.5829,-3.00151,-3.01775,1.50605,-3,-3,1.5
99.5929,-3.00161,-3.01774,1.50606,-3,-3,1.5
99.6029,-3.00171,-3.01772,1.50606,-3,-3,1.5
99.6129,-3.0018,-3.01771,1.50606,-3,-3,1.5
99.6229,-3.00189,-3.0177,1.50606,-3,-3,1.5
99.6329,-3.00199,-3.01769,1.50605,-3,-3,1.5
99.6429,-3.00208,-3.01767,1.50604,-3,-3,1.5
99.6529,-3.00217,-3.01766,1.50601,-3,-3,1.5
99.6629,-3.00226,-3.01766,1.50598,-3,-3,1.5
99.6729,-3.00235,-3.01765,1.50595,-3,-3,1.5
99.6829,-3.00244,-3.01764,1.50593,-3,-3,1.5
99.6929,-3.00253,-3.01763,1.50591,-3,-3,1.5
99.7029,-3.00262,-3.01763,1.50588,-3,-3,1.5
99.7129,-3.00271,-3.01762,1.50586,-3,-3,1.5
99.7229,-3.00281,-3.01761,1.50584,-3,-3,1.5
99.7329,-3.00291,-3.01761,1.50581,-3,-3,1.5
99.7429,-3.003,-3.0176,1.50579,-3,-3,1.5
99.7529,-3.0031,-3.0176,1.50576,-3,-3,1.5
99.7629,-3.0032,-3.01759,1.50574,-3,-3,1.5
99.7729,-3.0033,-3.01759,1.50572,-3,-3,1.5
99.7829,-3.0034,-3.01759,1.50569,-3,-3,1.5
99.7929,-3.00351,-3.01759,1.50567,-3,-3,1.5
99.8029,-3.00361,-3.01758,1.50566,-3,-3,1.5
99.8129,-3.00372,-3.01758,1.50565,-3,-3,1.5
99.8229,-3.00383,-3.01758,1.50564,-3,-3,1.5
99.8329,-3.00394,-3.01758,1.50564,-3,-3,1.5
99.8429,-3.00405,-3.01758,1.50562,-3,-3,1.5
99.8529,-3.00417,-3.01758,1.5056,-3,-3,1.5
99.8629,-3.00428,-3.01758,1.50557,-3,-3,1.5
99.8729,-3.0044,-3.01759,1.50554,-3,-3,1.5
99.8829,-3.00452,-3.01759,1.50551,-3,-3,1.5
99.8929,-3.00465,-3.01759,1.50549,-3,-3,1.5
99.9029,-3.00477,-3.0176,1.50546,-3,-3,1.5
99.9129,-3.00489,-3.0176,1.50544,-3,-3,1.5
99.9229,-3.00502,-3.01761,1.50542,-3,-3,1.5
99.9329,-3.00515,-3.01761,1.5054,-3,-3,1.5
99.9429,-3.00528,-3.01762,1.50539,-3,-3,1.5
99.9529,-3.00541,-3.01763,1.50538,-3,-3,1.5
99.9629,-3.00554,-3.01764,1.50536,-3,-3,1.5
99.9729,-3.00568,-3.01764,1.50534,-3,-3,1.5
99.9829,-3.00582,-3.01765,1.50533,-3,-3,1.5
99.993,-3.00595,-3.01766,1.50533,-3,-3,1.5
100.003,-3.00609,-3.01767,1.50533,-3,-3,1.5
100.013,-3.00623,-3.01769,1.50534,-3,-3,1.5
100.023,-3.00637,-3.0177,1.50536,-3,-3,1.5
100.033,-3.00651,-3.01771,1.50539,-3,-3,1.5
100.043,-3.00665,-3.01772,1.50541,-3,-3,1.5
100.053,-3.00678,-3.01773,1.50544,-3,-3,1.5
100.063,-3.00692,-3.01774,1.50547,-3,-3,1.5
100.073,-3.00705,-3.01775,1.50553,-3,-3,1.5
100.083,-3.00717,-3.01776,1.50562,-3,-3,1.5
100.093,-3.00729,-3.01777,1.5057,-3,-3,1.5
100.103,-3.00741,-3.01778,1.50577,-3,-3,1.5
100.113,-3.00753,-3.01779,1.50585,-3,-3,1.5
100.123,-3.00764,-3.0178,1.50592,-3,-3,1.5
100.133,-3.00774,-3.01782,1.50599,-3,-3,1.5
100.143,-3.00784,-3.01783,1.50602,-3,-3,1.5
100.153,-3.00794,-3.01784,1.506,-3,-3,1.5
100.163,-3.00804,-3.01786,1.50598,-3,-3,1.5
100.173,-3.00813,-3.01787,1.50597,-3,-3,1.5
100.183,-3.00823,-3.01788,1.50596,-3,-3,1.5
100.193,-3.00832,-3.0179,1.50595,-3,-3,1.5
100.203,-3.00841,-3.01791,1.50594,-3,-3,1.5
100.213,-3.00851,-3.01792,1.50596,-3,-3,1.5
100.223,-3.0086,-3.01794,1.50602,-3,-3,1.5
100.233,-3.00869,-3.01795,1.50606,-3,-3,1.5
100.243,-3.00879,-3.01796,1.5061,-3,-3,1.5
100.253,-3.00888,-3.01797,1.50614,-3,-3,1.5
100.263,-3.00897,-3.01798,1.50617,-3,-3,1.5
100.273,-3.00907,-3.01799,1.5062,-3,-3,1.5
100.283,-3.00916,-3.018,1.50623,-3,-3,1.5
100.293,-3.00925,-3.018,1.50626,-3,-3,1.5
100.303,-3.00934,-3.01801,1.50629,-3,-3,1.5
100.313,-3.00943,-3.01801,1.50633,-3,-3,1.5
100.323,-3.00951,-3.01802,1.50637,-3,-3,1.5
100.333,-3.0096,-3.01802,1.50639,-3,-3,1.5
100.343,-3.00967,-3.01802,1.50641,-3,-3,1.5
100.353,-3.00975,-3.01802,1.50644,-3,-3,1.5
100.363,-3.00982,-3.01802,1.50645,-3,-3,1.5
100.373,-3.00989,-3.01802,1.50646,-3,-3,1.5
100.383,-3.00995,-3.01801,1.50648,-3,-3,1.5
100.393,-3.01,-3.01801,1.50651,-3,-3,1.5
100.403,-3.01006,-3.018,1.50653,-3,-3,1.5
100.413,-3.0101,-3.01799,1.50655,-3,-3,1.5
100.423,-3.01015,-3.01799,1.50656,-3,-3,1.5
100.433,-3.01018,-3.01798,1.50659,-3,-3,1.5
100.443,-3.01021,-3.01797,1.50663,-3,-3,1.5
100.453,-3.01024,-3.01795,1.50667,-3,-3,1.5
100.463,-3.01026,-3.01794,1.5067,-3,-3,1.5
100.473,-3.01028,-3.01793,1.50671,-3,-3,1.5
100.483,-3.01029,-3.01791,1.50673,-3,-3,1.5
100.493,-3.0103,-3.0179,1.50676,-3,-3,1.5
100.503,-3.01031,-3.01788,1.50678,-3,-3,1.5
100.513,-3.01031,-3.01786,1.5068,-3,-3,1.5
100.523,-3.01031,-3.01785,1.50683,-3,-3,1.5
100.533,-3.0103,-3.01783,1.50686,-3,-3,1.5
100.543,-3.01029,-3.01781,1.50688,-3,-3,1.5
100.553,-3.01028,-3.01779,1.50691,-3,-3,1.5
100.563,-3.01027,-3.01777,1.50694,-3,-3,1.5
100.573,-3.01025,-3.01775,1.50696,-3,-3,1.5
100.583,-3.01023,-3.01773,1.50696,-3,-3,1.5
100.593,-3.01021,-3.0177,1.50693,-3,-3,1.5
100.603,-3.01018,-3.01768,1.50686,-3,-3,1.5
100.613,-3.01015,-3.01766,1.50681,-3,-3,1.5
100.623,-3.01012,-3.01763,1.50676,-3,-3,1.5
100.633,-3.01008,-3.01761,1.50671,-3,-3,1.5
100.643,-3.01004,-3.01758,1.50667,-3,-3,1.5
100.653,-3.01,-3.01755,1.5066,-3,-3,1.5
100.663,-3.00996,-3.01752,1.50652,-3,-3,1.5
100.673,-3.00992,-3.01749,1.50647,-3,-3,1.5
100.683,-3.00987,-3.01746,1.50645,-3,-3,1.5
100.693,-3.00982,-3.01744,1.50642,-3,-3,1.5
100.703,-3.00978,-3.01741,1.50641,-3,-3,1.5
100.713,-3.00973,-3.01739,1.5064,-3,-3,1.5
100.723,-3.00968,-3.01738,1.50643,-3,-3,1.5
100.733,-3.00963,-3.01737,1.50646,-3,-3,1.5
100.743,-3.00958,-3.01736,1.50651,-3,-3,1.5
100.753,-3.00953,-3.01735,1.50655,-3,-3,1.5
100.763,-3.00947,-3.01735,1.50659,-3,-3,1.5
100.773,-3.00942,-3.01736,1.50663,-3,-3,1.5
100.783,-3.00936,-3.01736,1.50666,-3,-3,1.5
100.793,-3.00931,-3.01737,1.50669,-3,-3,1.5
100.803,-3.00925,-3.01737,1.50673,-3,-3,1.5
100.813,-3.00919,-3.01738,1.50676,-3,-3,1.5
100.823,-3.00913,-3.01739,1.50679,-3,-3,1.5
100.833,-3.00907,-3.0174,1.50679,-3,-3,1.5
100.843,-3.009,-3.0174,1.50676,-3,-3,1.5
100.853,-3.00894,-3.01741,1.50671,-3,-3,1.5
100.863,-3.00887,-3.01742,1.5067,-3,-3,1.5
100.873,-3.0088,-3.01743,1.50673,-3,-3,1.5
100.883,-3.00873,-3.01744,1.50674,-3,-3,1.5
100.893,-3.00866,-3.01745,1.50673,-3,-3,1.5
100.903,-3.00859,-3.01746,1.50673,-3,-3,1.5
100.913,-3.00852,-3.01747,1.50674,-3,-3,1.5
100.923,-3.00845,-3.01748,1.50676,-3,-3,1.5
100.933,-3.00837,-3.01749,1.50678,-3,-3,1.5
100.943,-3.0083,-3.0175,1.50681,-3,-3,1.5
100.953,-3.00823,-3.0175,1.50683,-3,-3,1.5
100.963,-3.00816,-3.01751,1.50686,-3,-3,1.5
100.973,-3.00809,-3.01752,1.50689,-3,-3,1.5
100.983,-3.00802,-3.01753,1.50691,-3,-3,1.5
100.993,-3.00795,-3.01754,1.50694,-3,-3,1.5
101.003,-3.00789,-3.01755,1.50697,-3,-3,1.5
101.013,-3.00782,-3.01755,1.507,-3,-3,1.5
101.023,-3.00776,-3.01756,1.50702,-3,-3,1.5
101.033,-3.0077,-3.01757,1.50705,-3,-3,1.5
101.043,-3.00764,-3.01757,1.50708,-3,-3,1.5
101.053,-3.00758,-3.01758,1.5071,-3,-3,1.5
101.063,-3.00752,-3.01759,1.50713,-3,-3,1.5
101.073,-3.00746,-3.0176,1.50717,-3,-3,1.5
101.083,-3.0074,-3.01761,1.5072,-3,-3,1.5
101.093,-3.00735,-3.01763,1.50717,-3,-3,1.5
101.103,-3.00729,-3.01764,1.50715,-3,-3,1.5
101.113,-3.00723,-3.01766,1.50716,-3,-3,1.5
101.123,-3.00717,-3.01768,1.50718,-3,-3,1.5
101.133,-3.00712,-3.0177,1.50719,-3,-3,1.5
101.143,-3.00706,-3.01772,1.50719,-3,-3,1.5
101.153,-3.007,-3.01775,1.5072,-3,-3,1.5
101.163,-3.00694,-3.01778,1.50723,-3,-3,1.5
101.173,-3.00688,-3.0178,1.50727,-3,-3,1.5
101.183,-3.00681,-3.01783,1.50731,-3,-3,1.5
101.193,-3.00675,-3.01786,1.50735,-3,-3,1.5
101.203,-3.00668,-3.01789,1.50738,-3,-3,1.5
101.213,-3.00661,-3.01792,1.50741,-3,-3,1.5
101.223,-3.00654,-3.01795,1.50744,-3,-3,1.5
101.233,-3.00646,-3.01797,1.50746,-3,-3,1.5
101.243,-3.00638,-3.018,1.50747,-3,-3,1.5
101.253,-3.00631,-3.01802,1.50749,-3,-3,1.5
101.263,-3.00622,-3.01805,1.50751,-3,-3,1.5
101.273,-3.00614,-3.01807,1.50753,-3,-3,1.5
101.283,-3.00605,-3.01809,1.50755,-3,-3,1.5
101.293,-3.00597,-3.01811,1.50756,-3,-3,1.5
101.303,-3.00588,-3.01813,1.50757,-3,-3,1.5
101.313,-3.00579,-3.01815,1.5076,-3,-3,1.5
101.323,-3.0057,-3.01817,1.50764,-3,-3,1.5
101.333,-3.00561,-3.01818,1.50767,-3,-3,1.5
101.343,-3.00552,-3.0182,1.5077,-3,-3,1.5
101.353,-3.00542,-3.01821,1.50773,-3,-3,1.5
101.363,-3.00533,-3.01823,1.50776,-3,-3,1.5
101.373,-3.00523,-3.01824,1.50779,-3,-3,1.5
101.383,-3.00514,-3.01826,1.50782,-3,-3,1.5
101.393,-3.00504,-3.01827,1.50784,-3,-3,1.5
101.403,-3.00494,-3.01828,1.50787,-3,-3,1.5
101.413,-3.00484,-3.01829,1.50788,-3,-3,1.5
101.423,-3.00475,-3.0183,1.50789,-3,-3,1.5
101.433,-3.00465,-3.01831,1.5079,-3,-3,1.5
101.443,-3.00455,-3.01832,1.50789,-3,-3,1.5
101.453,-3.00446,-3.01833,1.50788,-3,-3,1.5
101.463,-3.00436,-3.01834,1.50786,-3,-3,1.5
101.473,-3.00426,-3.01835,1.50786,-3,-3,1.5
101.483,-3.00417,-3.01835,1.50785,-3,-3,1.5
101.493,-3.00407,-3.01836,1.50785,-3,-3,1.5
101.503,-3.00398,-3.01837,1.50784,-3,-3,1.5
101.513,-3.00388,-3.01838,1.50784,-3,-3,1.5
101.523,-3.00379,-3.01838,1.50783,-3,-3,1.5
101.533,-3.00369,-3.01839,1.50782,-3,-3,1.5
101.543,-3.0036,-3.0184,1.50782,-3,-3,1.5
101.553,-3.0035,-3.0184,1.50781,-3,-3,1.5
101.563,-3.00341,-3.01841,1.5078,-3,-3,1.5
101.573,-3.00331,-3.01841,1.5078,-3,-3,1.5
101.583,-3.00322,-3.01842,1.5078,-3,-3,1.5
101.593,-3.00313,-3.01843,1.5078,-3,-3,1.5
101.603,-3.00303,-3.01843,1.5078,-3,-3,1.5
101.613,-3.00294,-3.01844,1.50781,-3,-3,1.5
101.623,-3.00284,-3.01844,1.50782,-3,-3,1.5
101.633,-3.00274,-3.01844,1.50783,-3,-3,1.5
101.643,-3.00265,-3.01844,1.50784,-3,-3,1.5
101.653,-3.00255,-3.01845,1.50786,-3,-3,1.5
101.663,-3.00246,-3.01845,1.50788,-3,-3,1.5
101.673,-3.00236,-3.01845,1.5079,-3,-3,1.5
101.683,-3.00226,-3.01845,1.50791,-3,-3,1.5
101.693,-3.00216,-3.01844,1.50793,-3,-3,1.5
101.703,-3.00206,-3.01844,1.50793,-3,-3,1.5
101.713,-3.00196,-3.01844,1.50793,-3,-3,1.5
101.723,-3.00186,-3.01843,1.50793,-3,-3,1.5
101.733,-3.00176,-3.01843,1.50792,-3,-3,1.5
101.743,-3.00166,-3.01842,1.50792,-3,-3,1.5
101.753,-3.00155,-3.01841,1.50792,-3,-3,1.5
101.763,-3.00145,-3.0184,1.50791,-3,-3,1.5
101.773,-3.00134,-3.01839,1.5079,-3,-3,1.5
101.783,-3.00124,-3.01838,1.50789,-3,-3,1.5
101.793,-3.00113,-3.01837,1.50788,-3,-3,1.5
101.803,-3.00103,-3.01836,1.50787,-3,-3,1.5
101.813,-3.00092,-3.01835,1.50786,-3,-3,1.5
101.823,-3.00081,-3.01834,1.50785,-3,-3,1.5
101.833,-3.00071,-3.01832,1.50783,-3,-3,1.5
101.843,-3.0006,-3.01831,1.50781,-3,-3,1.5
101.853,-3.00049,-3.01829,1.50779,-3,-3,1.5
101.863,-3.00038,-3.01828,1.50778,-3,-3,1.5
101.873,-3.00027,-3.01827,1.50778,-3,-3,1.5
101.883,-3.00016,-3.01825,1.50776,-3,-3,1.5
101.893,-3.00005,-3.01824,1.50775,-3,-3,1.5
101.903,-2.99994,-3.01822,1.50776,-3,-3,1.5
101.913,-2.99982,-3.01821,1.50778,-3,-3,1.5
101.923,-2.99971,-3.01819,1.5078,-3,-3,1.5
101.933,-2.99959,-3.01818,1.50781,-3,-3,1.5
101.943,-2.99948,-3.01817,1.50784,-3,-3,1.5
101.953,-2.99936,-3.01815,1.50787,-3,-3,1.5
101.963,-2.99925,-3.01814,1.50789,-3,-3,1.5
101.973,-2.99914,-3.01813,1.50788,-3,-3,1.5
101.983,-2.99903,-3.01813,1.50786,-3,-3,1.5
101.993,-2.99892,-3.01812,1.50784,-3,-3,1.5
102.003,-2.99882,-3.01812,1.50782,-3,-3,1.5
102.013,-2.99871,-3.01811,1.50781,-3,-3,1.5
102.023,-2.99861,-3.01811,1.50782,-3,-3,1.5
102.033,-2.99852,-3.0181,1.50784,-3,-3,1.5
102.043,-2.99842,-3.0181,1.50787,-3,-3,1.5
102.053,-2.99833,-3.0181,1.50789,-3,-3,1.5
102.063,-2.99824,-3.0181,1.5079,-3,-3,1.5
102.073,-2.99815,-3.0181,1.50792,-3,-3,1.5
102.083,-2.99807,-3.0181,1.50794,-3,-3,1.5
102.093,-2.99798,-3.0181,1.50793,-3,-3,1.5
102.103,-2.99791,-3.01811,1.50792,-3,-3,1.5
102.113,-2.99783,-3.01812,1.50791,-3,-3,1.5
102.123,-2.99776,-3.01813,1.5079,-3,-3,1.5
102.133,-2.99769,-3.01814,1.50789,-3,-3,1.5
102.143,-2.99762,-3.01816,1.50787,-3,-3,1.5
102.153,-2.99755,-3.01817,1.50786,-3,-3,1.5
102.163,-2.99749,-3.01819,1.50784,-3,-3,1.5
102.173,-2.99744,-3.0182,1.50783,-3,-3,1.5
102.183,-2.99738,-3.01822,1.50781,-3,-3,1.5
102.193,-2.99733,-3.01824,1.50779,-3,-3,1.5
102.203,-2.99728,-3.01825,1.50778,-3,-3,1.5
102.213,-2.99724,-3.01827,1.50776,-3,-3,1.5
102.223,-2.9972,-3.01829,1.50774,-3,-3,1.5
102.233,-2.99716,-3.0183,1.50772,-3,-3,1.5
102.243,-2.99713,-3.01832,1.5077,-3,-3,1.5
102.253,-2.9971,-3.01833,1.50768,-3,-3,1.5
102.263,-2.99708,-3.01835,1.50765,-3,-3,1.5
102.273,-2.99705,-3.01836,1.50762,-3,-3,1.5
102.283,-2.99704,-3.01838,1.5076,-3,-3,1.5
102.293,-2.99702,-3.01839,1.50758,-3,-3,1.5
102.303,-2.99701,-3.01841,1.50755,-3,-3,1.5
102.313,-2.997,-3.01842,1.50753,-3,-3,1.5
102.323,-2.99699,-3.01844,1.50752,-3,-3,1.5
102.333,-2.99699,-3.01846,1.5075,-3,-3,1.5
102.343,-2.99699,-3.01847,1.50748,-3,-3,1.5
102.353,-2.99699,-3.01849,1.50746,-3,-3,1.5
102.363,-2.99699,-3.0185,1.50744,-3,-3,1.5
102.373,-2.997,-3.01852,1.50743,-3,-3,1.5
102.383,-2.99701,-3.01853,1.50742,-3,-3,1.5
102.393,-2.99702,-3.01855,1.50741,-3,-3,1.5
102.403,-2.99703,-3.01856,1.5074,-3,-3,1.5
102.413,-2.99704,-3.01858,1.5074,-3,-3,1.5
102.423,-2.99706,-3.01859,1.50739,-3,-3,1.5
102.433,-2.99708,-3.0186,1.50738,-3,-3,1.5
102.443,-2.9971,-3.01861,1.50737,-3,-3,1.5
102.453,-2.99713,-3.01862,1.50735,-3,-3,1.5
102.463,-2.99715,-3.01863,1.50734,-3,-3,1.5
102.473,-2.99718,-3.01864,1.50732,-3,-3,1.5
102.483,-2.99721,-3.01865,1.50729,-3,-3,1.5
102.493,-2.99724,-3.01866,1.50727,-3,-3,1.5
102.503,-2.99727,-3.01867,1.50725,-3,-3,1.5
102.513,-2.99731,-3.01867,1.50723,-3,-3,1.5
102.523,-2.99734,-3.01868,1.50721,-3,-3,1.5
102.533,-2.99738,-3.01868,1.5072,-3,-3,1.5
102.543,-2.99742,-3.01869,1.50718,-3,-3,1.5
102.553,-2.99746,-3.01869,1.50717,-3,-3,1.5
102.563,-2.9975,-3.01869,1.50715,-3,-3,1.5
102.574,-2.99754,-3.01869,1.50714,-3,-3,1.5
102.584,-2.99758,-3.01869,1.50713,-3,-3,1.5
102.594,-2.99762,-3.01869,1.50711,-3,-3,1.5
102.604,-2.99766,-3.01868,1.50709,-3,-3,1.5
102.614,-2.9977,-3.01868,1.50706,-3,-3,1.5
102.624,-2.99774,-3.01868,1.50702,-3,-3,1.5
102.634,-2.99778,-3.01867,1.50699,-3,-3,1.5
102.644,-2.99782,-3.01866,1.50696,-3,-3,1.5
102.654,-2.99786,-3.01866,1.50693,-3,-3,1.5
102.664,-2.9979,-3.01865,1.5069,-3,-3,1.5
102.674,-2.99794,-3.01864,1.50687,-3,-3,1.5
102.684,-2.99798,-3.01863,1.50683,-3,-3,1.5
102.694,-2.99802,-3.01862,1.5068,-3,-3,1.5
102.704,-2.99805,-3.01861,1.50677,-3,-3,1.5
102.714,-2.99809,-3.0186,1.50674,-3,-3,1.5
102.724,-2.99813,-3.01859,1.50671,-3,-3,1.5
102.734,-2.99816,-3.01858,1.50669,-3,-3,1.5
102.744,-2.9982,-3.01857,1.50666,-3,-3,1.5
102.754,-2.99823,-3.01856,1.50663,-3,-3,1.5
102.764,-2.99827,-3.01854,1.50661,-3,-3,1.5
102.774,-2.9983,-3.01853,1.50658,-3,-3,1.5
102.784,-2.99833,-3.01852,1.50655,-3,-3,1.5
102.794,-2.99837,-3.0185,1.50652,-3,-3,1.5
102.804,-2.9984,-3.01849,1.5065,-3,-3,1.5
102.814,-2.99843,-3.01847,1.50647,-3,-3,1.5
102.824,-2.99847,-3.01845,1.50645,-3,-3,1.5
102.834,-2.9985,-3.01844,1.50641,-3,-3,1.5
102.844,-2.99853,-3.01842,1.50637,-3,-3,1.5
102.854,-2.99856,-3.0184,1.50633,-3,-3,1.5
102.864,-2.9986,-3.01838,1.50629,-3,-3,1.5
102.874,-2.99863,-3.01836,1.50624,-3,-3,1.5
102.884,-2.99866,-3.01834,1.5062,-3,-3,1.5
102.894,-2.9987,-3.01832,1.50616,-3,-3,1.5
102.904,-2.99873,-3.0183,1.50612,-3,-3,1.5
102.914,-2.99876,-3.01828,1.50608,-3,-3,1.5
102.924,-2.99879,-3.01826,1.50605,-3,-3,1.5
102.934,-2.99882,-3.01824,1.50601,-3,-3,1.5
102.944,-2.99886,-3.01821,1.50595,-3,-3,1.5
102.954,-2.99889,-3.01819,1.50587,-3,-3,1.5
102.964,-2.99892,-3.01817,1.50583,-3,-3,1.5
102.974,-2.99895,-3.01815,1.50583,-3,-3,1.5
102.984,-2.99899,-3.01812,1.50581,-3,-3,1.5
102.994,-2.99902,-3.0181,1.5058,-3,-3,1.5
103.004,-2.99905,-3.01807,1.50578,-3,-3,1.5
103.014,-2.99908,-3.01805,1.50575,-3,-3,1.5
103.024,-2.99911,-3.01802,1.50572,-3,-3,1.5
103.034,-2.99914,-3.01799,1.50569,-3,-3,1.5
103.044,-2.99918,-3.01797,1.50565,-3,-3,1.5
103.054,-2.99921,-3.01794,1.50562,-3,-3,1.5
103.064,-2.99923,-3.01791,1.50558,-3,-3,1.5
103.074,-2.99926,-3.01788,1.50555,-3,-3,1.5
103.084,-2.99929,-3.01785,1.50552,-3,-3,1.5
103.094,-2.99932,-3.01782,1.5055,-3,-3,1.5
103.104,-2.99935,-3.01779,1.50547,-3,-3,1.5
103.114,-2.99938,-3.01776,1.50545,-3,-3,1.5
103.124,-2.9994,-3.01773,1.50542,-3,-3,1.5
103.134,-2.99943,-3.01769,1.5054,-3,-3,1.5
103.144,-2.99945,-3.01766,1.50537,-3,-3,1.5
103.154,-2.99948,-3.01763,1.50533,-3,-3,1.5
103.164,-2.99951,-3.01759,1.50531,-3,-3,1.5
103.174,-2.99953,-3.01756,1.50528,-3,-3,1.5
103.184,-2.99956,-3.01752,1.50528,-3,-3,1.5
103.194,-2.99959,-3.01749,1.50531,-3,-3,1.5
103.204,-2.99962,-3.01745,1.50535,-3,-3,1.5
103.214,-2.99965,-3.01742,1.5054,-3,-3,1.5
103.224,-2.99968,-3.01739,1.50543,-3,-3,1.5
103.234,-2.99971,-3.01735,1.50546,-3,-3,1.5
103.244,-2.99974,-3.01732,1.50548,-3,-3,1.5
103.254,-2.99977,-3.01729,1.5055,-3,-3,1.5
103.264,-2.9998,-3.01726,1.50552,-3,-3,1.5
103.274,-2.99984,-3.01723,1.50558,-3,-3,1.5
103.284,-2.99987,-3.01721,1.50566,-3,-3,1.5
103.294,-2.99991,-3.01718,1.50573,-3,-3,1.5
103.304,-2.99995,-3.01716,1.50578,-3,-3,1.5
103.314,-2.99999,-3.01713,1.50581,-3,-3,1.5
103.324,-3.00003,-3.01711,1.50583,-3,-3,1.5
103.334,-3.00007,-3.01709,1.50586,-3,-3,1.5
103.344,-3.00011,-3.01707,1.50591,-3,-3,1.5
103.354,-3.00015,-3.01705,1.50593,-3,-3,1.5
103.364,-3.00019,-3.01704,1.50592,-3,-3,1.5
103.374,-3.00023,-3.01702,1.50588,-3,-3,1.5
103.384,-3.00026,-3.01701,1.50584,-3,-3,1.5
103.394,-3.0003,-3.01699,1.50581,-3,-3,1.5
103.404,-3.00034,-3.01698,1.50578,-3,-3,1.5
103.414,-3.00037,-3.01696,1.50576,-3,-3,1.5
103.424,-3.00041,-3.01695,1.50574,-3,-3,1.5
103.434,-3.00045,-3.01693,1.50573,-3,-3,1.5
103.444,-3.00048,-3.01692,1.5057,-3,-3,1.5
103.454,-3.00052,-3.0169,1.50566,-3,-3,1.5
103.464,-3.00056,-3.01689,1.50561,-3,-3,1.5
103.474,-3.00059,-3.01687,1.50561,-3,-3,1.5
103.484,-3.00063,-3.01685,1.50565,-3,-3,1.5
103.494,-3.00067,-3.01684,1.50566,-3,-3,1.5
103.504,-3.00071,-3.01682,1.50565,-3,-3,1.5
103.514,-3.00075,-3.0168,1.50564,-3,-3,1.5
103.524,-3.00079,-3.01678,1.50562,-3,-3,1.5
103.534,-3.00083,-3.01676,1.50564,-3,-3,1.5
103.544,-3.00087,-3.01674,1.5057,-3,-3,1.5
103.554,-3.00092,-3.01672,1.50576,-3,-3,1.5
103.564,-3.00096,-3.0167,1.50581,-3,-3,1.5
103.574,-3.00101,-3.01668,1.50589,-3,-3,1.5
103.584,-3.00105,-3.01666,1.50595,-3,-3,1.5
103.594,-3.00109,-3.01664,1.50598,-3,-3,1.5
103.604,-3.00114,-3.01663,1.50603,-3,-3,1.5
103.614,-3.00118,-3.01662,1.50611,-3,-3,1.5
103.624,-3.00122,-3.01661,1.50623,-3,-3,1.5
103.634,-3.00127,-3.0166,1.50632,-3,-3,1.5
103.644,-3.00131,-3.0166,1.50636,-3,-3,1.5
103.654,-3.00135,-3.0166,1.50639,-3,-3,1.5
103.664,-3.00139,-3.01661,1.5064,-3,-3,1.5
103.674,-3.00143,-3.01661,1.5064,-3,-3,1.5
103.684,-3.00148,-3.01662,1.50638,-3,-3,1.5
103.694,-3.00152,-3.01663,1.50632,-3,-3,1.5
103.704,-3.00156,-3.01664,1.50629,-3,-3,1.5
103.714,-3.0016,-3.01665,1.50631,-3,-3,1.5
103.724,-3.00165,-3.01666,1.50634,-3,-3,1.5
103.734,-3.00169,-3.01667,1.50637,-3,-3,1.5
103.744,-3.00173,-3.01667,1.5064,-3,-3,1.5
103.754,-3.00177,-3.01667,1.50641,-3,-3,1.5
103.764,-3.00181,-3.01666,1.50641,-3,-3,1.5
103.774,-3.00185,-3.01665,1.50639,-3,-3,1.5
103.784,-3.00188,-3.01664,1.50637,-3,-3,1.5
103.794,-3.00192,-3.01662,1.50636,-3,-3,1.5
103.804,-3.00196,-3.0166,1.50633,-3,-3,1.5
103.814,-3.00199,-3.01658,1.50631,-3,-3,1.5
103.824,-3.00203,-3.01656,1.50629,-3,-3,1.5
103.834,-3.00206,-3.01654,1.50626,-3,-3,1.5
103.844,-3.0021,-3.01651,1.50624,-3,-3,1.5
103.854,-3.00213,-3.01648,1.50621,-3,-3,1.5
103.864,-3.00216,-3.01646,1.50619,-3,-3,1.5
103.874,-3.00219,-3.01643,1.50617,-3,-3,1.5
103.884,-3.00222,-3.0164,1.50614,-3,-3,1.5
103.894,-3.00225,-3.01637,1.5061,-3,-3,1.5
103.904,-3.00228,-3.01634,1.50606,-3,-3,1.5
103.914,-3.00231,-3.01631,1.50604,-3,-3,1.5
103.924,-3.00234,-3.01628,1.50602,-3,-3,1.5
103.934,-3.00237,-3.01625,1.506,-3,-3,1.5
103.944,-3.0024,-3.01621,1.50598,-3,-3,1.5
103.954,-3.00242,-3.01618,1.50596,-3,-3,1.5
103.964,-3.00245,-3.01615,1.50595,-3,-3,1.5
103.974,-3.00248,-3.01611,1.50596,-3,-3,1.5
103.984,-3.0025,-3.01608,1.50598,-3,-3,1.5
103.994,-3.00253,-3.01604,1.50601,-3,-3,1.5
104.004,-3.00256,-3.016,1.50602,-3,-3,1.5
104.014,-3.00259,-3.01597,1.50603,-3,-3,1.5
104.024,-3.00262,-3.01593,1.50604,-3,-3,1.5
104.034,-3.00265,-3.01589,1.50605,-3,-3,1.5
104.044,-3.00268,-3.01586,1.50605,-3,-3,1.5
104.054,-3.00272,-3.01582,1.50606,-3,-3,1.5
104.064,-3.00276,-3.01578,1.50607,-3,-3,1.5
104.074,-3.0028,-3.01575,1.50608,-3,-3,1.5
104.084,-3.00284,-3.01572,1.50609,-3,-3,1.5
104.094,-3.00288,-3.01569,1.50611,-3,-3,1.5
104.104,-3.00292,-3.01566,1.50611,-3,-3,1.5
104.114,-3.00297,-3.01563,1.50613,-3,-3,1.5
104.124,-3.00302,-3.0156,1.50617,-3,-3,1.5
104.134,-3.00307,-3.01558,1.5062,-3,-3,1.5
104.144,-3.00312,-3.01555,1.50622,-3,-3,1.5
104.154,-3.00317,-3.01553,1.50623,-3,-3,1.5
104.164,-3.00322,-3.01551,1.50622,-3,-3,1.5
104.174,-3.00327,-3.01549,1.50622,-3,-3,1.5
104.184,-3.00333,-3.01547,1.50621,-3,-3,1.5
104.194,-3.00338,-3.01545,1.50618,-3,-3,1.5
104.204,-3.00343,-3.01543,1.50615,-3,-3,1.5
104.214,-3.00349,-3.01542,1.50613,-3,-3,1.5
104.224,-3.00354,-3.0154,1.5061,-3,-3,1.5
104.234,-3.00359,-3.01539,1.50607,-3,-3,1.5
104.244,-3.00364,-3.01537,1.50603,-3,-3,1.5
104.254,-3.00369,-3.01536,1.50599,-3,-3,1.5
104.264,-3.00374,-3.01534,1.50596,-3,-3,1.5
104.274,-3.00378,-3.01532,1.50592,-3,-3,1.5
104.284,-3.00383,-3.01531,1.50588,-3,-3,1.5
104.294,-3.00387,-3.01529,1.50585,-3,-3,1.5
104.304,-3.00391,-3.01528,1.50583,-3,-3,1.5
104.314,-3.00395,-3.01526,1.50581,-3,-3,1.5
104.324,-3.00399,-3.01524,1.50578,-3,-3,1.5
104.334,-3.00402,-3.01522,1.50575,-3,-3,1.5
104.344,-3.00406,-3.0152,1.50572,-3,-3,1.5
104.354,-3.00409,-3.01517,1.5057,-3,-3,1.5
104.364,-3.00412,-3.01515,1.50567,-3,-3,1.5
104.374,-3.00416,-3.01513,1.50565,-3,-3,1.5
104.384,-3.00419,-3.0151,1.50562,-3,-3,1.5
104.394,-3.00422,-3.01507,1.50559,-3,-3,1.5
104.404,-3.00425,-3.01505,1.50557,-3,-3,1.5
104.414,-3.00429,-3.01502,1.50554,-3,-3,1.5
104.424,-3.00432,-3.01499,1.5055,-3,-3,1.5
104.434,-3.00435,-3.01496,1.50547,-3,-3,1.5
104.444,-3.00439,-3.01492,1.50545,-3,-3,1.5
104.454,-3.00442,-3.01489,1.50542,-3,-3,1.5
104.464,-3.00446,-3.01486,1.50539,-3,-3,1.5
104.474,-3.00449,-3.01482,1.50536,-3,-3,1.5
104.484,-3.00453,-3.01479,1.50533,-3,-3,1.5
104.494,-3.00457,-3.01475,1.50531,-3,-3,1.5
104.504,-3.00461,-3.01472,1.50531,-3,-3,1.5
104.514,-3.00465,-3.01468,1.50532,-3,-3,1.5
104.524,-3.00469,-3.01465,1.50535,-3,-3,1.5
104.534,-3.00473,-3.01461,1.50538,-3,-3,1.5
104.544,-3.00477,-3.01457,1.50539,-3,-3,1.5
104.554,-3.00481,-3.01454,1.5054,-3,-3,1.5
104.564,-3.00485,-3.01451,1.5054,-3,-3,1.5
104.574,-3.00489,-3.01447,1.5054,-3,-3,1.5
104.584,-3.00493,-3.01444,1.50541,-3,-3,1.5
104.594,-3.00497,-3.01441,1.50541,-3,-3,1.5
104.604,-3.00501,-3.01438,1.50541,-3,-3,1.5
104.614,-3.00505,-3.01435,1.50541,-3,-3,1.5
104.624,-3.00508,-3.01432,1.50541,-3,-3,1.5
104.634,-3.00512,-3.01429,1.50541,-3,-3,1.5
104.644,-3.00516,-3.01426,1.50541,-3,-3,1.5
104.654,-3.00519,-3.01423,1.50541,-3,-3,1.5
104.664,-3.00522,-3.0142,1.5054,-3,-3,1.5
104.674,-3.00526,-3.01417,1.50539,-3,-3,1.5
104.684,-3.00529,-3.01414,1.50537,-3,-3,1.5
104.694,-3.00532,-3.01411,1.50536,-3,-3,1.5
104.704,-3.00535,-3.01408,1.50535,-3,-3,1.5
104.714,-3.00537,-3.01405,1.50533,-3,-3,1.5
104.724,-3.0054,-3.01402,1.50532,-3,-3,1.5
104.734,-3.00542,-3.01399,1.5053,-3,-3,1.5
104.744,-3.00544,-3.01396,1.50528,-3,-3,1.5
104.754,-3.00546,-3.01393,1.50526,-3,-3,1.5
104.764,-3.00548,-3.0139,1.50524,-3,-3,1.5
104.774,-3.00549,-3.01387,1.50522,-3,-3,1.5
104.784,-3.0055,-3.01384,1.50519,-3,-3,1.5
104.794,-3.00551,-3.01381,1.50518,-3,-3,1.5
104.804,-3.00552,-3.01379,1.50516,-3,-3,1.5
104.814,-3.00552,-3.01376,1.50514,-3,-3,1.5
104.824,-3.00553,-3.01373,1.50512,-3,-3,1.5
104.834,-3.00553,-3.0137,1.5051,-3,-3,1.5
104.844,-3.00552,-3.01367,1.50508,-3,-3,1.5
104.854,-3.00552,-3.01365,1.50506,-3,-3,1.5
104.864,-3.00551,-3.01362,1.50504,-3,-3,1.5
104.874,-3.0055,-3.0136,1.50501,-3,-3,1.5
104.884,-3.00549,-3.01357,1.50498,-3,-3,1.5
104.894,-3.00548,-3.01355,1.50496,-3,-3,1.5
104.904,-3.00547,-3.01352,1.50493,-3,-3,1.5
104.914,-3.00545,-3.0135,1.50491,-3,-3,1.5
104.924,-3.00544,-3.01348,1.50489,-3,-3,1.5
104.934,-3.00542,-3.01346,1.50488,-3,-3,1.5
104.944,-3.00541,-3.01343,1.50486,-3,-3,1.5
104.954,-3.00539,-3.01341,1.50485,-3,-3,1.5
104.964,-3.00538,-3.01339,1.50484,-3,-3,1.5
104.974,-3.00536,-3.01337,1.50482,-3,-3,1.5
104.984,-3.00535,-3.01336,1.50482,-3,-3,1.5
104.994,-3.00534,-3.01334,1.50481,-3,-3,1.5
105.004,-3.00533,-3.01332,1.50481,-3,-3,1.5
105.014,-3.00532,-3.0133,1.50479,-3,-3,1.5
105.024,-3.00532,-3.01329,1.50477,-3,-3,1.5
105.034,-3.00531,-3.01328,1.50475,-3,-3,1.5
105.044,-3.00531,-3.01326,1.50475,-3,-3,1.5
105.054,-3.00531,-3.01325,1.50475,-3,-3,1.5
105.064,-3.00532,-3.01324,1.50477,-3,-3,1.5
105.074,-3.00532,-3.01323,1.50479,-3,-3,1.5
105.084,-3.00533,-3.01322,1.50482,-3,-3,1.5
105.094,-3.00534,-3.01321,1.50485,-3,-3,1.5
105.104,-3.00535,-3.01321,1.50488,-3,-3,1.5
105.114,-3.00536,-3.0132,1.50491,-3,-3,1.5
105.124,-3.00537,-3.0132,1.50493,-3,-3,1.5
105.134,-3.00538,-3.0132,1.50496,-3,-3,1.5
105.144,-3.00539,-3.0132,1.50498,-3,-3,1.5
105.154,-3.0054,-3.0132,1.505,-3,-3,1.5
105.164,-3.00541,-3.0132,1.50502,-3,-3,1.5
105.174,-3.00542,-3.0132,1.50503,-3,-3,1.5
105.184,-3.00543,-3.01321,1.50503,-3,-3,1.5
105.194,-3.00544,-3.01321,1.50503,-3,-3,1.5
105.204,-3.00544,-3.01322,1.50502,-3,-3,1.5
105.214,-3.00545,-3.01322,1.50501,-3,-3,1.5
105.224,-3.00545,-3.01323,1.505,-3,-3,1.5
105.234,-3.00545,-3.01323,1.50499,-3,-3,1.5
105.244,-3.00544,-3.01324,1.50498,-3,-3,1.5
105.254,-3.00544,-3.01324,1.50497,-3,-3,1.5
105.264,-3.00543,-3.01325,1.50496,-3,-3,1.5
105.274,-3.00541,-3.01326,1.50495,-3,-3,1.5
105.284,-3.0054,-3.01326,1.50494,-3,-3,1.5
105.294,-3.00538,-3.01327,1.50493,-3,-3,1.5
105.304,-3.00535,-3.01327,1.50491,-3,-3,1.5
105.314,-3.00533,-3.01328,1.5049,-3,-3,1.5
105.324,-3.0053,-3.01328,1.50489,-3,-3,1.5
105.334,-3.00526,-3.01329,1.50488,-3,-3,1.5
105.344,-3.00522,-3.0133,1.50487,-3,-3,1.5
105.354,-3.00518,-3.0133,1.50486,-3,-3,1.5
105.364,-3.00514,-3.01331,1.50485,-3,-3,1.5
105.374,-3.00509,-3.01331,1.50484,-3,-3,1.5
105.384,-3.00503,-3.01332,1.50484,-3,-3,1.5
105.394,-3.00498,-3.01333,1.50483,-3,-3,1.5
105.404,-3.00492,-3.01333,1.50482,-3,-3,1.5
105.414,-3.00486,-3.01334,1.50481,-3,-3,1.5
105.424,-3.00479,-3.01334,1.50481,-3,-3,1.5
105.434,-3.00472,-3.01335,1.50482,-3,-3,1.5
105.444,-3.00465,-3.01335,1.50482,-3,-3,1.5
105.454,-3.00458,-3.01336,1.50483,-3,-3,1.5
105.464,-3.0045,-3.01336,1.50483,-3,-3,1.5
105.474,-3.00442,-3.01336,1.50484,-3,-3,1.5
105.484,-3.00434,-3.01337,1.50486,-3,-3,1.5
105.494,-3.00426,-3.01337,1.50488,-3,-3,1.5
105.504,-3.00418,-3.01337,1.5049,-3,-3,1.5
105.514,-3.0041,-3.01337,1.50492,-3,-3,1.5
105.524,-3.00402,-3.01337,1.50494,-3,-3,1.5
105.534,-3.00394,-3.01337,1.50496,-3,-3,1.5
105.544,-3.00385,-3.01337,1.50497,-3,-3,1.5
105.554,-3.00377,-3.01337,1.50499,-3,-3,1.5
105.564,-3.00368,-3.01336,1.50501,-3,-3,1.5
105.574,-3.0036,-3.01336,1.50503,-3,-3,1.5
105.584,-3.00351,-3.01335,1.50504,-3,-3,1.5
105.594,-3.00342,-3.01335,1.50505,-3,-3,1.5
105.604,-3.00333,-3.01334,1.50507,-3,-3,1.5
105.614,-3.00325,-3.01333,1.50508,-3,-3,1.5
105.624,-3.00316,-3.01332,1.50509,-3,-3,1.5
105.634,-3.00306,-3.01332,1.50511,-3,-3,1.5
105.644,-3.00297,-3.01331,1.50511,-3,-3,1.5
105.654,-3.00288,-3.0133,1.50513,-3,-3,1.5
105.664,-3.00278,-3.01328,1.50513,-3,-3,1.5
105.674,-3.00269,-3.01327,1.50513,-3,-3,1.5
105.684,-3.00259,-3.01326,1.50514,-3,-3,1.5
105.694,-3.00249,-3.01325,1.50514,-3,-3,1.5
105.704,-3.00239,-3.01323,1.50515,-3,-3,1.5
105.714,-3.00228,-3.01322,1.50515,-3,-3,1.5
105.724,-3.00218,-3.01321,1.50515,-3,-3,1.5
105.734,-3.00207,-3.01319,1.50516,-3,-3,1.5
105.744,-3.00197,-3.01318,1.50516,-3,-3,1.5
105.754,-3.00186,-3.01316,1.50516,-3,-3,1.5
105.764,-3.00175,-3.01314,1.50516,-3,-3,1.5
105.774,-3.00164,-3.01313,1.50516,-3,-3,1.5
105.784,-3.00154,-3.01311,1.50517,-3,-3,1.5
105.794,-3.00143,-3.0131,1.50518,-3,-3,1.5
105.804,-3.00132,-3.01308,1.50519,-3,-3,1.5
105.814,-3.00121,-3.01307,1.5052,-3,-3,1.5
105.824,-3.0011,-3.01305,1.50522,-3,-3,1.5
105.834,-3.001,-3.01304,1.50524,-3,-3,1.5
105.844,-3.00089,-3.01302,1.50525,-3,-3,1.5
105.854,-3.00078,-3.01301,1.50526,-3,-3,1.5
105.864,-3.00067,-3.013,1.50526,-3,-3,1.5
105.874,-3.00057,-3.01298,1.50526,-3,-3,1.5
105.884,-3.00046,-3.01297,1.50527,-3,-3,1.5
105.894,-3.00035,-3.01296,1.50531,-3,-3,1.5
105.904,-3.00024,-3.01295,1.50536,-3,-3,1.5
105.914,-3.00013,-3.01293,1.5054,-3,-3,1.5
105.924,-3.00001,-3.01292,1.50545,-3,-3,1.5
105.934,-2.9999,-3.01291,1.50549,-3,-3,1.5
105.944,-2.99979,-3.01289,1.50553,-3,-3,1.5
105.954,-2.99967,-3.01288,1.50557,-3,-3,1.5
105.964,-2.99956,-3.01287,1.5056,-3,-3,1.5
105.974,-2.99945,-3.01285,1.50563,-3,-3,1.5
105.984,-2.99934,-3.01284,1.50566,-3,-3,1.5
105.994,-2.99923,-3.01282,1.5057,-3,-3,1.5
106.004,-2.99912,-3.01281,1.50573,-3,-3,1.5
106.014,-2.99901,-3.01279,1.50576,-3,-3,1.5
106.024,-2.9989,-3.01278,1.50579,-3,-3,1.5
106.034,-2.99879,-3.01276,1.50582,-3,-3,1.5
106.044,-2.99869,-3.01275,1.50584,-3,-3,1.5
106.054,-2.99858,-3.01273,1.50587,-3,-3,1.5
106.064,-2.99848,-3.01271,1.50588,-3,-3,1.5
106.074,-2.99838,-3.0127,1.50592,-3,-3,1.5
106.084,-2.99827,-3.01268,1.50597,-3,-3,1.5
106.094,-2.99817,-3.01266,1.50602,-3,-3,1.5
106.104,-2.99807,-3.01265,1.50605,-3,-3,1.5
106.114,-2.99797,-3.01263,1.50608,-3,-3,1.5
106.124,-2.99787,-3.01261,1.50611,-3,-3,1.5
106.134,-2.99777,-3.01259,1.50613,-3,-3,1.5
106.144,-2.99767,-3.01257,1.50616,-3,-3,1.5
106.154,-2.99757,-3.01256,1.50619,-3,-3,1.5
106.164,-2.99747,-3.01254,1.50623,-3,-3,1.5
106.174,-2.99737,-3.01252,1.50626,-3,-3,1.5
106.184,-2.99727,-3.0125,1.50629,-3,-3,1.5
106.194,-2.99717,-3.01248,1.50631,-3,-3,1.5
106.204,-2.99707,-3.01247,1.50634,-3,-3,1.5
106.214,-2.99696,-3.01245,1.50636,-3,-3,1.5
106.224,-2.99686,-3.01243,1.50639,-3,-3,1.5
106.234,-2.99676,-3.01241,1.50642,-3,-3,1.5
106.244,-2.99666,-3.01239,1.50644,-3,-3,1.5
106.254,-2.99656,-3.01237,1.50646,-3,-3,1.5
106.264,-2.99646,-3.01236,1.50648,-3,-3,1.5
106.274,-2.99635,-3.01234,1.50652,-3,-3,1.5
106.284,-2.99625,-3.01232,1.50655,-3,-3,1.5
106.294,-2.99615,-3.01229,1.50658,-3,-3,1.5
106.304,-2.99605,-3.01227,1.50662,-3,-3,1.5
106.314,-2.99594,-3.01225,1.50667,-3,-3,1.5
106.324,-2.99584,-3.01223,1.50672,-3,-3,1.5
106.334,-2.99574,-3.01221,1.50677,-3,-3,1.5
106.344,-2.99564,-3.01219,1.5068,-3,-3,1.5
106.354,-2.99554,-3.01217,1.50684,-3,-3,1.5
106.364,-2.99544,-3.01214,1.50687,-3,-3,1.5
106.374,-2.99534,-3.01212,1.5069,-3,-3,1.5
106.384,-2.99524,-3.0121,1.50691,-3,-3,1.5
106.394,-2.99514,-3.01209,1.50691,-3,-3,1.5
106.404,-2.99504,-3.01207,1.50691,-3,-3,1.5
106.414,-2.99495,-3.01205,1.50691,-3,-3,1.5
106.424,-2.99485,-3.01203,1.50692,-3,-3,1.5
106.434,-2.99476,-3.01202,1.50692,-3,-3,1.5
106.444,-2.99467,-3.012,1.50693,-3,-3,1.5
106.454,-2.99458,-3.01199,1.50694,-3,-3,1.5
106.464,-2.99449,-3.01198,1.50695,-3,-3,1.5
106.474,-2.99439,-3.01197,1.50696,-3,-3,1.5
106.484,-2.99431,-3.01196,1.50697,-3,-3,1.5
106.494,-2.99422,-3.01195,1.50697,-3,-3,1.5
106.504,-2.99413,-3.01194,1.50698,-3,-3,1.5
106.514,-2.99404,-3.01194,1.50699,-3,-3,1.5
106.524,-2.99396,-3.01193,1.507,-3,-3,1.5
106.534,-2.99387,-3.01193,1.50702,-3,-3,1.5
106.544,-2.99378,-3.01193,1.50704,-3,-3,1.5
106.554,-2.9937,-3.01193,1.50706,-3,-3,1.5
106.564,-2.99362,-3.01193,1.50708,-3,-3,1.5
106.574,-2.99353,-3.01194,1.5071,-3,-3,1.5
106.584,-2.99345,-3.01194,1.50712,-3,-3,1.5
106.594,-2.99336,-3.01195,1.50714,-3,-3,1.5
106.604,-2.99328,-3.01196,1.50716,-3,-3,1.5
106.614,-2.99319,-3.01197,1.50718,-3,-3,1.5
106.624,-2.99311,-3.01198,1.5072,-3,-3,1.5
106.634,-2.99302,-3.012,1.50725,-3,-3,1.5
106.644,-2.99294,-3.01201,1.50726,-3,-3,1.5
106.654,-2.99285,-3.01202,1.50722,-3,-3,1.5
106.664,-2.99276,-3.01204,1.50721,-3,-3,1.5
106.674,-2.99268,-3.01206,1.50723,-3,-3,1.5
106.684,-2.99259,-3.01207,1.50725,-3,-3,1.5
106.694,-2.99251,-3.01209,1.50726,-3,-3,1.5
106.704,-2.99242,-3.01211,1.50727,-3,-3,1.5
106.714,-2.99234,-3.01213,1.50729,-3,-3,1.5
106.724,-2.99225,-3.01216,1.50733,-3,-3,1.5
106.734,-2.99216,-3.01218,1.50734,-3,-3,1.5
106.744,-2.99208,-3.01221,1.5073,-3,-3,1.5
106.754,-2.99199,-3.01223,1.50729,-3,-3,1.5
106.764,-2.99191,-3.01226,1.50731,-3,-3,1.5
106.774,-2.99182,-3.01229,1.5073,-3,-3,1.5
106.784,-2.99174,-3.01232,1.50727,-3,-3,1.5
106.794,-2.99165,-3.01235,1.50723,-3,-3,1.5
106.804,-2.99157,-3.01238,1.50718,-3,-3,1.5
106.814,-2.99149,-3.01241,1.50714,-3,-3,1.5
106.824,-2.99141,-3.01244,1.50705,-3,-3,1.5
106.834,-2.99132,-3.01247,1.507,-3,-3,1.5
106.844,-2.99124,-3.0125,1.507,-3,-3,1.5
106.854,-2.99116,-3.01253,1.507,-3,-3,1.5
106.864,-2.99109,-3.01256,1.50699,-3,-3,1.5
106.874,-2.99101,-3.01259,1.50697,-3,-3,1.5
106.884,-2.99094,-3.01263,1.50695,-3,-3,1.5
106.894,-2.99086,-3.01267,1.50694,-3,-3,1.5
106.904,-2.99079,-3.01271,1.50693,-3,-3,1.5
106.914,-2.99073,-3.01275,1.50693,-3,-3,1.5
106.924,-2.99066,-3.0128,1.50693,-3,-3,1.5
106.934,-2.99059,-3.01286,1.50694,-3,-3,1.5
106.944,-2.99053,-3.01291,1.50695,-3,-3,1.5
106.954,-2.99046,-3.01297,1.50696,-3,-3,1.5
106.964,-2.99039,-3.01304,1.50696,-3,-3,1.5
106.974,-2.99032,-3.0131,1.50696,-3,-3,1.5
106.984,-2.99026,-3.01317,1.50696,-3,-3,1.5
106.994,-2.99019,-3.01325,1.50697,-3,-3,1.5
107.004,-2.99012,-3.01332,1.507,-3,-3,1.5
107.014,-2.99004,-3.0134,1.50705,-3,-3,1.5
107.024,-2.98997,-3.01349,1.50709,-3,-3,1.5
107.034,-2.9899,-3.01357,1.50713,-3,-3,1.5
107.044,-2.98982,-3.01365,1.50715,-3,-3,1.5
107.054,-2.98975,-3.01373,1.50717,-3,-3,1.5
107.064,-2.98967,-3.01381,1.50719,-3,-3,1.5
107.074,-2.9896,-3.01389,1.50722,-3,-3,1.5
107.084,-2.98952,-3.01397,1.50725,-3,-3,1.5
107.094,-2.98945,-3.01405,1.50728,-3,-3,1.5
107.104,-2.98937,-3.01412,1.50729,-3,-3,1.5
107.114,-2.98929,-3.0142,1.5073,-3,-3,1.5
107.124,-2.98922,-3.01427,1.50734,-3,-3,1.5
107.134,-2.98914,-3.01434,1.50738,-3,-3,1.5
107.144,-2.98906,-3.01441,1.5074,-3,-3,1.5
107.154,-2.98899,-3.01448,1.50743,-3,-3,1.5
107.164,-2.98891,-3.01455,1.50746,-3,-3,1.5
107.174,-2.98884,-3.01462,1.50749,-3,-3,1.5
107.184,-2.98876,-3.01469,1.50752,-3,-3,1.5
107.194,-2.98868,-3.01476,1.50755,-3,-3,1.5
107.204,-2.98861,-3.01483,1.50757,-3,-3,1.5
107.214,-2.98853,-3.0149,1.50759,-3,-3,1.5
107.224,-2.98846,-3.01496,1.5076,-3,-3,1.5
107.234,-2.98838,-3.01503,1.5076,-3,-3,1.5
107.244,-2.98831,-3.01509,1.5076,-3,-3,1.5
107.255,-2.98823,-3.01515,1.50761,-3,-3,1.5
107.265,-2.98816,-3.01521,1.50762,-3,-3,1.5
107.275,-2.98808,-3.01528,1.50763,-3,-3,1.5
107.285,-2.98801,-3.01533,1.50765,-3,-3,1.5
107.295,-2.98793,-3.01539,1.5077,-3,-3,1.5
107.305,-2.98786,-3.01545,1.50774,-3,-3,1.5
107.315,-2.98778,-3.0155,1.50777,-3,-3,1.5
107.325,-2.98771,-3.01555,1.5078,-3,-3,1.5
107.335,-2.98764,-3.01561,1.50782,-3,-3,1.5
107.345,-2.98756,-3.01566,1.50784,-3,-3,1.5
107.355,-2.98749,-3.01571,1.50786,-3,-3,1.5
107.365,-2.98741,-3.01576,1.50788,-3,-3,1.5
107.375,-2.98734,-3.01581,1.5079,-3,-3,1.5
107.385,-2.98726,-3.01586,1.50792,-3,-3,1.5
107.395,-2.98719,-3.01591,1.50794,-3,-3,1.5
107.405,-2.98711,-3.01595,1.50795,-3,-3,1.5
107.415,-2.98704,-3.016,1.50795,-3,-3,1.5
107.425,-2.98696,-3.01604,1.50795,-3,-3,1.5
107.435,-2.98688,-3.01608,1.50795,-3,-3,1.5
107.445,-2.9868,-3.01612,1.50795,-3,-3,1.5
107.455,-2.98672,-3.01616,1.50795,-3,-3,1.5
107.465,-2.98664,-3.0162,1.50795,-3,-3,1.5
107.475,-2.98656,-3.01624,1.50795,-3,-3,1.5
107.485,-2.98647,-3.01628,1.50795,-3,-3,1.5
107.495,-2.98639,-3.01632,1.50796,-3,-3,1.5
107.505,-2.9863,-3.01635,1.50797,-3,-3,1.5
107.515,-2.98622,-3.01638,1.50798,-3,-3,1.5
107.525,-2.98613,-3.01642,1.50799,-3,-3,1.5
107.535,-2.98604,-3.01645,1.50799,-3,-3,1.5
107.545,-2.98595,-3.01648,1.508,-3,-3,1.5
107.555,-2.98586,-3.01651,1.508,-3,-3,1.5
107.565,-2.98577,-3.01653,1.50801,-3,-3,1.5
107.575,-2.98567,-3.01656,1.50802,-3,-3,1.5
107.585,-2.98558,-3.01659,1.50803,-3,-3,1.5
107.595,-2.98548,-3.01661,1.50805,-3,-3,1.5
107.605,-2.98539,-3.01663,1.50806,-3,-3,1.5
107.615,-2.98529,-3.01665,1.50807,-3,-3,1.5
107.625,-2.98519,-3.01667,1.50807,-3,-3,1.5
107.635,-2.9851,-3.01669,1.50808,-3,-3,1.5
107.645,-2.985,-3.01671,1.50808,-3,-3,1.5
107.655,-2.9849,-3.01672,1.50809,-3,-3,1.5
107.665,-2.98479,-3.01674,1.5081,-3,-3,1.5
107.675,-2.98469,-3.01675,1.50811,-3,-3,1.5
107.685,-2.98459,-3.01676,1.50813,-3,-3,1.5
107.695,-2.98448,-3.01678,1.50815,-3,-3,1.5
107.705,-2.98438,-3.01679,1.50816,-3,-3,1.5
107.715,-2.98427,-3.01679,1.50816,-3,-3,1.5
107.725,-2.98416,-3.0168,1.50817,-3,-3,1.5
107.735,-2.98405,-3.01681,1.50817,-3,-3,1.5
107.745,-2.98394,-3.01682,1.50817,-3,-3,1.5
107.755,-2.98383,-3.01682,1.50816,-3,-3,1.5
107.765,-2.98372,-3.01683,1.50815,-3,-3,1.5
107.775,-2.98361,-3.01683,1.50815,-3,-3,1.5
107.785,-2.9835,-3.01683,1.50814,-3,-3,1.5
107.795,-2.9834,-3.01684,1.50814,-3,-3,1.5
107.805,-2.98329,-3.01684,1.50813,-3,-3,1.5
107.815,-2.98318,-3.01684,1.50812,-3,-3,1.5
107.825,-2.98308,-3.01684,1.50811,-3,-3,1.5
107.835,-2.98298,-3.01684,1.5081,-3,-3,1.5
107.845,-2.98288,-3.01684,1.50808,-3,-3,1.5
107.855,-2.98278,-3.01684,1.50806,-3,-3,1.5
107.865,-2.98269,-3.01684,1.50804,-3,-3,1.5
107.875,-2.9826,-3.01683,1.50801,-3,-3,1.5
107.885,-2.98251,-3.01683,1.508,-3,-3,1.5
107.895,-2.98243,-3.01683,1.50802,-3,-3,1.5
107.905,-2.98235,-3.01682,1.50802,-3,-3,1.5
107.915,-2.98228,-3.01682,1.50802,-3,-3,1.5
107.925,-2.98221,-3.01681,1.50803,-3,-3,1.5
107.935,-2.98214,-3.0168,1.50802,-3,-3,1.5
107.945,-2.98207,-3.0168,1.50802,-3,-3,1.5
107.955,-2.98201,-3.01679,1.50801,-3,-3,1.5
107.965,-2.98194,-3.01679,1.50801,-3,-3,1.5
107.975,-2.98188,-3.01678,1.508,-3,-3,1.5
107.985,-2.98182,-3.01677,1.50799,-3,-3,1.5
107.995,-2.98175,-3.01677,1.50798,-3,-3,1.5
108.005,-2.98169,-3.01676,1.50797,-3,-3,1.5
108.015,-2.98163,-3.01675,1.50797,-3,-3,1.5
108.025,-2.98157,-3.01674,1.50796,-3,-3,1.5
108.035,-2.98151,-3.01673,1.50794,-3,-3,1.5
108.045,-2.98145,-3.01672,1.50792,-3,-3,1.5
108.055,-2.98139,-3.01671,1.5079,-3,-3,1.5
108.065,-2.98133,-3.0167,1.50788,-3,-3,1.5
108.075,-2.98127,-3.0167,1.50785,-3,-3,1.5
108.085,-2.98121,-3.01669,1.50783,-3,-3,1.5
108.095,-2.98115,-3.01667,1.50782,-3,-3,1.5
108.105,-2.9811,-3.01666,1.5078,-3,-3,1.5
108.115,-2.98104,-3.01665,1.50778,-3,-3,1.5
108.125,-2.98099,-3.01664,1.50776,-3,-3,1.5
108.135,-2.98094,-3.01663,1.50773,-3,-3,1.5
108.145,-2.9809,-3.01662,1.5077,-3,-3,1.5
108.155,-2.98086,-3.01661,1.50768,-3,-3,1.5
108.165,-2.98082,-3.0166,1.50766,-3,-3,1.5
108.175,-2.98078,-3.01659,1.50764,-3,-3,1.5
108.185,-2.98075,-3.01658,1.50763,-3,-3,1.5
108.195,-2.98072,-3.01657,1.50761,-3,-3,1.5
108.205,-2.9807,-3.01656,1.5076,-3,-3,1.5
108.215,-2.98068,-3.01656,1.50758,-3,-3,1.5
108.225,-2.98067,-3.01655,1.50757,-3,-3,1.5
108.235,-2.98066,-3.01654,1.50755,-3,-3,1.5
108.245,-2.98065,-3.01654,1.50756,-3,-3,1.5
108.255,-2.98065,-3.01653,1.50759,-3,-3,1.5
108.265,-2.98066,-3.01653,1.50761,-3,-3,1.5
108.275,-2.98067,-3.01653,1.50762,-3,-3,1.5
108.285,-2.98068,-3.01653,1.50763,-3,-3,1.5
108.295,-2.98069,-3.01653,1.50763,-3,-3,1.5
108.305,-2.9807,-3.01653,1.50763,-3,-3,1.5
108.315,-2.98071,-3.01653,1.50762,-3,-3,1.5
108.325,-2.98073,-3.01654,1.50762,-3,-3,1.5
108.335,-2.98074,-3.01654,1.50764,-3,-3,1.5
108.345,-2.98076,-3.01654,1.50765,-3,-3,1.5
108.355,-2.98077,-3.01655,1.50765,-3,-3,1.5
108.365,-2.98079,-3.01655,1.50766,-3,-3,1.5
108.375,-2.9808,-3.01656,1.50766,-3,-3,1.5
108.385,-2.98082,-3.01656,1.50767,-3,-3,1.5
108.395,-2.98084,-3.01657,1.50768,-3,-3,1.5
108.405,-2.98086,-3.01657,1.50768,-3,-3,1.5
108.415,-2.98089,-3.01658,1.50768,-3,-3,1.5
108.425,-2.98091,-3.01658,1.50766,-3,-3,1.5
108.435,-2.98094,-3.01659,1.50762,-3,-3,1.5
108.445,-2.98098,-3.0166,1.50757,-3,-3,1.5
108.455,-2.98101,-3.0166,1.50751,-3,-3,1.5
108.465,-2.98105,-3.01661,1.50747,-3,-3,1.5
108.475,-2.98109,-3.01661,1.50744,-3,-3,1.5
108.485,-2.98113,-3.01662,1.50743,-3,-3,1.5
108.495,-2.98117,-3.01662,1.50742,-3,-3,1.5
108.505,-2.98121,-3.01662,1.50741,-3,-3,1.5
108.515,-2.98126,-3.01662,1.50739,-3,-3,1.5
108.525,-2.98131,-3.01662,1.50738,-3,-3,1.5
108.535,-2.98135,-3.01662,1.50737,-3,-3,1.5
108.545,-2.9814,-3.01662,1.50736,-3,-3,1.5
108.555,-2.98145,-3.01661,1.50735,-3,-3,1.5
108.565,-2.9815,-3.01661,1.50733,-3,-3,1.5
108.575,-2.98155,-3.0166,1.5073,-3,-3,1.5
108.585,-2.98161,-3.0166,1.50726,-3,-3,1.5
108.595,-2.98166,-3.01659,1.50722,-3,-3,1.5
108.605,-2.98172,-3.01658,1.50718,-3,-3,1.5
108.615,-2.98178,-3.01657,1.50714,-3,-3,1.5
108.625,-2.98183,-3.01656,1.50711,-3,-3,1.5
108.635,-2.98189,-3.01656,1.50707,-3,-3,1.5
108.645,-2.98195,-3.01655,1.50704,-3,-3,1.5
108.655,-2.98201,-3.01654,1.50701,-3,-3,1.5
108.665,-2.98206,-3.01653,1.50697,-3,-3,1.5
108.675,-2.98212,-3.01652,1.50694,-3,-3,1.5
108.685,-2.98218,-3.01651,1.5069,-3,-3,1.5
108.695,-2.98224,-3.0165,1.50686,-3,-3,1.5
108.705,-2.9823,-3.01649,1.50682,-3,-3,1.5
108.715,-2.98236,-3.01648,1.50679,-3,-3,1.5
108.725,-2.98241,-3.01647,1.50675,-3,-3,1.5
108.735,-2.98247,-3.01646,1.50672,-3,-3,1.5
108.745,-2.98253,-3.01645,1.50669,-3,-3,1.5
108.755,-2.98259,-3.01644,1.50666,-3,-3,1.5
108.765,-2.98265,-3.01643,1.50662,-3,-3,1.5
108.775,-2.98271,-3.01642,1.5066,-3,-3,1.5
108.785,-2.98276,-3.01641,1.50657,-3,-3,1.5
108.795,-2.98282,-3.01639,1.50654,-3,-3,1.5
108.805,-2.98288,-3.01638,1.50651,-3,-3,1.5
108.815,-2.98294,-3.01637,1.50649,-3,-3,1.5
108.825,-2.983,-3.01635,1.50646,-3,-3,1.5
108.835,-2.98305,-3.01634,1.50643,-3,-3,1.5
108.845,-2.98311,-3.01632,1.50641,-3,-3,1.5
108.855,-2.98317,-3.01631,1.50638,-3,-3,1.5
108.865,-2.98322,-3.01629,1.50635,-3,-3,1.5
108.875,-2.98328,-3.01627,1.50633,-3,-3,1.5
108.885,-2.98333,-3.01625,1.5063,-3,-3,1.5
108.895,-2.98339,-3.01623,1.50628,-3,-3,1.5
108.905,-2.98344,-3.01621,1.50626,-3,-3,1.5
108.915,-2.9835,-3.01619,1.50623,-3,-3,1.5
108.925,-2.98355,-3.01617,1.50621,-3,-3,1.5
108.935,-2.9836,-3.01615,1.50619,-3,-3,1.5
108.945,-2.98366,-3.01613,1.50616,-3,-3,1.5
108.955,-2.98371,-3.01611,1.50614,-3,-3,1.5
108.965,-2.98376,-3.01608,1.50611,-3,-3,1.5
108.975,-2.98381,-3.01606,1.50608,-3,-3,1.5
108.985,-2.98387,-3.01604,1.50604,-3,-3,1.5
108.995,-2.98392,-3.01601,1.506,-3,-3,1.5
109.005,-2.98397,-3.01598,1.50595,-3,-3,1.5
109.015,-2.98402,-3.01596,1.50587,-3,-3,1.5
109.025,-2.98407,-3.01593,1.5058,-3,-3,1.5
109.035,-2.98412,-3.0159,1.50578,-3,-3,1.5
109.045,-2.98418,-3.01587,1.5058,-3,-3,1.5
109.055,-2.98423,-3.01584,1.50581,-3,-3,1.5
109.065,-2.98429,-3.01581,1.50581,-3,-3,1.5
109.075,-2.98434,-3.01577,1.50582,-3,-3,1.5
109.085,-2.9844,-3.01574,1.50583,-3,-3,1.5
109.095,-2.98446,-3.01571,1.50587,-3,-3,1.5
109.105,-2.98452,-3.01568,1.50593,-3,-3,1.5
109.115,-2.98459,-3.01565,1.50598,-3,-3,1.5
109.125,-2.98465,-3.01562,1.50601,-3,-3,1.5
109.135,-2.98471,-3.0156,1.50603,-3,-3,1.5
109.145,-2.98478,-3.01557,1.50604,-3,-3,1.5
109.155,-2.98484,-3.01555,1.50602,-3,-3,1.5
109.165,-2.9849,-3.01552,1.50602,-3,-3,1.5
109.175,-2.98496,-3.0155,1.50603,-3,-3,1.5
109.185,-2.98502,-3.01548,1.50604,-3,-3,1.5
109.195,-2.98508,-3.01546,1.50606,-3,-3,1.5
109.205,-2.98514,-3.01544,1.5061,-3,-3,1.5
109.215,-2.98521,-3.01543,1.50618,-3,-3,1.5
109.225,-2.98527,-3.01542,1.50624,-3,-3,1.5
109.235,-2.98533,-3.01541,1.50629,-3,-3,1.5
109.245,-2.98539,-3.0154,1.50633,-3,-3,1.5
109.255,-2.98545,-3.0154,1.50635,-3,-3,1.5
109.265,-2.98551,-3.01539,1.50636,-3,-3,1.5
109.275,-2.98558,-3.01539,1.50635,-3,-3,1.5
109.285,-2.98564,-3.01539,1.50632,-3,-3,1.5
109.295,-2.9857,-3.01539,1.5063,-3,-3,1.5
109.305,-2.98576,-3.0154,1.50627,-3,-3,1.5
109.315,-2.98583,-3.0154,1.50624,-3,-3,1.5
109.325,-2.98589,-3.0154,1.50621,-3,-3,1.5
109.335,-2.98595,-3.01541,1.50618,-3,-3,1.5
109.345,-2.98602,-3.01541,1.50619,-3,-3,1.5
109.355,-2.98609,-3.01541,1.50624,-3,-3,1.5
109.365,-2.98615,-3.01542,1.50627,-3,-3,1.5
109.375,-2.98622,-3.01542,1.5063,-3,-3,1.5
109.385,-2.98629,-3.01543,1.50632,-3,-3,1.5
109.395,-2.98636,-3.01544,1.50633,-3,-3,1.5
109.405,-2.98644,-3.01544,1.50632,-3,-3,1.5
109.415,-2.98651,-3.01545,1.5063,-3,-3,1.5
109.425,-2.98658,-3.01546,1.50626,-3,-3,1.5
109.435,-2.98666,-3.01547,1.50623,-3,-3,1.5
109.445,-2.98673,-3.01548,1.5062,-3,-3,1.5
109.455,-2.9868,-3.01549,1.50617,-3,-3,1.5
109.465,-2.98688,-3.0155,1.50614,-3,-3,1.5
109.475,-2.98695,-3.01551,1.50611,-3,-3,1.5
109.485,-2.98702,-3.01552,1.50608,-3,-3,1.5
109.495,-2.9871,-3.01553,1.50606,-3,-3,1.5
109.505,-2.98717,-3.01553,1.50604,-3,-3,1.5
109.515,-2.98724,-3.01554,1.506,-3,-3,1.5
109.525,-2.98731,-3.01555,1.50597,-3,-3,1.5
109.535,-2.98738,-3.01555,1.50594,-3,-3,1.5
109.545,-2.98745,-3.01555,1.5059,-3,-3,1.5
109.555,-2.98752,-3.01556,1.50587,-3,-3,1.5
109.565,-2.98759,-3.01556,1.50584,-3,-3,1.5
109.575,-2.98766,-3.01556,1.50581,-3,-3,1.5
109.585,-2.98773,-3.01556,1.50578,-3,-3,1.5
109.595,-2.98779,-3.01556,1.50574,-3,-3,1.5
109.605,-2.98786,-3.01556,1.50571,-3,-3,1.5
109.615,-2.98793,-3.01556,1.50567,-3,-3,1.5
109.625,-2.98799,-3.01555,1.50564,-3,-3,1.5
109.635,-2.98806,-3.01555,1.5056,-3,-3,1.5
109.645,-2.98812,-3.01555,1.50554,-3,-3,1.5
109.655,-2.98819,-3.01554,1.5055,-3,-3,1.5
109.665,-2.98825,-3.01553,1.50549,-3,-3,1.5
109.675,-2.98832,-3.01552,1.50548,-3,-3,1.5
109.685,-2.98838,-3.01552,1.50545,-3,-3,1.5
109.695,-2.98845,-3.0155,1.5054,-3,-3,1.5
109.705,-2.98851,-3.01549,1.50537,-3,-3,1.5
109.715,-2.98858,-3.01548,1.50535,-3,-3,1.5
109.725,-2.98865,-3.01546,1.50532,-3,-3,1.5
109.735,-2.98871,-3.01545,1.5053,-3,-3,1.5
109.745,-2.98878,-3.01543,1.50528,-3,-3,1.5
109.755,-2.98885,-3.01541,1.50526,-3,-3,1.5
109.765,-2.98891,-3.01539,1.50524,-3,-3,1.5
109.775,-2.98898,-3.01537,1.5052,-3,-3,1.5
109.785,-2.98904,-3.01535,1.50518,-3,-3,1.5
109.795,-2.9891,-3.01533,1.50516,-3,-3,1.5
109.805,-2.98917,-3.01531,1.50515,-3,-3,1.5
109.815,-2.98923,-3.01529,1.50517,-3,-3,1.5
109.825,-2.98929,-3.01527,1.50517,-3,-3,1.5
109.835,-2.98935,-3.01524,1.50514,-3,-3,1.5
109.845,-2.98941,-3.01522,1.50514,-3,-3,1.5
109.855,-2.98947,-3.0152,1.50519,-3,-3,1.5
109.865,-2.98953,-3.01518,1.50522,-3,-3,1.5
109.875,-2.98959,-3.01516,1.50526,-3,-3,1.5
109.885,-2.98965,-3.01514,1.5053,-3,-3,1.5
109.895,-2.98971,-3.01512,1.50533,-3,-3,1.5
109.905,-2.98978,-3.0151,1.50536,-3,-3,1.5
109.915,-2.98985,-3.01509,1.50538,-3,-3,1.5
109.925,-2.98991,-3.01507,1.50538,-3,-3,1.5
109.935,-2.98998,-3.01506,1.50539,-3,-3,1.5
109.945,-2.99005,-3.01505,1.50538,-3,-3,1.5
109.955,-2.99013,-3.01504,1.5054,-3,-3,1.5
109.965,-2.9902,-3.01503,1.50545,-3,-3,1.5
109.975,-2.99028,-3.01502,1.50549,-3,-3,1.5
109.985,-2.99035,-3.01501,1.50555,-3,-3,1.5
109.995,-2.99043,-3.015,1.50558,-3,-3,1.5
110.005,-2.99051,-3.015,1.5056,-3,-3,1.5
110.015,-2.99058,-3.01499,1.5056,-3,-3,1.5
110.025,-2.99066,-3.01499,1.5056,-3,-3,1.5
110.035,-2.99074,-3.01498,1.5056,-3,-3,1.5
110.045,-2.99081,-3.01498,1.50558,-3,-3,1.5
110.055,-2.99089,-3.01498,1.50554,-3,-3,1.5
110.065,-2.99097,-3.01498,1.50551,-3,-3,1.5
110.075,-2.99104,-3.01498,1.50547,-3,-3,1.5
110.085,-2.99112,-3.01498,1.50544,-3,-3,1.5
110.095,-2.99119,-3.01498,1.50541,-3,-3,1.5
110.105,-2.99127,-3.01498,1.50538,-3,-3,1.5
110.115,-2.99134,-3.01497,1.50535,-3,-3,1.5
110.125,-2.99142,-3.01497,1.50533,-3,-3,1.5
110.135,-2.99149,-3.01497,1.5053,-3,-3,1.5
110.145,-2.99157,-3.01497,1.50527,-3,-3,1.5
110.155,-2.99164,-3.01496,1.50525,-3,-3,1.5
110.165,-2.99171,-3.01496,1.50522,-3,-3,1.5
110.175,-2.99179,-3.01495,1.5052,-3,-3,1.5
110.185,-2.99186,-3.01495,1.50517,-3,-3,1.5
110.195,-2.99193,-3.01494,1.50515,-3,-3,1.5
110.205,-2.992,-3.01493,1.50512,-3,-3,1.5
110.215,-2.99208,-3.01492,1.5051,-3,-3,1.5
110.225,-2.99215,-3.01491,1.50508,-3,-3,1.5
110.235,-2.99222,-3.0149,1.50505,-3,-3,1.5
110.245,-2.99229,-3.01489,1.50502,-3,-3,1.5
110.255,-2.99236,-3.01487,1.505,-3,-3,1.5
110.265,-2.99243,-3.01486,1.50498,-3,-3,1.5
110.275,-2.9925,-3.01484,1.50496,-3,-3,1.5
110.285,-2.99258,-3.01483,1.50494,-3,-3,1.5
110.295,-2.99265,-3.01481,1.50491,-3,-3,1.5
110.305,-2.99272,-3.01479,1.50489,-3,-3,1.5
110.315,-2.99279,-3.01477,1.50487,-3,-3,1.5
110.325,-2.99286,-3.01475,1.50484,-3,-3,1.5
110.335,-2.99293,-3.01473,1.50482,-3,-3,1.5
110.345,-2.993,-3.01471,1.5048,-3,-3,1.5
110.355,-2.99307,-3.01469,1.50477,-3,-3,1.5
110.365,-2.99314,-3.01467,1.50475,-3,-3,1.5
110.375,-2.99321,-3.01465,1.50472,-3,-3,1.5
110.385,-2.99328,-3.01462,1.5047,-3,-3,1.5
110.395,-2.99335,-3.0146,1.50467,-3,-3,1.5
110.405,-2.99342,-3.01458,1.50465,-3,-3,1.5
110.415,-2.99349,-3.01455,1.50463,-3,-3,1.5
110.425,-2.99356,-3.01453,1.50461,-3,-3,1.5
110.435,-2.99363,-3.0145,1.50459,-3,-3,1.5
110.445,-2.9937,-3.01448,1.50456,-3,-3,1.5
110.455,-2.99377,-3.01445,1.50453,-3,-3,1.5
110.465,-2.99384,-3.01443,1.5045,-3,-3,1.5
110.475,-2.99391,-3.0144,1.50447,-3,-3,1.5
110.485,-2.99398,-3.01437,1.50444,-3,-3,1.5
110.495,-2.99406,-3.01435,1.50441,-3,-3,1.5
110.505,-2.99413,-3.01432,1.50438,-3,-3,1.5
110.515,-2.9942,-3.0143,1.50436,-3,-3,1.5
110.525,-2.99427,-3.01427,1.50434,-3,-3,1.5
110.535,-2.99434,-3.01424,1.50431,-3,-3,1.5
110.545,-2.99441,-3.01422,1.50428,-3,-3,1.5
110.555,-2.99448,-3.01419,1.50426,-3,-3,1.5
110.565,-2.99455,-3.01417,1.50424,-3,-3,1.5
110.575,-2.99461,-3.01414,1.50421,-3,-3,1.5
110.585,-2.99468,-3.01412,1.50419,-3,-3,1.5
110.595,-2.99475,-3.01409,1.50416,-3,-3,1.5
110.605,-2.99481,-3.01407,1.50414,-3,-3,1.5
110.615,-2.99488,-3.01404,1.50412,-3,-3,1.5
110.625,-2.99494,-3.01402,1.5041,-3,-3,1.5
110.635,-2.995,-3.01399,1.50407,-3,-3,1.5
110.645,-2.99506,-3.01397,1.50405,-3,-3,1.5
110.655,-2.99512,-3.01394,1.50403,-3,-3,1.5
110.665,-2.99518,-3.01392,1.50401,-3,-3,1.5
110.675,-2.99524,-3.01389,1.50399,-3,-3,1.5
110.685,-2.9953,-3.01387,1.50398,-3,-3,1.5
110.695,-2.99536,-3.01385,1.50397,-3,-3,1.5
110.705,-2.99541,-3.01382,1.50396,-3,-3,1.5
110.715,-2.99547,-3.0138,1.50395,-3,-3,1.5
110.725,-2.99552,-3.01377,1.50394,-3,-3,1.5
110.735,-2.99558,-3.01375,1.50393,-3,-3,1.5
110.745,-2.99563,-3.01373,1.50392,-3,-3,1.5
110.755,-2.99568,-3.0137,1.50391,-3,-3,1.5
110.765,-2.99573,-3.01368,1.5039,-3,-3,1.5
110.775,-2.99578,-3.01366,1.50389,-3,-3,1.5
110.785,-2.99583,-3.01363,1.50388,-3,-3,1.5
110.795,-2.99588,-3.01361,1.50387,-3,-3,1.5
110.805,-2.99593,-3.01359,1.50387,-3,-3,1.5
110.815,-2.99598,-3.01356,1.50387,-3,-3,1.5
110.825,-2.99603,-3.01354,1.50386,-3,-3,1.5
110.835,-2.99608,-3.01352,1.50386,-3,-3,1.5
110.845,-2.99613,-3.0135,1.50385,-3,-3,1.5
110.855,-2.99617,-3.01347,1.50384,-3,-3,1.5
110.865,-2.99622,-3.01345,1.50383,-3,-3,1.5
110.875,-2.99627,-3.01343,1.50382,-3,-3,1.5
110.885,-2.99631,-3.01341,1.50381,-3,-3,1.5
110.895,-2.99636,-3.01339,1.50379,-3,-3,1.5
110.905,-2.99641,-3.01336,1.50378,-3,-3,1.5
110.915,-2.99645,-3.01334,1.50376,-3,-3,1.5
110.925,-2.9965,-3.01332,1.50375,-3,-3,1.5
110.935,-2.99654,-3.0133,1.50373,-3,-3,1.5
110.945,-2.99659,-3.01328,1.50372,-3,-3,1.5
110.955,-2.99663,-3.01325,1.5037,-3,-3,1.5
110.965,-2.99668,-3.01323,1.50369,-3,-3,1.5
110.975,-2.99672,-3.01321,1.50368,-3,-3,1.5
110.985,-2.99677,-3.01319,1.50367,-3,-3,1.5
110.995,-2.99682,-3.01317,1.50366,-3,-3,1.5
111.005,-2.99686,-3.01314,1.50365,-3,-3,1.5
111.015,-2.99691,-3.01312,1.50364,-3,-3,1.5
111.025,-2.99696,-3.0131,1.50364,-3,-3,1.5
111.035,-2.99701,-3.01307,1.50363,-3,-3,1.5
111.045,-2.99706,-3.01305,1.50363,-3,-3,1.5
111.055,-2.99711,-3.01303,1.50362,-3,-3,1.5
111.065,-2.99716,-3.013,1.50361,-3,-3,1.5
111.075,-2.99721,-3.01298,1.50361,-3,-3,1.5
111.085,-2.99726,-3.01295,1.5036,-3,-3,1.5
111.095,-2.99732,-3.01293,1.50359,-3,-3,1.5
111.105,-2.99737,-3.0129,1.50358,-3,-3,1.5
111.115,-2.99743,-3.01288,1.50358,-3,-3,1.5
111.125,-2.99748,-3.01285,1.50357,-3,-3,1.5
111.135,-2.99754,-3.01283,1.50356,-3,-3,1.5
111.145,-2.9976,-3.0128,1.50356,-3,-3,1.5
111.155,-2.99767,-3.01278,1.50356,-3,-3,1.5
111.165,-2.99773,-3.01275,1.50355,-3,-3,1.5
111.175,-2.99779,-3.01272,1.50355,-3,-3,1.5
111.185,-2.99786,-3.0127,1.50355,-3,-3,1.5
111.195,-2.99793,-3.01267,1.50355,-3,-3,1.5
111.205,-2.998,-3.01265,1.50355,-3,-3,1.5
111.215,-2.99807,-3.01262,1.50355,-3,-3,1.5
111.225,-2.99815,-3.0126,1.50355,-3,-3,1.5
111.235,-2.99822,-3.01257,1.50354,-3,-3,1.5
111.245,-2.9983,-3.01255,1.50354,-3,-3,1.5
111.255,-2.99838,-3.01253,1.50354,-3,-3,1.5
111.265,-2.99846,-3.0125,1.50354,-3,-3,1.5
111.275,-2.99854,-3.01248,1.50354,-3,-3,1.5
111.285,-2.99863,-3.01246,1.50353,-3,-3,1.5
111.295,-2.99871,-3.01244,1.50352,-3,-3,1.5
111.305,-2.9988,-3.01242,1.50351,-3,-3,1.5
111.315,-2.99889,-3.0124,1.5035,-3,-3,1.5
111.325,-2.99899,-3.01238,1.50348,-3,-3,1.5
111.335,-2.99908,-3.01236,1.50347,-3,-3,1.5
111.345,-2.99918,-3.01234,1.50346,-3,-3,1.5
111.355,-2.99927,-3.01233,1.50345,-3,-3,1.5
111.365,-2.99937,-3.01231,1.50344,-3,-3,1.5
111.375,-2.99947,-3.0123,1.50342,-3,-3,1.5
111.385,-2.99958,-3.01228,1.50341,-3,-3,1.5
111.395,-2.99968,-3.01227,1.5034,-3,-3,1.5
111.405,-2.99979,-3.01226,1.50338,-3,-3,1.5
111.415,-2.99989,-3.01224,1.50337,-3,-3,1.5
111.425,-3,-3.01223,1.50336,-3,-3,1.5
111.435,-3.00011,-3.01222,1.50335,-3,-3,1.5
111.445,-3.00022,-3.0122,1.50334,-3,-3,1.5
111.455,-3.00034,-3.01219,1.50334,-3,-3,1.5
111.465,-3.00045,-3.01218,1.50334,-3,-3,1.5
111.475,-3.00056,-3.01216,1.50334,-3,-3,1.5
111.485,-3.00068,-3.01215,1.50334,-3,-3,1.5
111.495,-3.00079,-3.01214,1.50335,-3,-3,1.5
111.505,-3.00091,-3.01212,1.50337,-3,-3,1.5
111.515,-3.00103,-3.01211,1.50339,-3,-3,1.5
111.525,-3.00114,-3.01209,1.50342,-3,-3,1.5
111.535,-3.00126,-3.01208,1.50345,-3,-3,1.5
111.545,-3.00138,-3.01207,1.50349,-3,-3,1.5
111.555,-3.00149,-3.01206,1.50353,-3,-3,1.5
111.565,-3.00161,-3.01205,1.50356,-3,-3,1.5
111.575,-3.00173,-3.01204,1.50359,-3,-3,1.5
111.585,-3.00184,-3.01203,1.50363,-3,-3,1.5
111.595,-3.00196,-3.01202,1.50366,-3,-3,1.5
111.605,-3.00207,-3.01202,1.50369,-3,-3,1.5
111.615,-3.00219,-3.01201,1.50373,-3,-3,1.5
111.625,-3.0023,-3.01201,1.50377,-3,-3,1.5
111.635,-3.00241,-3.01201,1.50381,-3,-3,1.5
111.645,-3.00253,-3.01201,1.50384,-3,-3,1.5
111.655,-3.00264,-3.01202,1.50387,-3,-3,1.5
111.665,-3.00275,-3.01202,1.50388,-3,-3,1.5
111.675,-3.00286,-3.01203,1.50389,-3,-3,1.5
111.685,-3.00297,-3.01203,1.5039,-3,-3,1.5
111.695,-3.00308,-3.01204,1.50391,-3,-3,1.5
111.705,-3.00319,-3.01205,1.50392,-3,-3,1.5
111.715,-3.00329,-3.01206,1.50393,-3,-3,1.5
111.725,-3.0034,-3.01207,1.50393,-3,-3,1.5
111.735,-3.0035,-3.01208,1.50393,-3,-3,1.5
111.745,-3.0036,-3.01209,1.50392,-3,-3,1.5
111.755,-3.00369,-3.0121,1.50392,-3,-3,1.5
111.765,-3.00378,-3.01211,1.50391,-3,-3,1.5
111.775,-3.00387,-3.01212,1.50391,-3,-3,1.5
111.785,-3.00395,-3.01213,1.50391,-3,-3,1.5
111.795,-3.00403,-3.01214,1.50392,-3,-3,1.5
111.805,-3.00411,-3.01215,1.50395,-3,-3,1.5
111.815,-3.00418,-3.01216,1.50395,-3,-3,1.5
111.825,-3.00425,-3.01217,1.50395,-3,-3,1.5
111.835,-3.00432,-3.01217,1.50395,-3,-3,1.5
111.845,-3.00438,-3.01218,1.50397,-3,-3,1.5
111.855,-3.00445,-3.01219,1.50399,-3,-3,1.5
111.865,-3.00451,-3.01219,1.50401,-3,-3,1.5
111.875,-3.00457,-3.0122,1.50403,-3,-3,1.5
111.885,-3.00463,-3.01221,1.50406,-3,-3,1.5
111.895,-3.0047,-3.01221,1.50409,-3,-3,1.5
111.905,-3.00476,-3.01221,1.50414,-3,-3,1.5
111.915,-3.00483,-3.01222,1.50417,-3,-3,1.5
111.925,-3.0049,-3.01222,1.50417,-3,-3,1.5
111.936,-3.00497,-3.01223,1.50417,-3,-3,1.5
111.946,-3.00504,-3.01224,1.50418,-3,-3,1.5
111.956,-3.00511,-3.01225,1.50418,-3,-3,1.5
111.966,-3.00518,-3.01226,1.50421,-3,-3,1.5
111.976,-3.00526,-3.01227,1.50426,-3,-3,1.5
111.986,-3.00533,-3.01228,1.5043,-3,-3,1.5
111.996,-3.00541,-3.01229,1.50433,-3,-3,1.5
112.006,-3.00549,-3.0123,1.50436,-3,-3,1.5
112.016,-3.00557,-3.01231,1.50438,-3,-3,1.5
112.026,-3.00564,-3.01232,1.50441,-3,-3,1.5
112.036,-3.00572,-3.01233,1.50442,-3,-3,1.5
112.046,-3.00579,-3.01234,1.50444,-3,-3,1.5
112.056,-3.00586,-3.01235,1.50445,-3,-3,1.5
112.066,-3.00593,-3.01237,1.50445,-3,-3,1.5
112.076,-3.00599,-3.01238,1.50445,-3,-3,1.5
112.086,-3.00605,-3.01238,1.50445,-3,-3,1.5
112.096,-3.00611,-3.01239,1.50447,-3,-3,1.5
112.106,-3.00616,-3.0124,1.50451,-3,-3,1.5
112.116,-3.00621,-3.01241,1.50453,-3,-3,1.5
112.126,-3.00626,-3.01242,1.50456,-3,-3,1.5
112.136,-3.0063,-3.01243,1.50458,-3,-3,1.5
112.146,-3.00634,-3.01244,1.5046,-3,-3,1.5
112.156,-3.00638,-3.01244,1.50463,-3,-3,1.5
112.166,-3.00642,-3.01245,1.50465,-3,-3,1.5
112.176,-3.00646,-3.01246,1.50467,-3,-3,1.5
112.186,-3.00649,-3.01247,1.50469,-3,-3,1.5
112.196,-3.00653,-3.01248,1.50471,-3,-3,1.5
112.206,-3.00656,-3.01249,1.50472,-3,-3,1.5
112.216,-3.00659,-3.01249,1.50473,-3,-3,1.5
112.226,-3.00662,-3.0125,1.50475,-3,-3,1.5
112.236,-3.00665,-3.01251,1.50476,-3,-3,1.5
112.246,-3.00667,-3.01252,1.50477,-3,-3,1.5
112.256,-3.0067,-3.01252,1.50478,-3,-3,1.5
112.266,-3.00672,-3.01253,1.50479,-3,-3,1.5
112.276,-3.00674,-3.01253,1.50481,-3,-3,1.5
112.286,-3.00675,-3.01254,1.50483,-3,-3,1.5
112.296,-3.00676,-3.01254,1.50484,-3,-3,1.5
112.306,-3.00677,-3.01254,1.50486,-3,-3,1.5
112.316,-3.00678,-3.01255,1.50488,-3,-3,1.5
112.326,-3.00678,-3.01255,1.50489,-3,-3,1.5
112.336,-3.00677,-3.01255,1.5049,-3,-3,1.5
112.346,-3.00677,-3.01255,1.50493,-3,-3,1.5
112.356,-3.00676,-3.01255,1.50497,-3,-3,1.5
112.366,-3.00674,-3.01255,1.505,-3,-3,1.5
112.376,-3.00673,-3.01256,1.50503,-3,-3,1.5
112.386,-3.00671,-3.01256,1.50506,-3,-3,1.5
112.396,-3.00668,-3.01256,1.50509,-3,-3,1.5
112.406,-3.00666,-3.01256,1.50512,-3,-3,1.5
112.416,-3.00664,-3.01256,1.50515,-3,-3,1.5
112.426,-3.00661,-3.01256,1.50518,-3,-3,1.5
112.436,-3.00659,-3.01256,1.50521,-3,-3,1.5
112.446,-3.00656,-3.01256,1.50523,-3,-3,1.5
112.456,-3.00654,-3.01256,1.50524,-3,-3,1.5
112.466,-3.00651,-3.01256,1.50525,-3,-3,1.5
112.476,-3.00649,-3.01256,1.50528,-3,-3,1.5
112.486,-3.00646,-3.01256,1.5053,-3,-3,1.5
112.496,-3.00644,-3.01256,1.50532,-3,-3,1.5
112.506,-3.00641,-3.01256,1.50534,-3,-3,1.5
112.516,-3.00639,-3.01257,1.50537,-3,-3,1.5
112.526,-3.00637,-3.01257,1.50539,-3,-3,1.5
112.536,-3.00635,-3.01258,1.50541,-3,-3,1.5
112.546,-3.00633,-3.01258,1.50544,-3,-3,1.5
112.556,-3.00631,-3.01259,1.50547,-3,-3,1.5
112.566,-3.0063,-3.01261,1.50549,-3,-3,1.5
112.576,-3.00628,-3.01262,1.50548,-3,-3,1.5
112.586,-3.00627,-3.01264,1.50547,-3,-3,1.5
112.596,-3.00626,-3.01266,1.50547,-3,-3,1.5
112.606,-3.00624,-3.01268,1.50547,-3,-3,1.5
112.616,-3.00623,-3.0127,1.50548,-3,-3,1.5
112.626,-3.00621,-3.01273,1.50552,-3,-3,1.5
112.636,-3.0062,-3.01275,1.50554,-3,-3,1.5
112.646,-3.00618,-3.01278,1.50557,-3,-3,1.5
112.656,-3.00616,-3.0128,1.5056,-3,-3,1.5
112.666,-3.00614,-3.01283,1.50561,-3,-3,1.5
112.676,-3.00612,-3.01285,1.50562,-3,-3,1.5
112.686,-3.0061,-3.01288,1.50563,-3,-3,1.5
112.696,-3.00608,-3.0129,1.50563,-3,-3,1.5
112.706,-3.00606,-3.01293,1.50562,-3,-3,1.5
112.716,-3.00603,-3.01295,1.50561,-3,-3,1.5
112.726,-3.00601,-3.01298,1.50561,-3,-3,1.5
112.736,-3.00599,-3.01301,1.50561,-3,-3,1.5
112.746,-3.00597,-3.01303,1.50561,-3,-3,1.5
112.756,-3.00595,-3.01306,1.50561,-3,-3,1.5
112.766,-3.00592,-3.01308,1.50561,-3,-3,1.5
112.776,-3.0059,-3.01311,1.50561,-3,-3,1.5
112.786,-3.00587,-3.01314,1.50562,-3,-3,1.5
112.796,-3.00585,-3.01316,1.50563,-3,-3,1.5
112.806,-3.00582,-3.01319,1.50564,-3,-3,1.5
112.816,-3.00579,-3.01321,1.50564,-3,-3,1.5
112.826,-3.00576,-3.01324,1.50565,-3,-3,1.5
112.836,-3.00573,-3.01326,1.50565,-3,-3,1.5
112.846,-3.00569,-3.01329,1.50566,-3,-3,1.5
112.856,-3.00566,-3.01331,1.50566,-3,-3,1.5
112.866,-3.00562,-3.01333,1.50566,-3,-3,1.5
112.876,-3.00558,-3.01335,1.50568,-3,-3,1.5
112.886,-3.00553,-3.01337,1.50572,-3,-3,1.5
112.896,-3.00548,-3.01339,1.50574,-3,-3,1.5
112.906,-3.00543,-3.01341,1.50577,-3,-3,1.5
112.916,-3.00538,-3.01343,1.50579,-3,-3,1.5
112.926,-3.00533,-3.01345,1.50582,-3,-3,1.5
112.936,-3.00528,-3.01347,1.50584,-3,-3,1.5
112.946,-3.00523,-3.01348,1.50586,-3,-3,1.5
112.956,-3.00518,-3.0135,1.50589,-3,-3,1.5
112.966,-3.00512,-3.01351,1.50592,-3,-3,1.5
112.976,-3.00507,-3.01352,1.50594,-3,-3,1.5
112.986,-3.00502,-3.01354,1.50596,-3,-3,1.5
112.996,-3.00497,-3.01355,1.50599,-3,-3,1.5
113.006,-3.00492,-3.01356,1.50602,-3,-3,1.5
113.016,-3.00486,-3.01356,1.50604,-3,-3,1.5
113.026,-3.00481,-3.01357,1.50606,-3,-3,1.5
113.036,-3.00476,-3.01357,1.50607,-3,-3,1.5
113.046,-3.00471,-3.01358,1.50609,-3,-3,1.5
113.056,-3.00466,-3.01358,1.5061,-3,-3,1.5
113.066,-3.00461,-3.01359,1.50611,-3,-3,1.5
113.076,-3.00455,-3.01359,1.50612,-3,-3,1.5
113.086,-3.0045,-3.01359,1.50613,-3,-3,1.5
113.096,-3.00445,-3.01359,1.50613,-3,-3,1.5
113.106,-3.00439,-3.01359,1.50614,-3,-3,1.5
113.116,-3.00434,-3.01359,1.50614,-3,-3,1.5
113.126,-3.00428,-3.01359,1.50615,-3,-3,1.5
113.136,-3.00422,-3.01359,1.50615,-3,-3,1.5
113.146,-3.00416,-3.01359,1.50618,-3,-3,1.5
113.156,-3.0041,-3.01359,1.50623,-3,-3,1.5
113.166,-3.00403,-3.01358,1.50629,-3,-3,1.5
113.176,-3.00396,-3.01358,1.50633,-3,-3,1.5
113.186,-3.00389,-3.01358,1.50634,-3,-3,1.5
113.196,-3.00383,-3.01358,1.50635,-3,-3,1.5
113.206,-3.00376,-3.01358,1.50635,-3,-3,1.5
113.216,-3.00369,-3.01358,1.50637,-3,-3,1.5
113.226,-3.00363,-3.01358,1.5064,-3,-3,1.5
113.236,-3.00357,-3.01359,1.50644,-3,-3,1.5
113.246,-3.00351,-3.01359,1.50648,-3,-3,1.5
113.256,-3.00345,-3.0136,1.50652,-3,-3,1.5
113.266,-3.00339,-3.01361,1.50655,-3,-3,1.5
113.276,-3.00334,-3.01362,1.50655,-3,-3,1.5
113.286,-3.00329,-3.01363,1.50655,-3,-3,1.5
113.296,-3.00324,-3.01365,1.50656,-3,-3,1.5
113.306,-3.0032,-3.01366,1.50657,-3,-3,1.5
113.316,-3.00315,-3.01368,1.50659,-3,-3,1.5
113.326,-3.00311,-3.0137,1.50661,-3,-3,1.5
113.336,-3.00306,-3.01372,1.50664,-3,-3,1.5
113.346,-3.00302,-3.01374,1.50667,-3,-3,1.5
113.356,-3.00297,-3.01376,1.50668,-3,-3,1.5
113.366,-3.00293,-3.01378,1.5067,-3,-3,1.5
113.376,-3.00288,-3.0138,1.50672,-3,-3,1.5
113.386,-3.00284,-3.01381,1.50675,-3,-3,1.5
113.396,-3.00279,-3.01383,1.50677,-3,-3,1.5
113.406,-3.00274,-3.01385,1.50678,-3,-3,1.5
113.416,-3.00269,-3.01387,1.50679,-3,-3,1.5
113.426,-3.00264,-3.01388,1.5068,-3,-3,1.5
113.436,-3.00259,-3.0139,1.50681,-3,-3,1.5
113.446,-3.00253,-3.01391,1.50681,-3,-3,1.5
113.456,-3.00248,-3.01392,1.50682,-3,-3,1.5
113.466,-3.00242,-3.01393,1.50684,-3,-3,1.5
113.476,-3.00236,-3.01395,1.50687,-3,-3,1.5
113.486,-3.0023,-3.01396,1.5069,-3,-3,1.5
113.496,-3.00223,-3.01397,1.50692,-3,-3,1.5
113.506,-3.00217,-3.01398,1.50694,-3,-3,1.5
113.516,-3.0021,-3.01399,1.50696,-3,-3,1.5
113.526,-3.00203,-3.01399,1.50697,-3,-3,1.5
113.536,-3.00195,-3.014,1.50698,-3,-3,1.5
113.546,-3.00188,-3.01401,1.50699,-3,-3,1.5
113.556,-3.00181,-3.01402,1.507,-3,-3,1.5
113.566,-3.00173,-3.01402,1.50701,-3,-3,1.5
113.576,-3.00165,-3.01403,1.50703,-3,-3,1.5
113.586,-3.00157,-3.01403,1.50705,-3,-3,1.5
113.596,-3.00149,-3.01403,1.50707,-3,-3,1.5
113.606,-3.00141,-3.01404,1.5071,-3,-3,1.5
113.616,-3.00132,-3.01404,1.50712,-3,-3,1.5
113.626,-3.00124,-3.01404,1.50713,-3,-3,1.5
113.636,-3.00115,-3.01404,1.50713,-3,-3,1.5
113.646,-3.00106,-3.01404,1.50713,-3,-3,1.5
113.656,-3.00097,-3.01404,1.50714,-3,-3,1.5
113.666,-3.00087,-3.01404,1.50716,-3,-3,1.5
113.676,-3.00078,-3.01403,1.50718,-3,-3,1.5
113.686,-3.00068,-3.01403,1.5072,-3,-3,1.5
113.696,-3.00058,-3.01403,1.50723,-3,-3,1.5
113.706,-3.00048,-3.01403,1.50725,-3,-3,1.5
113.716,-3.00038,-3.01402,1.50727,-3,-3,1.5
113.726,-3.00028,-3.01402,1.5073,-3,-3,1.5
113.736,-3.00017,-3.01401,1.50732,-3,-3,1.5
113.746,-3.00007,-3.01401,1.50733,-3,-3,1.5
113.756,-2.99997,-3.014,1.50734,-3,-3,1.5
113.766,-2.99987,-3.014,1.50735,-3,-3,1.5
113.776,-2.99976,-3.01399,1.50736,-3,-3,1.5
113.786,-2.99966,-3.01398,1.50737,-3,-3,1.5
113.796,-2.99956,-3.01397,1.50737,-3,-3,1.5
113.806,-2.99946,-3.01397,1.50738,-3,-3,1.5
113.816,-2.99935,-3.01396,1.50739,-3,-3,1.5
113.826,-2.99925,-3.01395,1.5074,-3,-3,1.5
113.836,-2.99914,-3.01394,1.50741,-3,-3,1.5
113.846,-2.99904,-3.01393,1.50742,-3,-3,1.5
113.856,-2.99893,-3.01392,1.50745,-3,-3,1.5
113.866,-2.99882,-3.01391,1.5075,-3,-3,1.5
113.876,-2.99871,-3.0139,1.50754,-3,-3,1.5
113.886,-2.99859,-3.01388,1.50759,-3,-3,1.5
113.896,-2.99848,-3.01387,1.50763,-3,-3,1.5
113.906,-2.99837,-3.01386,1.50767,-3,-3,1.5
113.916,-2.99825,-3.01385,1.50771,-3,-3,1.5
113.926,-2.99814,-3.01384,1.50775,-3,-3,1.5
113.936,-2.99802,-3.01383,1.50777,-3,-3,1.5
113.946,-2.99791,-3.01383,1.5078,-3,-3,1.5
113.956,-2.99779,-3.01382,1.50782,-3,-3,1.5
113.966,-2.99768,-3.01382,1.50784,-3,-3,1.5
113.976,-2.99756,-3.01381,1.50786,-3,-3,1.5
113.986,-2.99745,-3.01381,1.50788,-3,-3,1.5
113.996,-2.99734,-3.0138,1.50791,-3,-3,1.5
114.006,-2.99722,-3.0138,1.50793,-3,-3,1.5
114.016,-2.99711,-3.01379,1.50794,-3,-3,1.5
114.026,-2.99699,-3.01378,1.50796,-3,-3,1.5
114.036,-2.99688,-3.01378,1.50799,-3,-3,1.5
114.046,-2.99677,-3.01377,1.508,-3,-3,1.5
114.056,-2.99665,-3.01376,1.50801,-3,-3,1.5
114.066,-2.99654,-3.01376,1.50801,-3,-3,1.5
114.076,-2.99642,-3.01375,1.50801,-3,-3,1.5
114.086,-2.99631,-3.01374,1.50801,-3,-3,1.5
114.096,-2.99619,-3.01373,1.508,-3,-3,1.5
114.106,-2.99607,-3.01373,1.50803,-3,-3,1.5
114.116,-2.99595,-3.01372,1.50805,-3,-3,1.5
114.126,-2.99584,-3.01372,1.50804,-3,-3,1.5
114.136,-2.99572,-3.01372,1.50803,-3,-3,1.5
114.146,-2.9956,-3.01372,1.50804,-3,-3,1.5
114.156,-2.99548,-3.01373,1.50805,-3,-3,1.5
114.166,-2.99537,-3.01373,1.50804,-3,-3,1.5
114.176,-2.99525,-3.01374,1.50805,-3,-3,1.5
114.186,-2.99514,-3.01375,1.50805,-3,-3,1.5
114.196,-2.99504,-3.01376,1.50805,-3,-3,1.5
114.206,-2.99493,-3.01377,1.50806,-3,-3,1.5
114.216,-2.99483,-3.01379,1.50807,-3,-3,1.5
114.226,-2.99473,-3.0138,1.50809,-3,-3,1.5
114.236,-2.99463,-3.01381,1.50812,-3,-3,1.5
114.246,-2.99453,-3.01383,1.50814,-3,-3,1.5
114.256,-2.99443,-3.01384,1.50815,-3,-3,1.5
114.266,-2.99434,-3.01385,1.50816,-3,-3,1.5
114.276,-2.99424,-3.01386,1.50818,-3,-3,1.5
114.286,-2.99415,-3.01388,1.5082,-3,-3,1.5
114.296,-2.99405,-3.01389,1.50822,-3,-3,1.5
114.306,-2.99396,-3.0139,1.50822,-3,-3,1.5
114.316,-2.99387,-3.01391,1.50826,-3,-3,1.5
114.326,-2.99377,-3.01392,1.50829,-3,-3,1.5
114.336,-2.99368,-3.01393,1.50828,-3,-3,1.5
114.346,-2.99359,-3.01394,1.50827,-3,-3,1.5
114.356,-2.99349,-3.01395,1.50826,-3,-3,1.5
114.366,-2.9934,-3.01396,1.50825,-3,-3,1.5
114.376,-2.9933,-3.01398,1.50824,-3,-3,1.5
114.386,-2.99321,-3.014,1.50821,-3,-3,1.5
114.396,-2.99311,-3.01401,1.50818,-3,-3,1.5
114.406,-2.99302,-3.01403,1.50815,-3,-3,1.5
114.416,-2.99292,-3.01405,1.50815,-3,-3,1.5
114.426,-2.99283,-3.01407,1.50815,-3,-3,1.5
114.436,-2.99273,-3.01409,1.50816,-3,-3,1.5
114.446,-2.99263,-3.01411,1.50816,-3,-3,1.5
114.456,-2.99254,-3.01413,1.50816,-3,-3,1.5
114.466,-2.99244,-3.01415,1.50819,-3,-3,1.5
114.476,-2.99235,-3.01417,1.50822,-3,-3,1.5
114.486,-2.99225,-3.01419,1.50823,-3,-3,1.5
114.496,-2.99216,-3.01421,1.50823,-3,-3,1.5
114.506,-2.99206,-3.01423,1.50823,-3,-3,1.5
114.516,-2.99197,-3.01425,1.50823,-3,-3,1.5
114.526,-2.99188,-3.01427,1.50823,-3,-3,1.5
114.536,-2.99179,-3.01429,1.50822,-3,-3,1.5
114.546,-2.99169,-3.01431,1.50822,-3,-3,1.5
114.556,-2.9916,-3.01433,1.50821,-3,-3,1.5
114.566,-2.99151,-3.01435,1.5082,-3,-3,1.5
114.576,-2.99141,-3.01437,1.50822,-3,-3,1.5
114.586,-2.99132,-3.01439,1.50826,-3,-3,1.5
114.596,-2.99122,-3.01441,1.50829,-3,-3,1.5
114.606,-2.99113,-3.01443,1.50832,-3,-3,1.5
114.616,-2.99103,-3.01444,1.50833,-3,-3,1.5
114.626,-2.99093,-3.01446,1.50834,-3,-3,1.5
114.636,-2.99083,-3.01448,1.50836,-3,-3,1.5
114.646,-2.99074,-3.01449,1.50838,-3,-3,1.5
114.656,-2.99064,-3.01451,1.5084,-3,-3,1.5
114.666,-2.99054,-3.01452,1.50841,-3,-3,1.5
114.676,-2.99045,-3.01454,1.50842,-3,-3,1.5
114.686,-2.99035,-3.01455,1.50842,-3,-3,1.5
114.696,-2.99025,-3.01456,1.50842,-3,-3,1.5
114.706,-2.99016,-3.01458,1.50843,-3,-3,1.5
114.716,-2.99006,-3.01459,1.50844,-3,-3,1.5
114.726,-2.98996,-3.01461,1.50845,-3,-3,1.5
114.736,-2.98986,-3.01462,1.50848,-3,-3,1.5
114.746,-2.98976,-3.01463,1.5085,-3,-3,1.5
114.756,-2.98966,-3.01464,1.50853,-3,-3,1.5
114.766,-2.98956,-3.01465,1.50854,-3,-3,1.5
114.776,-2.98945,-3.01466,1.50855,-3,-3,1.5
114.786,-2.98935,-3.01467,1.50856,-3,-3,1.5
114.796,-2.98924,-3.01468,1.50857,-3,-3,1.5
114.806,-2.98913,-3.01469,1.50859,-3,-3,1.5
114.816,-2.98902,-3.0147,1.5086,-3,-3,1.5
114.826,-2.98891,-3.0147,1.50861,-3,-3,1.5
114.836,-2.9888,-3.01471,1.50862,-3,-3,1.5
114.846,-2.98869,-3.01471,1.50862,-3,-3,1.5
114.856,-2.98857,-3.01472,1.50863,-3,-3,1.5
114.866,-2.98846,-3.01472,1.50863,-3,-3,1.5
114.876,-2.98834,-3.01472,1.50866,-3,-3,1.5
114.886,-2.98822,-3.01473,1.50869,-3,-3,1.5
114.896,-2.9881,-3.01473,1.50873,-3,-3,1.5
114.906,-2.98798,-3.01473,1.50876,-3,-3,1.5
114.916,-2.98786,-3.01473,1.50878,-3,-3,1.5
114.926,-2.98774,-3.01473,1.50881,-3,-3,1.5
114.936,-2.98762,-3.01473,1.50882,-3,-3,1.5
114.946,-2.9875,-3.01473,1.50885,-3,-3,1.5
114.956,-2.98738,-3.01473,1.50888,-3,-3,1.5
114.966,-2.98726,-3.01473,1.50891,-3,-3,1.5
114.976,-2.98714,-3.01473,1.50892,-3,-3,1.5
114.986,-2.98702,-3.01474,1.50893,-3,-3,1.5
114.996,-2.98691,-3.01474,1.50895,-3,-3,1.5
115.006,-2.98679,-3.01475,1.50894,-3,-3,1.5
115.016,-2.98667,-3.01476,1.50891,-3,-3,1.5
115.026,-2.98655,-3.01477,1.5089,-3,-3,1.5
115.036,-2.98643,-3.01478,1.5089,-3,-3,1.5
115.046,-2.98631,-3.01479,1.50894,-3,-3,1.5
115.056,-2.98619,-3.0148,1.50898,-3,-3,1.5
115.066,-2.98607,-3.01482,1.50902,-3,-3,1.5
115.076,-2.98595,-3.01483,1.50906,-3,-3,1.5
115.086,-2.98584,-3.01485,1.5091,-3,-3,1.5
115.096,-2.98572,-3.01486,1.50913,-3,-3,1.5
115.106,-2.9856,-3.01488,1.50916,-3,-3,1.5
115.116,-2.98549,-3.01489,1.50918,-3,-3,1.5
115.126,-2.98537,-3.01491,1.50919,-3,-3,1.5
115.136,-2.98526,-3.01493,1.50921,-3,-3,1.5
115.146,-2.98514,-3.01495,1.50923,-3,-3,1.5
115.156,-2.98503,-3.01496,1.50924,-3,-3,1.5
115.166,-2.98492,-3.01498,1.50925,-3,-3,1.5
115.176,-2.98482,-3.015,1.50926,-3,-3,1.5
115.186,-2.98471,-3.01501,1.50927,-3,-3,1.5
115.196,-2.9846,-3.01503,1.50927,-3,-3,1.5
115.206,-2.9845,-3.01504,1.50928,-3,-3,1.5
115.216,-2.9844,-3.01505,1.50929,-3,-3,1.5
115.226,-2.9843,-3.01507,1.5093,-3,-3,1.5
115.236,-2.9842,-3.01508,1.50931,-3,-3,1.5
115.246,-2.98411,-3.01509,1.50933,-3,-3,1.5
115.256,-2.98401,-3.0151,1.50934,-3,-3,1.5
115.266,-2.98392,-3.01511,1.50936,-3,-3,1.5
115.276,-2.98383,-3.01512,1.5094,-3,-3,1.5
115.286,-2.98374,-3.01512,1.50943,-3,-3,1.5
115.296,-2.98364,-3.01513,1.50945,-3,-3,1.5
115.306,-2.98355,-3.01514,1.50947,-3,-3,1.5
115.316,-2.98346,-3.01514,1.50948,-3,-3,1.5
115.326,-2.98337,-3.01515,1.50949,-3,-3,1.5
115.336,-2.98328,-3.01515,1.50951,-3,-3,1.5
115.346,-2.98319,-3.01516,1.50952,-3,-3,1.5
115.356,-2.9831,-3.01516,1.50952,-3,-3,1.5
115.366,-2.98301,-3.01516,1.50953,-3,-3,1.5
115.376,-2.98292,-3.01516,1.50953,-3,-3,1.5
115.386,-2.98283,-3.01517,1.50952,-3,-3,1.5
115.396,-2.98274,-3.01517,1.50952,-3,-3,1.5
115.406,-2.98265,-3.01517,1.50951,-3,-3,1.5
115.416,-2.98257,-3.01517,1.50951,-3,-3,1.5
115.426,-2.98248,-3.01516,1.5095,-3,-3,1.5
115.436,-2.98239,-3.01516,1.50949,-3,-3,1.5
115.446,-2.9823,-3.01516,1.50949,-3,-3,1.5
115.456,-2.98222,-3.01516,1.50948,-3,-3,1.5
115.466,-2.98213,-3.01515,1.50947,-3,-3,1.5
115.476,-2.98204,-3.01515,1.50946,-3,-3,1.5
115.486,-2.98196,-3.01514,1.50944,-3,-3,1.5
115.496,-2.98187,-3.01513,1.50942,-3,-3,1.5
115.506,-2.98178,-3.01513,1.5094,-3,-3,1.5
115.516,-2.9817,-3.01512,1.50939,-3,-3,1.5
115.526,-2.98161,-3.01511,1.50937,-3,-3,1.5
115.536,-2.98153,-3.01511,1.50936,-3,-3,1.5
115.546,-2.98144,-3.0151,1.50936,-3,-3,1.5
115.556,-2.98136,-3.01509,1.50935,-3,-3,1.5
115.566,-2.98127,-3.01508,1.50935,-3,-3,1.5
115.576,-2.98118,-3.01508,1.50935,-3,-3,1.5
115.586,-2.9811,-3.01507,1.50935,-3,-3,1.5
115.596,-2.98101,-3.01506,1.50934,-3,-3,1.5
115.606,-2.98093,-3.01505,1.50933,-3,-3,1.5
115.616,-2.98084,-3.01504,1.50931,-3,-3,1.5
115.626,-2.98076,-3.01503,1.5093,-3,-3,1.5
115.636,-2.98067,-3.01502,1.50928,-3,-3,1.5
115.646,-2.98058,-3.01501,1.50926,-3,-3,1.5
115.656,-2.9805,-3.015,1.50924,-3,-3,1.5
115.666,-2.98041,-3.01499,1.50921,-3,-3,1.5
115.676,-2.98033,-3.01498,1.50919,-3,-3,1.5
115.686,-2.98024,-3.01497,1.50917,-3,-3,1.5
115.696,-2.98015,-3.01496,1.50915,-3,-3,1.5
115.706,-2.98007,-3.01496,1.50914,-3,-3,1.5
115.716,-2.97998,-3.01495,1.50915,-3,-3,1.5
115.726,-2.97989,-3.01494,1.50916,-3,-3,1.5
115.736,-2.9798,-3.01493,1.50917,-3,-3,1.5
115.746,-2.97971,-3.01492,1.50918,-3,-3,1.5
115.756,-2.97962,-3.01491,1.50919,-3,-3,1.5
115.766,-2.97953,-3.01491,1.50921,-3,-3,1.5
115.776,-2.97944,-3.0149,1.50922,-3,-3,1.5
115.786,-2.97936,-3.01489,1.50923,-3,-3,1.5
115.796,-2.97927,-3.01488,1.50924,-3,-3,1.5
115.806,-2.97919,-3.01488,1.50924,-3,-3,1.5
115.816,-2.9791,-3.01487,1.50924,-3,-3,1.5
115.826,-2.97902,-3.01486,1.50923,-3,-3,1.5
115.836,-2.97895,-3.01486,1.50922,-3,-3,1.5
115.846,-2.97887,-3.01485,1.5092,-3,-3,1.5
115.856,-2.97879,-3.01484,1.50918,-3,-3,1.5
115.866,-2.97872,-3.01483,1.50916,-3,-3,1.5
115.876,-2.97864,-3.01483,1.50914,-3,-3,1.5
115.886,-2.97857,-3.01482,1.50912,-3,-3,1.5
115.896,-2.9785,-3.01481,1.5091,-3,-3,1.5
115.906,-2.97843,-3.0148,1.50907,-3,-3,1.5
115.916,-2.97836,-3.0148,1.50904,-3,-3,1.5
115.926,-2.97829,-3.01479,1.50903,-3,-3,1.5
115.936,-2.97823,-3.01478,1.50904,-3,-3,1.5
115.946,-2.97816,-3.01478,1.50904,-3,-3,1.5
115.956,-2.97809,-3.01477,1.50906,-3,-3,1.5
115.966,-2.97803,-3.01477,1.50906,-3,-3,1.5
115.976,-2.97797,-3.01477,1.50906,-3,-3,1.5
115.986,-2.9779,-3.01477,1.50905,-3,-3,1.5
115.996,-2.97784,-3.01477,1.50904,-3,-3,1.5
116.006,-2.97778,-3.01477,1.50903,-3,-3,1.5
116.016,-2.97772,-3.01477,1.50902,-3,-3,1.5
116.026,-2.97766,-3.01477,1.50901,-3,-3,1.5
116.036,-2.97761,-3.01477,1.509,-3,-3,1.5
116.046,-2.97755,-3.01478,1.50899,-3,-3,1.5
116.056,-2.97749,-3.01478,1.50899,-3,-3,1.5
116.066,-2.97744,-3.01478,1.50898,-3,-3,1.5
116.076,-2.97738,-3.01479,1.50898,-3,-3,1.5
116.086,-2.97732,-3.01479,1.50898,-3,-3,1.5
116.096,-2.97727,-3.01479,1.50898,-3,-3,1.5
116.106,-2.97721,-3.01479,1.50897,-3,-3,1.5
116.116,-2.97715,-3.01479,1.50897,-3,-3,1.5
116.126,-2.9771,-3.01479,1.50897,-3,-3,1.5
116.136,-2.97704,-3.01479,1.50897,-3,-3,1.5
116.146,-2.97698,-3.01479,1.50896,-3,-3,1.5
116.156,-2.97693,-3.01479,1.50896,-3,-3,1.5
116.166,-2.97687,-3.01479,1.50896,-3,-3,1.5
116.176,-2.97682,-3.01479,1.50895,-3,-3,1.5
116.186,-2.97676,-3.01478,1.50895,-3,-3,1.5
116.196,-2.97671,-3.01478,1.50894,-3,-3,1.5
116.206,-2.97665,-3.01477,1.50894,-3,-3,1.5
116.216,-2.9766,-3.01477,1.50893,-3,-3,1.5
116.226,-2.97654,-3.01476,1.50893,-3,-3,1.5
116.236,-2.97649,-3.01475,1.50892,-3,-3,1.5
116.246,-2.97643,-3.01474,1.50892,-3,-3,1.5
116.256,-2.97638,-3.01473,1.50891,-3,-3,1.5
116.266,-2.97632,-3.01472,1.50891,-3,-3,1.5
116.276,-2.97627,-3.01471,1.50891,-3,-3,1.5
116.286,-2.97621,-3.0147,1.5089,-3,-3,1.5
116.296,-2.97616,-3.01469,1.50889,-3,-3,1.5
116.306,-2.9761,-3.01467,1.50889,-3,-3,1.5
116.316,-2.97605,-3.01466,1.50889,-3,-3,1.5
116.326,-2.97599,-3.01464,1.50889,-3,-3,1.5
116.336,-2.97594,-3.01463,1.50889,-3,-3,1.5
116.346,-2.97588,-3.01461,1.50888,-3,-3,1.5
116.356,-2.97583,-3.01459,1.50888,-3,-3,1.5
116.366,-2.97577,-3.01457,1.50887,-3,-3,1.5
116.376,-2.97571,-3.01455,1.50887,-3,-3,1.5
116.386,-2.97566,-3.01454,1.50887,-3,-3,1.5
116.396,-2.9756,-3.01452,1.50886,-3,-3,1.5
116.406,-2.97555,-3.0145,1.50885,-3,-3,1.5
116.416,-2.97549,-3.01448,1.50884,-3,-3,1.5
116.426,-2.97544,-3.01446,1.50883,-3,-3,1.5
116.436,-2.97539,-3.01444,1.50881,-3,-3,1.5
116.446,-2.97533,-3.01442,1.5088,-3,-3,1.5
116.456,-2.97528,-3.01439,1.50879,-3,-3,1.5
116.466,-2.97522,-3.01437,1.50878,-3,-3,1.5
116.476,-2.97517,-3.01435,1.50876,-3,-3,1.5
116.486,-2.97512,-3.01433,1.50874,-3,-3,1.5
116.496,-2.97506,-3.0143,1.50872,-3,-3,1.5
116.506,-2.97501,-3.01428,1.50871,-3,-3,1.5
116.516,-2.97496,-3.01426,1.50871,-3,-3,1.5
116.526,-2.97491,-3.01423,1.5087,-3,-3,1.5
116.536,-2.97486,-3.01421,1.5087,-3,-3,1.5
116.546,-2.97481,-3.01419,1.50868,-3,-3,1.5
116.556,-2.97477,-3.01416,1.50867,-3,-3,1.5
116.566,-2.97472,-3.01414,1.50865,-3,-3,1.5
116.576,-2.97468,-3.01412,1.50863,-3,-3,1.5
116.586,-2.97463,-3.0141,1.50861,-3,-3,1.5
116.596,-2.97459,-3.01408,1.50859,-3,-3,1.5
116.606,-2.97455,-3.01406,1.50858,-3,-3,1.5
116.617,-2.97451,-3.01403,1.50858,-3,-3,1.5
116.627,-2.97447,-3.01401,1.50858,-3,-3,1.5
116.637,-2.97443,-3.01399,1.50858,-3,-3,1.5
116.647,-2.97439,-3.01397,1.50858,-3,-3,1.5
116.657,-2.97435,-3.01395,1.50857,-3,-3,1.5
116.667,-2.97432,-3.01393,1.50856,-3,-3,1.5
116.677,-2.97428,-3.01391,1.50854,-3,-3,1.5
116.687,-2.97425,-3.01388,1.50852,-3,-3,1.5
116.697,-2.97422,-3.01386,1.5085,-3,-3,1.5
116.707,-2.9742,-3.01384,1.50848,-3,-3,1.5
116.717,-2.97418,-3.01382,1.50847,-3,-3,1.5
116.727,-2.97416,-3.0138,1.50845,-3,-3,1.5
116.737,-2.97414,-3.01379,1.50844,-3,-3,1.5
116.747,-2.97413,-3.01377,1.50842,-3,-3,1.5
116.757,-2.97413,-3.01375,1.5084,-3,-3,1.5
116.767,-2.97412,-3.01373,1.50838,-3,-3,1.5
116.777,-2.97413,-3.01372,1.50836,-3,-3,1.5
116.787,-2.97413,-3.01371,1.50838,-3,-3,1.5
116.797,-2.97415,-3.01369,1.50842,-3,-3,1.5
116.807,-2.97416,-3.01368,1.50845,-3,-3,1.5
116.817,-2.97419,-3.01367,1.50847,-3,-3,1.5
116.827,-2.97421,-3.01366,1.50848,-3,-3,1.5
116.837,-2.97424,-3.01365,1.50849,-3,-3,1.5
116.847,-2.97427,-3.01364,1.5085,-3,-3,1.5
116.857,-2.9743,-3.01363,1.50851,-3,-3,1.5
116.867,-2.97433,-3.01362,1.5085,-3,-3,1.5
116.877,-2.97437,-3.01361,1.50849,-3,-3,1.5
116.887,-2.9744,-3.0136,1.50848,-3,-3,1.5
116.897,-2.97444,-3.01359,1.50847,-3,-3,1.5
116.907,-2.97447,-3.01359,1.50846,-3,-3,1.5
116.917,-2.9745,-3.01358,1.50844,-3,-3,1.5
116.927,-2.97454,-3.01357,1.50844,-3,-3,1.5
116.937,-2.97457,-3.01357,1.50844,-3,-3,1.5
116.947,-2.9746,-3.01356,1.50843,-3,-3,1.5
116.957,-2.97463,-3.01356,1.50843,-3,-3,1.5
116.967,-2.97466,-3.01355,1.50843,-3,-3,1.5
116.977,-2.97469,-3.01355,1.50842,-3,-3,1.5
116.987,-2.97472,-3.01354,1.50842,-3,-3,1.5
116.997,-2.97475,-3.01354,1.50842,-3,-3,1.5
117.007,-2.97479,-3.01354,1.50841,-3,-3,1.5
117.017,-2.97483,-3.01353,1.50841,-3,-3,1.5
117.027,-2.97487,-3.01353,1.50841,-3,-3,1.5
117.037,-2.97491,-3.01353,1.50841,-3,-3,1.5
117.047,-2.97496,-3.01353,1.50843,-3,-3,1.5
117.057,-2.97501,-3.01353,1.50848,-3,-3,1.5
117.067,-2.97506,-3.01353,1.50851,-3,-3,1.5
117.077,-2.97511,-3.01354,1.50854,-3,-3,1.5
117.087,-2.97517,-3.01354,1.50856,-3,-3,1.5
117.097,-2.97522,-3.01355,1.50859,-3,-3,1.5
117.107,-2.97528,-3.01356,1.50861,-3,-3,1.5
117.117,-2.97534,-3.01356,1.50862,-3,-3,1.5
117.127,-2.97539,-3.01357,1.50863,-3,-3,1.5
117.137,-2.97545,-3.01358,1.50863,-3,-3,1.5
117.147,-2.9755,-3.0136,1.50865,-3,-3,1.5
117.157,-2.97555,-3.01361,1.50869,-3,-3,1.5
117.167,-2.97561,-3.01363,1.50872,-3,-3,1.5
117.177,-2.97566,-3.01364,1.50876,-3,-3,1.5
117.187,-2.97571,-3.01366,1.5088,-3,-3,1.5
117.197,-2.97576,-3.01368,1.50883,-3,-3,1.5
117.207,-2.97581,-3.0137,1.50886,-3,-3,1.5
117.217,-2.97587,-3.01372,1.5089,-3,-3,1.5
117.227,-2.97592,-3.01374,1.50894,-3,-3,1.5
117.237,-2.97598,-3.01376,1.50899,-3,-3,1.5
117.247,-2.97603,-3.01379,1.50903,-3,-3,1.5
117.257,-2.97609,-3.01381,1.50906,-3,-3,1.5
117.267,-2.97616,-3.01384,1.50908,-3,-3,1.5
117.277,-2.97622,-3.01387,1.50909,-3,-3,1.5
117.287,-2.97628,-3.0139,1.50909,-3,-3,1.5
117.297,-2.97635,-3.01393,1.50909,-3,-3,1.5
117.307,-2.97642,-3.01396,1.50909,-3,-3,1.5
117.317,-2.97649,-3.014,1.50907,-3,-3,1.5
117.327,-2.97656,-3.01403,1.50904,-3,-3,1.5
117.337,-2.97664,-3.01407,1.50902,-3,-3,1.5
117.347,-2.97672,-3.01411,1.50899,-3,-3,1.5
117.357,-2.9768,-3.01414,1.50896,-3,-3,1.5
117.367,-2.97688,-3.01418,1.50893,-3,-3,1.5
117.377,-2.97696,-3.01421,1.50888,-3,-3,1.5
117.387,-2.97704,-3.01425,1.50885,-3,-3,1.5
117.397,-2.97713,-3.01428,1.50882,-3,-3,1.5
117.407,-2.97722,-3.01432,1.50879,-3,-3,1.5
117.417,-2.9773,-3.01435,1.50876,-3,-3,1.5
117.427,-2.97739,-3.01438,1.50873,-3,-3,1.5
117.437,-2.97748,-3.01441,1.50871,-3,-3,1.5
117.447,-2.97757,-3.01444,1.50868,-3,-3,1.5
117.457,-2.97766,-3.01447,1.50865,-3,-3,1.5
117.467,-2.97775,-3.0145,1.50862,-3,-3,1.5
117.477,-2.97783,-3.01452,1.50859,-3,-3,1.5
117.487,-2.97792,-3.01455,1.50856,-3,-3,1.5
117.497,-2.978,-3.01457,1.50852,-3,-3,1.5
117.507,-2.97809,-3.0146,1.50847,-3,-3,1.5
117.517,-2.97817,-3.01462,1.50843,-3,-3,1.5
117.527,-2.97826,-3.01464,1.5084,-3,-3,1.5
117.537,-2.97834,-3.01466,1.50836,-3,-3,1.5
117.547,-2.97842,-3.01468,1.50832,-3,-3,1.5
117.557,-2.9785,-3.0147,1.50828,-3,-3,1.5
117.567,-2.97857,-3.01472,1.50823,-3,-3,1.5
117.577,-2.97865,-3.01474,1.50819,-3,-3,1.5
117.587,-2.97872,-3.01475,1.50815,-3,-3,1.5
117.597,-2.97879,-3.01477,1.50812,-3,-3,1.5
117.607,-2.97887,-3.01479,1.50809,-3,-3,1.5
117.617,-2.97893,-3.01481,1.50806,-3,-3,1.5
117.627,-2.979,-3.01482,1.50803,-3,-3,1.5
117.637,-2.97907,-3.01484,1.508,-3,-3,1.5
117.647,-2.97914,-3.01485,1.50796,-3,-3,1.5
117.657,-2.9792,-3.01487,1.50793,-3,-3,1.5
117.667,-2.97927,-3.01488,1.5079,-3,-3,1.5
117.677,-2.97934,-3.01489,1.50787,-3,-3,1.5
117.687,-2.9794,-3.01491,1.50784,-3,-3,1.5
117.697,-2.97947,-3.01492,1.50782,-3,-3,1.5
117.707,-2.97953,-3.01493,1.50779,-3,-3,1.5
117.717,-2.9796,-3.01494,1.50777,-3,-3,1.5
117.727,-2.97967,-3.01495,1.50775,-3,-3,1.5
117.737,-2.97974,-3.01496,1.50773,-3,-3,1.5
117.747,-2.9798,-3.01497,1.5077,-3,-3,1.5
117.757,-2.97987,-3.01498,1.50766,-3,-3,1.5
117.767,-2.97994,-3.01499,1.50763,-3,-3,1.5
117.777,-2.98001,-3.015,1.50759,-3,-3,1.5
117.787,-2.98008,-3.015,1.50756,-3,-3,1.5
117.797,-2.98015,-3.01501,1.50753,-3,-3,1.5
117.807,-2.98022,-3.01502,1.50749,-3,-3,1.5
117.817,-2.98029,-3.01502,1.50746,-3,-3,1.5
117.827,-2.98036,-3.01502,1.50742,-3,-3,1.5
117.837,-2.98043,-3.01503,1.50738,-3,-3,1.5
117.847,-2.98049,-3.01503,1.50733,-3,-3,1.5
117.857,-2.98056,-3.01504,1.50728,-3,-3,1.5
117.867,-2.98063,-3.01504,1.50724,-3,-3,1.5
117.877,-2.98069,-3.01504,1.50718,-3,-3,1.5
117.887,-2.98076,-3.01504,1.50713,-3,-3,1.5
117.897,-2.98082,-3.01505,1.50709,-3,-3,1.5
117.907,-2.98088,-3.01505,1.50705,-3,-3,1.5
117.917,-2.98094,-3.01505,1.50701,-3,-3,1.5
117.927,-2.981,-3.01505,1.50696,-3,-3,1.5
117.937,-2.98106,-3.01505,1.50692,-3,-3,1.5
117.947,-2.98112,-3.01505,1.50688,-3,-3,1.5
117.957,-2.98117,-3.01505,1.50683,-3,-3,1.5
117.967,-2.98122,-3.01505,1.50679,-3,-3,1.5
117.977,-2.98128,-3.01505,1.50676,-3,-3,1.5
117.987,-2.98132,-3.01504,1.50674,-3,-3,1.5
117.997,-2.98137,-3.01504,1.50671,-3,-3,1.5
118.007,-2.98142,-3.01504,1.50669,-3,-3,1.5
118.017,-2.98146,-3.01503,1.50666,-3,-3,1.5
118.027,-2.9815,-3.01503,1.50664,-3,-3,1.5
118.037,-2.98155,-3.01502,1.50662,-3,-3,1.5
118.047,-2.98159,-3.01502,1.5066,-3,-3,1.5
118.057,-2.98162,-3.01501,1.50658,-3,-3,1.5
118.067,-2.98166,-3.015,1.50655,-3,-3,1.5
118.077,-2.9817,-3.01499,1.50653,-3,-3,1.5
118.087,-2.98173,-3.01498,1.5065,-3,-3,1.5
118.097,-2.98176,-3.01497,1.50648,-3,-3,1.5
118.107,-2.9818,-3.01496,1.50645,-3,-3,1.5
118.117,-2.98183,-3.01495,1.50642,-3,-3,1.5
118.127,-2.98186,-3.01493,1.50639,-3,-3,1.5
118.137,-2.98189,-3.01492,1.50636,-3,-3,1.5
118.147,-2.98191,-3.01491,1.50633,-3,-3,1.5
118.157,-2.98194,-3.01489,1.5063,-3,-3,1.5
118.167,-2.98197,-3.01487,1.50627,-3,-3,1.5
118.177,-2.982,-3.01485,1.50624,-3,-3,1.5
118.187,-2.98203,-3.01484,1.50622,-3,-3,1.5
118.197,-2.98205,-3.01482,1.50619,-3,-3,1.5
118.207,-2.98208,-3.0148,1.50617,-3,-3,1.5
118.217,-2.98211,-3.01477,1.50615,-3,-3,1.5
118.227,-2.98213,-3.01475,1.50612,-3,-3,1.5
118.237,-2.98216,-3.01473,1.5061,-3,-3,1.5
118.247,-2.98219,-3.01471,1.50607,-3,-3,1.5
118.257,-2.98222,-3.01468,1.50605,-3,-3,1.5
118.267,-2.98224,-3.01466,1.50602,-3,-3,1.5
118.277,-2.98227,-3.01463,1.50599,-3,-3,1.5
118.287,-2.9823,-3.01461,1.50597,-3,-3,1.5
118.297,-2.98233,-3.01458,1.50595,-3,-3,1.5
118.307,-2.98236,-3.01455,1.50592,-3,-3,1.5
118.317,-2.98239,-3.01453,1.5059,-3,-3,1.5
118.327,-2.98242,-3.0145,1.50588,-3,-3,1.5
118.337,-2.98245,-3.01447,1.50585,-3,-3,1.5
118.347,-2.98248,-3.01444,1.50583,-3,-3,1.5
118.357,-2.98252,-3.01441,1.5058,-3,-3,1.5
118.367,-2.98255,-3.01438,1.50577,-3,-3,1.5
118.377,-2.98259,-3.01435,1.50574,-3,-3,1.5
118.387,-2.98262,-3.01432,1.50572,-3,-3,1.5
118.397,-2.98266,-3.01429,1.50569,-3,-3,1.5
118.407,-2.9827,-3.01425,1.50567,-3,-3,1.5
118.417,-2.98274,-3.01422,1.50564,-3,-3,1.5
118.427,-2.98279,-3.01419,1.50561,-3,-3,1.5
118.437,-2.98283,-3.01415,1.50559,-3,-3,1.5
118.447,-2.98288,-3.01411,1.50556,-3,-3,1.5
118.457,-2.98293,-3.01408,1.50554,-3,-3,1.5
118.467,-2.98298,-3.01404,1.50552,-3,-3,1.5
118.477,-2.98303,-3.014,1.50551,-3,-3,1.5
118.487,-2.98309,-3.01396,1.50547,-3,-3,1.5
118.497,-2.98314,-3.01392,1.50542,-3,-3,1.5
118.507,-2.9832,-3.01388,1.50537,-3,-3,1.5
118.517,-2.98326,-3.01384,1.50531,-3,-3,1.5
118.527,-2.98332,-3.0138,1.50527,-3,-3,1.5
118.537,-2.98339,-3.01376,1.50523,-3,-3,1.5
118.547,-2.98345,-3.01371,1.50523,-3,-3,1.5
118.557,-2.98352,-3.01367,1.50524,-3,-3,1.5
118.567,-2.98359,-3.01362,1.50524,-3,-3,1.5
118.577,-2.98365,-3.01357,1.50527,-3,-3,1.5
118.587,-2.98372,-3.01353,1.5053,-3,-3,1.5
118.597,-2.98379,-3.01348,1.50532,-3,-3,1.5
118.607,-2.98386,-3.01344,1.50533,-3,-3,1.5
118.617,-2.98392,-3.01339,1.50533,-3,-3,1.5
118.627,-2.98399,-3.01335,1.50532,-3,-3,1.5
118.637,-2.98406,-3.01331,1.50531,-3,-3,1.5
118.647,-2.98412,-3.01327,1.5053,-3,-3,1.5
118.657,-2.98419,-3.01323,1.50529,-3,-3,1.5
118.667,-2.98426,-3.0132,1.50527,-3,-3,1.5
118.677,-2.98433,-3.01317,1.50526,-3,-3,1.5
118.687,-2.9844,-3.01313,1.50525,-3,-3,1.5
118.697,-2.98447,-3.01311,1.50523,-3,-3,1.5
118.707,-2.98454,-3.01308,1.50521,-3,-3,1.5
118.717,-2.98461,-3.01305,1.50519,-3,-3,1.5
118.727,-2.98468,-3.01302,1.50516,-3,-3,1.5
118.737,-2.98476,-3.013,1.50514,-3,-3,1.5
118.747,-2.98483,-3.01298,1.50511,-3,-3,1.5
118.757,-2.98491,-3.01295,1.50512,-3,-3,1.5
118.767,-2.98499,-3.01293,1.50515,-3,-3,1.5
118.777,-2.98507,-3.01291,1.50515,-3,-3,1.5
118.787,-2.98515,-3.01289,1.50514,-3,-3,1.5
118.797,-2.98524,-3.01287,1.50512,-3,-3,1.5
118.807,-2.98532,-3.01285,1.5051,-3,-3,1.5
118.817,-2.98541,-3.01283,1.50508,-3,-3,1.5
118.827,-2.98549,-3.01281,1.50506,-3,-3,1.5
118.837,-2.98558,-3.0128,1.50504,-3,-3,1.5
118.847,-2.98567,-3.01278,1.50502,-3,-3,1.5
118.857,-2.98575,-3.01277,1.505,-3,-3,1.5
118.867,-2.98584,-3.01275,1.50498,-3,-3,1.5
118.877,-2.98593,-3.01274,1.50494,-3,-3,1.5
118.887,-2.98601,-3.01273,1.50491,-3,-3,1.5
118.897,-2.98609,-3.01271,1.50488,-3,-3,1.5
118.907,-2.98618,-3.0127,1.50488,-3,-3,1.5
118.917,-2.98626,-3.01269,1.50491,-3,-3,1.5
118.927,-2.98633,-3.01268,1.50493,-3,-3,1.5
118.937,-2.98641,-3.01266,1.50493,-3,-3,1.5
118.947,-2.98649,-3.01265,1.50492,-3,-3,1.5
118.957,-2.98656,-3.01264,1.5049,-3,-3,1.5
118.967,-2.98664,-3.01262,1.50487,-3,-3,1.5
118.977,-2.98671,-3.01261,1.50484,-3,-3,1.5
118.987,-2.98678,-3.0126,1.50482,-3,-3,1.5
118.997,-2.98685,-3.01258,1.5048,-3,-3,1.5
119.007,-2.98692,-3.01257,1.50477,-3,-3,1.5
119.017,-2.98699,-3.01255,1.50475,-3,-3,1.5
119.027,-2.98706,-3.01254,1.50472,-3,-3,1.5
119.037,-2.98713,-3.01252,1.5047,-3,-3,1.5
119.047,-2.9872,-3.01251,1.50467,-3,-3,1.5
119.057,-2.98727,-3.01249,1.50464,-3,-3,1.5
119.067,-2.98733,-3.01247,1.50462,-3,-3,1.5
119.077,-2.98739,-3.01246,1.50461,-3,-3,1.5
119.087,-2.98745,-3.01244,1.50458,-3,-3,1.5
119.097,-2.98751,-3.01242,1.50455,-3,-3,1.5
119.107,-2.98757,-3.0124,1.50453,-3,-3,1.5
119.117,-2.98763,-3.01238,1.5045,-3,-3,1.5
119.127,-2.98769,-3.01236,1.50447,-3,-3,1.5
119.137,-2.98775,-3.01234,1.50444,-3,-3,1.5
119.147,-2.9878,-3.01233,1.50441,-3,-3,1.5
119.157,-2.98786,-3.0123,1.50438,-3,-3,1.5
119.167,-2.98791,-3.01228,1.50435,-3,-3,1.5
119.177,-2.98797,-3.01226,1.50432,-3,-3,1.5
119.187,-2.98803,-3.01224,1.50429,-3,-3,1.5
119.197,-2.98808,-3.01222,1.50426,-3,-3,1.5
119.207,-2.98814,-3.0122,1.50423,-3,-3,1.5
119.217,-2.9882,-3.01217,1.5042,-3,-3,1.5
119.227,-2.98826,-3.01215,1.50417,-3,-3,1.5
119.237,-2.98832,-3.01212,1.50414,-3,-3,1.5
119.247,-2.98838,-3.0121,1.50411,-3,-3,1.5
119.257,-2.98844,-3.01207,1.50412,-3,-3,1.5
119.267,-2.9885,-3.01205,1.50416,-3,-3,1.5
119.277,-2.98857,-3.01202,1.50419,-3,-3,1.5
119.287,-2.98863,-3.01199,1.50422,-3,-3,1.5
119.297,-2.9887,-3.01196,1.50425,-3,-3,1.5
119.307,-2.98877,-3.01194,1.50427,-3,-3,1.5
119.317,-2.98884,-3.01191,1.50429,-3,-3,1.5
119.327,-2.98892,-3.01189,1.50429,-3,-3,1.5
119.337,-2.98899,-3.01186,1.50427,-3,-3,1.5
119.347,-2.98907,-3.01184,1.50423,-3,-3,1.5
119.357,-2.98915,-3.01181,1.5042,-3,-3,1.5
119.367,-2.98923,-3.01179,1.50417,-3,-3,1.5
119.377,-2.98931,-3.01177,1.50414,-3,-3,1.5
119.387,-2.9894,-3.01174,1.50412,-3,-3,1.5
119.397,-2.98948,-3.01172,1.50409,-3,-3,1.5
119.407,-2.98957,-3.0117,1.50407,-3,-3,1.5
119.417,-2.98966,-3.01167,1.50405,-3,-3,1.5
119.427,-2.98975,-3.01165,1.50403,-3,-3,1.5
119.437,-2.98984,-3.01163,1.50401,-3,-3,1.5
119.447,-2.98993,-3.0116,1.50399,-3,-3,1.5
119.457,-2.99003,-3.01158,1.50397,-3,-3,1.5
119.467,-2.99012,-3.01155,1.50395,-3,-3,1.5
119.477,-2.99022,-3.01152,1.50393,-3,-3,1.5
119.487,-2.99032,-3.01149,1.50392,-3,-3,1.5
119.497,-2.99041,-3.01147,1.5039,-3,-3,1.5
119.507,-2.99051,-3.01144,1.50388,-3,-3,1.5
119.517,-2.99061,-3.01141,1.50386,-3,-3,1.5
119.527,-2.99071,-3.01138,1.50384,-3,-3,1.5
119.537,-2.99081,-3.01135,1.50382,-3,-3,1.5
119.547,-2.99091,-3.01131,1.50379,-3,-3,1.5
119.557,-2.99101,-3.01128,1.50377,-3,-3,1.5
119.567,-2.99111,-3.01125,1.50377,-3,-3,1.5
119.577,-2.99121,-3.01122,1.50376,-3,-3,1.5
119.587,-2.99131,-3.01118,1.50375,-3,-3,1.5
119.597,-2.99141,-3.01115,1.50373,-3,-3,1.5
119.607,-2.99151,-3.01111,1.5037,-3,-3,1.5
119.617,-2.99161,-3.01107,1.50367,-3,-3,1.5
119.627,-2.99171,-3.01103,1.50365,-3,-3,1.5
119.637,-2.99181,-3.011,1.50362,-3,-3,1.5
119.647,-2.99191,-3.01096,1.50363,-3,-3,1.5
119.657,-2.99201,-3.01092,1.50365,-3,-3,1.5
119.667,-2.99211,-3.01088,1.50364,-3,-3,1.5
119.677,-2.99221,-3.01084,1.50362,-3,-3,1.5
119.687,-2.99232,-3.0108,1.50361,-3,-3,1.5
119.697,-2.99242,-3.01075,1.50362,-3,-3,1.5
119.707,-2.99252,-3.01071,1.50364,-3,-3,1.5
119.717,-2.99263,-3.01067,1.50367,-3,-3,1.5
119.727,-2.99273,-3.01063,1.50369,-3,-3,1.5
119.737,-2.99283,-3.01059,1.50371,-3,-3,1.5
119.747,-2.99294,-3.01055,1.50374,-3,-3,1.5
119.757,-2.99304,-3.01052,1.50376,-3,-3,1.5
119.767,-2.99314,-3.01048,1.50381,-3,-3,1.5
119.777,-2.99325,-3.01045,1.50388,-3,-3,1.5
119.787,-2.99335,-3.01042,1.50394,-3,-3,1.5
119.797,-2.99345,-3.01039,1.50401,-3,-3,1.5
119.807,-2.99356,-3.01037,1.50408,-3,-3,1.5
119.817,-2.99366,-3.01035,1.50414,-3,-3,1.5
119.827,-2.99376,-3.01033,1.50417,-3,-3,1.5
119.837,-2.99386,-3.01031,1.50419,-3,-3,1.5
119.847,-2.99396,-3.01029,1.50419,-3,-3,1.5
119.857,-2.99406,-3.01028,1.50418,-3,-3,1.5
119.867,-2.99416,-3.01027,1.50418,-3,-3,1.5
119.877,-2.99426,-3.01026,1.50417,-3,-3,1.5
119.887,-2.99436,-3.01025,1.50416,-3,-3,1.5
119.897,-2.99445,-3.01024,1.50415,-3,-3,1.5
119.907,-2.99455,-3.01023,1.50414,-3,-3,1.5
119.917,-2.99464,-3.01022,1.50413,-3,-3,1.5
119.927,-2.99473,-3.01022,1.50412,-3,-3,1.5
119.937,-2.99482,-3.01021,1.50412,-3,-3,1.5
119.947,-2.99491,-3.0102,1.5041,-3,-3,1.5
119.957,-2.99499,-3.0102,1.50408,-3,-3,1.5
119.967,-2.99508,-3.01019,1.50406,-3,-3,1.5
119.977,-2.99516,-3.01019,1.50404,-3,-3,1.5
119.987,-2.99524,-3.01018,1.50401,-3,-3,1.5
119.997,-2.99532,-3.01017,1.50399,-3,-3,1.5
120.007,-2.9954,-3.01017,1.50397,-3,-3,1.5
120.017,-2.99547,-3.01016,1.50394,-3,-3,1.5
120.027,-2.99555,-3.01016,1.50392,-3,-3,1.5
120.037,-2.99562,-3.01015,1.50389,-3,-3,1.5
120.047,-2.99569,-3.01015,1.50387,-3,-3,1.5
120.057,-2.99576,-3.01014,1.50384,-3,-3,1.5
120.067,-2.99583,-3.01014,1.50382,-3,-3,1.5
120.077,-2.9959,-3.01014,1.5038,-3,-3,1.5
120.087,-2.99597,-3.01013,1.50378,-3,-3,1.5
120.097,-2.99604,-3.01013,1.50376,-3,-3,1.5
120.107,-2.99611,-3.01012,1.50374,-3,-3,1.5
120.117,-2.99618,-3.01012,1.50371,-3,-3,1.5
120.127,-2.99624,-3.01012,1.5037,-3,-3,1.5
120.137,-2.99631,-3.01011,1.50369,-3,-3,1.5
120.147,-2.99638,-3.01011,1.50368,-3,-3,1.5
120.157,-2.99645,-3.0101,1.50367,-3,-3,1.5
120.167,-2.99652,-3.0101,1.50367,-3,-3,1.5
120.177,-2.99658,-3.01009,1.50366,-3,-3,1.5
120.187,-2.99665,-3.01008,1.50365,-3,-3,1.5
120.197,-2.99673,-3.01008,1.50365,-3,-3,1.5
120.207,-2.9968,-3.01007,1.50364,-3,-3,1.5
120.217,-2.99687,-3.01006,1.50364,-3,-3,1.5
120.227,-2.99694,-3.01005,1.50363,-3,-3,1.5
120.237,-2.99702,-3.01004,1.50363,-3,-3,1.5
120.247,-2.99709,-3.01004,1.50364,-3,-3,1.5
120.257,-2.99716,-3.01003,1.50365,-3,-3,1.5
120.267,-2.99724,-3.01001,1.50367,-3,-3,1.5
120.277,-2.99731,-3.01,1.50369,-3,-3,1.5
120.287,-2.99739,-3.00999,1.5037,-3,-3,1.5
120.297,-2.99746,-3.00998,1.50372,-3,-3,1.5
120.307,-2.99753,-3.00997,1.50373,-3,-3,1.5
120.317,-2.9976,-3.00996,1.50374,-3,-3,1.5
120.327,-2.99767,-3.00994,1.50375,-3,-3,1.5
120.337,-2.99773,-3.00993,1.50376,-3,-3,1.5
120.347,-2.9978,-3.00992,1.50376,-3,-3,1.5
120.357,-2.99786,-3.0099,1.50376,-3,-3,1.5
120.367,-2.99792,-3.00989,1.50375,-3,-3,1.5
120.377,-2.99798,-3.00987,1.50375,-3,-3,1.5
120.387,-2.99803,-3.00986,1.50374,-3,-3,1.5
120.397,-2.99808,-3.00985,1.50374,-3,-3,1.5
120.407,-2.99813,-3.00983,1.50373,-3,-3,1.5
120.417,-2.99818,-3.00982,1.50373,-3,-3,1.5
120.427,-2.99822,-3.0098,1.50372,-3,-3,1.5
120.437,-2.99826,-3.00979,1.50371,-3,-3,1.5
120.447,-2.9983,-3.00977,1.50371,-3,-3,1.5
120.457,-2.99834,-3.00976,1.50371,-3,-3,1.5
120.467,-2.99837,-3.00974,1.5037,-3,-3,1.5
120.477,-2.9984,-3.00972,1.5037,-3,-3,1.5
120.487,-2.99843,-3.00971,1.50371,-3,-3,1.5
120.497,-2.99846,-3.00969,1.50372,-3,-3,1.5
120.507,-2.99848,-3.00968,1.50372,-3,-3,1.5
120.517,-2.9985,-3.00966,1.50372,-3,-3,1.5
120.527,-2.99852,-3.00965,1.50373,-3,-3,1.5
120.537,-2.99854,-3.00963,1.50373,-3,-3,1.5
120.547,-2.99855,-3.00962,1.50373,-3,-3,1.5
120.557,-2.99856,-3.0096,1.50372,-3,-3,1.5
120.567,-2.99858,-3.00958,1.50372,-3,-3,1.5
120.577,-2.99859,-3.00957,1.50372,-3,-3,1.5
120.587,-2.99859,-3.00955,1.50371,-3,-3,1.5
120.597,-2.9986,-3.00954,1.50371,-3,-3,1.5
120.607,-2.99861,-3.00952,1.5037,-3,-3,1.5
120.617,-2.99862,-3.0095,1.50369,-3,-3,1.5
120.627,-2.99862,-3.00949,1.50368,-3,-3,1.5
120.637,-2.99863,-3.00947,1.50367,-3,-3,1.5
120.647,-2.99863,-3.00946,1.50366,-3,-3,1.5
120.657,-2.99864,-3.00944,1.50365,-3,-3,1.5
120.667,-2.99864,-3.00943,1.50364,-3,-3,1.5
120.677,-2.99865,-3.00942,1.50364,-3,-3,1.5
120.687,-2.99866,-3.0094,1.50363,-3,-3,1.5
120.697,-2.99866,-3.00939,1.50363,-3,-3,1.5
120.707,-2.99867,-3.00937,1.50362,-3,-3,1.5
120.717,-2.99868,-3.00936,1.50363,-3,-3,1.5
120.727,-2.99869,-3.00934,1.50364,-3,-3,1.5
120.737,-2.99871,-3.00933,1.50365,-3,-3,1.5
120.747,-2.99872,-3.00932,1.50365,-3,-3,1.5
120.757,-2.99874,-3.00931,1.50365,-3,-3,1.5
120.767,-2.99875,-3.0093,1.50366,-3,-3,1.5
120.777,-2.99878,-3.00929,1.50369,-3,-3,1.5
120.787,-2.9988,-3.00928,1.50374,-3,-3,1.5
120.797,-2.99883,-3.00928,1.50378,-3,-3,1.5
120.807,-2.99885,-3.00927,1.50381,-3,-3,1.5
120.817,-2.99888,-3.00927,1.50384,-3,-3,1.5
120.827,-2.99891,-3.00926,1.50387,-3,-3,1.5
120.837,-2.99894,-3.00926,1.50389,-3,-3,1.5
120.847,-2.99896,-3.00926,1.50394,-3,-3,1.5
120.857,-2.99899,-3.00926,1.50401,-3,-3,1.5
120.867,-2.99901,-3.00926,1.50407,-3,-3,1.5
120.877,-2.99904,-3.00926,1.50412,-3,-3,1.5
120.887,-2.99906,-3.00927,1.50416,-3,-3,1.5
120.897,-2.99909,-3.00927,1.50418,-3,-3,1.5
120.907,-2.99911,-3.00928,1.50419,-3,-3,1.5
120.917,-2.99913,-3.00929,1.5042,-3,-3,1.5
120.927,-2.99916,-3.0093,1.5042,-3,-3,1.5
120.937,-2.99918,-3.00931,1.50421,-3,-3,1.5
120.947,-2.9992,-3.00932,1.50421,-3,-3,1.5
120.957,-2.99921,-3.00933,1.50422,-3,-3,1.5
120.967,-2.99923,-3.00934,1.50422,-3,-3,1.5
120.977,-2.99925,-3.00935,1.50423,-3,-3,1.5
120.987,-2.99926,-3.00936,1.50423,-3,-3,1.5
120.997,-2.99927,-3.00937,1.50424,-3,-3,1.5
121.007,-2.99928,-3.00938,1.50425,-3,-3,1.5
121.017,-2.99929,-3.00939,1.50426,-3,-3,1.5
121.027,-2.99929,-3.0094,1.50427,-3,-3,1.5
121.037,-2.9993,-3.00941,1.50428,-3,-3,1.5
121.047,-2.9993,-3.00942,1.50429,-3,-3,1.5
121.057,-2.99929,-3.00943,1.50431,-3,-3,1.5
121.067,-2.99928,-3.00944,1.50433,-3,-3,1.5
121.077,-2.99927,-3.00945,1.50435,-3,-3,1.5
121.087,-2.99926,-3.00946,1.50435,-3,-3,1.5
121.097,-2.99924,-3.00947,1.50435,-3,-3,1.5
121.107,-2.99922,-3.00947,1.50435,-3,-3,1.5
121.117,-2.9992,-3.00948,1.50435,-3,-3,1.5
121.127,-2.99917,-3.00949,1.50435,-3,-3,1.5
121.137,-2.99914,-3.00949,1.50434,-3,-3,1.5
121.147,-2.99911,-3.0095,1.50434,-3,-3,1.5
121.157,-2.99907,-3.00951,1.50433,-3,-3,1.5
121.167,-2.99903,-3.00951,1.50433,-3,-3,1.5
121.177,-2.99899,-3.00952,1.50433,-3,-3,1.5
121.187,-2.99894,-3.00953,1.50433,-3,-3,1.5
121.197,-2.99889,-3.00953,1.50433,-3,-3,1.5
121.207,-2.99883,-3.00954,1.50433,-3,-3,1.5
121.217,-2.99878,-3.00955,1.50432,-3,-3,1.5
121.227,-2.99871,-3.00955,1.50432,-3,-3,1.5
121.237,-2.99865,-3.00956,1.50432,-3,-3,1.5
121.247,-2.99858,-3.00957,1.50432,-3,-3,1.5
121.257,-2.99851,-3.00958,1.50432,-3,-3,1.5
121.267,-2.99844,-3.00958,1.50432,-3,-3,1.5
121.277,-2.99836,-3.00959,1.50432,-3,-3,1.5
121.287,-2.99828,-3.0096,1.50433,-3,-3,1.5
121.298,-2.9982,-3.00961,1.50433,-3,-3,1.5
121.308,-2.99811,-3.00961,1.50433,-3,-3,1.5
121.318,-2.99803,-3.00962,1.50433,-3,-3,1.5
121.328,-2.99794,-3.00963,1.50433,-3,-3,1.5
121.338,-2.99785,-3.00963,1.50432,-3,-3,1.5
121.348,-2.99776,-3.00964,1.50432,-3,-3,1.5
121.358,-2.99767,-3.00965,1.50431,-3,-3,1.5
121.368,-2.99757,-3.00965,1.50431,-3,-3,1.5
121.378,-2.99748,-3.00966,1.50432,-3,-3,1.5
121.388,-2.99739,-3.00966,1.50433,-3,-3,1.5
121.398,-2.9973,-3.00967,1.50434,-3,-3,1.5
121.408,-2.9972,-3.00968,1.50435,-3,-3,1.5
121.418,-2.99711,-3.00968,1.50437,-3,-3,1.5
121.428,-2.99702,-3.00969,1.50438,-3,-3,1.5
121.438,-2.99693,-3.00969,1.50439,-3,-3,1.5
121.448,-2.99684,-3.0097,1.50441,-3,-3,1.5
121.458,-2.99674,-3.0097,1.50442,-3,-3,1.5
121.468,-2.99665,-3.00971,1.50443,-3,-3,1.5
121.478,-2.99656,-3.00971,1.50445,-3,-3,1.5
121.488,-2.99647,-3.00972,1.50447,-3,-3,1.5
121.498,-2.99638,-3.00972,1.5045,-3,-3,1.5
121.508,-2.99628,-3.00973,1.50452,-3,-3,1.5
121.518,-2.99619,-3.00973,1.50454,-3,-3,1.5
121.528,-2.99609,-3.00974,1.50456,-3,-3,1.5
121.538,-2.996,-3.00974,1.50457,-3,-3,1.5
121.548,-2.9959,-3.00974,1.50459,-3,-3,1.5
121.558,-2.9958,-3.00974,1.5046,-3,-3,1.5
121.568,-2.9957,-3.00975,1.50461,-3,-3,1.5
121.578,-2.9956,-3.00975,1.50463,-3,-3,1.5
121.588,-2.9955,-3.00975,1.50466,-3,-3,1.5
121.598,-2.9954,-3.00975,1.50468,-3,-3,1.5
121.608,-2.99529,-3.00975,1.50471,-3,-3,1.5
121.618,-2.99518,-3.00975,1.50474,-3,-3,1.5
121.628,-2.99507,-3.00975,1.50477,-3,-3,1.5
121.638,-2.99496,-3.00975,1.5048,-3,-3,1.5
121.648,-2.99485,-3.00975,1.50482,-3,-3,1.5
121.658,-2.99473,-3.00974,1.50485,-3,-3,1.5
121.668,-2.99462,-3.00974,1.50488,-3,-3,1.5
121.678,-2.9945,-3.00974,1.50489,-3,-3,1.5
121.688,-2.99438,-3.00973,1.50491,-3,-3,1.5
121.698,-2.99426,-3.00973,1.50493,-3,-3,1.5
121.708,-2.99414,-3.00972,1.50495,-3,-3,1.5
121.718,-2.99402,-3.00972,1.50497,-3,-3,1.5
121.728,-2.9939,-3.00971,1.50499,-3,-3,1.5
121.738,-2.99377,-3.0097,1.50501,-3,-3,1.5
121.748,-2.99365,-3.00969,1.50503,-3,-3,1.5
121.758,-2.99352,-3.00968,1.50504,-3,-3,1.5
121.768,-2.99339,-3.00967,1.50506,-3,-3,1.5
121.778,-2.99326,-3.00966,1.50507,-3,-3,1.5
121.788,-2.99312,-3.00965,1.50509,-3,-3,1.5
121.798,-2.99299,-3.00964,1.5051,-3,-3,1.5
121.808,-2.99285,-3.00963,1.50512,-3,-3,1.5
121.818,-2.99271,-3.00962,1.50515,-3,-3,1.5
121.828,-2.99257,-3.00961,1.50518,-3,-3,1.5
121.838,-2.99243,-3.0096,1.5052,-3,-3,1.5
121.848,-2.99229,-3.00958,1.50523,-3,-3,1.5
121.858,-2.99215,-3.00957,1.50528,-3,-3,1.5
121.868,-2.992,-3.00956,1.50533,-3,-3,1.5
121.878,-2.99186,-3.00954,1.50537,-3,-3,1.5
121.888,-2.99171,-3.00953,1.5054,-3,-3,1.5
121.898,-2.99156,-3.00951,1.50544,-3,-3,1.5
121.908,-2.99142,-3.0095,1.50547,-3,-3,1.5
121.918,-2.99127,-3.00948,1.50551,-3,-3,1.5
121.928,-2.99113,-3.00947,1.50554,-3,-3,1.5
121.938,-2.99098,-3.00946,1.50557,-3,-3,1.5
121.948,-2.99084,-3.00944,1.50561,-3,-3,1.5
121.958,-2.9907,-3.00943,1.50564,-3,-3,1.5
121.968,-2.99056,-3.00941,1.50567,-3,-3,1.5
121.978,-2.99042,-3.0094,1.5057,-3,-3,1.5
121.988,-2.99029,-3.00938,1.50572,-3,-3,1.5
121.998,-2.99015,-3.00937,1.50575,-3,-3,1.5
122.008,-2.99002,-3.00935,1.50579,-3,-3,1.5
122.018,-2.98989,-3.00934,1.50582,-3,-3,1.5
122.028,-2.98977,-3.00932,1.50584,-3,-3,1.5
122.038,-2.98964,-3.00931,1.50586,-3,-3,1.5
122.048,-2.98952,-3.00929,1.50587,-3,-3,1.5
122.058,-2.9894,-3.00928,1.50589,-3,-3,1.5
122.068,-2.98928,-3.00927,1.50592,-3,-3,1.5
122.078,-2.98916,-3.00925,1.50596,-3,-3,1.5
122.088,-2.98904,-3.00924,1.50599,-3,-3,1.5
122.098,-2.98892,-3.00922,1.50602,-3,-3,1.5
122.108,-2.9888,-3.00921,1.50605,-3,-3,1.5
122.118,-2.98868,-3.00919,1.5061,-3,-3,1.5
122.128,-2.98856,-3.00918,1.50616,-3,-3,1.5
122.138,-2.98844,-3.00916,1.5062,-3,-3,1.5
122.148,-2.98832,-3.00915,1.50624,-3,-3,1.5
122.158,-2.9882,-3.00913,1.50628,-3,-3,1.5
122.168,-2.98807,-3.00912,1.50632,-3,-3,1.5
122.178,-2.98795,-3.0091,1.50635,-3,-3,1.5
122.188,-2.98783,-3.00909,1.50638,-3,-3,1.5
122.198,-2.9877,-3.00908,1.50641,-3,-3,1.5
122.208,-2.98758,-3.00906,1.50643,-3,-3,1.5
122.218,-2.98745,-3.00904,1.50645,-3,-3,1.5
122.228,-2.98733,-3.00903,1.50648,-3,-3,1.5
122.238,-2.98721,-3.00901,1.50651,-3,-3,1.5
122.248,-2.98708,-3.009,1.50653,-3,-3,1.5
122.258,-2.98696,-3.00898,1.50657,-3,-3,1.5
122.268,-2.98684,-3.00897,1.50661,-3,-3,1.5
122.278,-2.98671,-3.00895,1.50664,-3,-3,1.5
122.288,-2.98659,-3.00893,1.50668,-3,-3,1.5
122.298,-2.98646,-3.00891,1.5067,-3,-3,1.5
122.308,-2.98634,-3.0089,1.50675,-3,-3,1.5
122.318,-2.98621,-3.00888,1.50678,-3,-3,1.5
122.328,-2.98608,-3.00886,1.50679,-3,-3,1.5
122.338,-2.98596,-3.00884,1.50681,-3,-3,1.5
122.348,-2.98584,-3.00882,1.50687,-3,-3,1.5
122.358,-2.98572,-3.00881,1.50695,-3,-3,1.5
122.368,-2.9856,-3.00879,1.50698,-3,-3,1.5
122.378,-2.98549,-3.00877,1.50699,-3,-3,1.5
122.388,-2.98538,-3.00875,1.50702,-3,-3,1.5
122.398,-2.98527,-3.00874,1.50704,-3,-3,1.5
122.408,-2.98517,-3.00872,1.50707,-3,-3,1.5
122.418,-2.98506,-3.00871,1.5071,-3,-3,1.5
122.428,-2.98496,-3.00869,1.50713,-3,-3,1.5
122.438,-2.98487,-3.00868,1.50716,-3,-3,1.5
122.448,-2.98477,-3.00866,1.50721,-3,-3,1.5
122.458,-2.98468,-3.00865,1.50726,-3,-3,1.5
122.468,-2.98459,-3.00864,1.5073,-3,-3,1.5
122.478,-2.9845,-3.00862,1.50734,-3,-3,1.5
122.488,-2.98441,-3.00861,1.50738,-3,-3,1.5
122.498,-2.98432,-3.0086,1.5074,-3,-3,1.5
122.508,-2.98424,-3.00859,1.50743,-3,-3,1.5
122.518,-2.98416,-3.00858,1.50746,-3,-3,1.5
122.528,-2.98407,-3.00857,1.50748,-3,-3,1.5
122.538,-2.98399,-3.00856,1.50751,-3,-3,1.5
122.548,-2.98391,-3.00855,1.50755,-3,-3,1.5
122.558,-2.98382,-3.00853,1.50756,-3,-3,1.5
122.568,-2.98374,-3.00852,1.50752,-3,-3,1.5
122.578,-2.98366,-3.00851,1.50747,-3,-3,1.5
122.588,-2.98358,-3.0085,1.50742,-3,-3,1.5
122.598,-2.98351,-3.00849,1.50738,-3,-3,1.5
122.608,-2.98343,-3.00849,1.50735,-3,-3,1.5
122.618,-2.98336,-3.00848,1.50731,-3,-3,1.5
122.628,-2.98329,-3.00847,1.50728,-3,-3,1.5
122.638,-2.98323,-3.00847,1.50727,-3,-3,1.5
122.648,-2.98316,-3.00847,1.50725,-3,-3,1.5
122.658,-2.98311,-3.00846,1.50722,-3,-3,1.5
122.668,-2.98305,-3.00846,1.50719,-3,-3,1.5
122.678,-2.983,-3.00847,1.50718,-3,-3,1.5
122.688,-2.98295,-3.00847,1.50716,-3,-3,1.5
122.698,-2.98291,-3.00848,1.50715,-3,-3,1.5
122.708,-2.98286,-3.0085,1.50714,-3,-3,1.5
122.718,-2.98282,-3.00851,1.50711,-3,-3,1.5
122.728,-2.98278,-3.00853,1.5071,-3,-3,1.5
122.738,-2.98275,-3.00856,1.5071,-3,-3,1.5
122.748,-2.98271,-3.00858,1.50711,-3,-3,1.5
122.758,-2.98267,-3.00862,1.50709,-3,-3,1.5
122.768,-2.98264,-3.00865,1.50707,-3,-3,1.5
122.778,-2.9826,-3.00869,1.50707,-3,-3,1.5
122.788,-2.98256,-3.00873,1.50706,-3,-3,1.5
122.798,-2.98252,-3.00878,1.50706,-3,-3,1.5
122.808,-2.98249,-3.00883,1.50705,-3,-3,1.5
122.818,-2.98245,-3.00888,1.50705,-3,-3,1.5
122.828,-2.98241,-3.00893,1.50704,-3,-3,1.5
122.838,-2.98237,-3.00899,1.50704,-3,-3,1.5
122.848,-2.98233,-3.00904,1.50704,-3,-3,1.5
122.858,-2.98229,-3.0091,1.50707,-3,-3,1.5
122.868,-2.98225,-3.00915,1.50711,-3,-3,1.5
122.878,-2.98221,-3.00921,1.50714,-3,-3,1.5
122.888,-2.98217,-3.00927,1.50716,-3,-3,1.5
122.898,-2.98212,-3.00932,1.50717,-3,-3,1.5
122.908,-2.98208,-3.00938,1.50719,-3,-3,1.5
122.918,-2.98203,-3.00943,1.50721,-3,-3,1.5
122.928,-2.98199,-3.00948,1.50724,-3,-3,1.5
122.938,-2.98194,-3.00954,1.50726,-3,-3,1.5
122.948,-2.98189,-3.00959,1.50728,-3,-3,1.5
122.958,-2.98184,-3.00964,1.5073,-3,-3,1.5
122.968,-2.98179,-3.00969,1.50732,-3,-3,1.5
122.978,-2.98174,-3.00974,1.50735,-3,-3,1.5
122.988,-2.98168,-3.00978,1.50738,-3,-3,1.5
122.998,-2.98163,-3.00983,1.50741,-3,-3,1.5
123.008,-2.98158,-3.00987,1.50743,-3,-3,1.5
123.018,-2.98152,-3.00991,1.50744,-3,-3,1.5
123.028,-2.98147,-3.00995,1.50745,-3,-3,1.5
123.038,-2.98141,-3.00999,1.50746,-3,-3,1.5
123.048,-2.98136,-3.01003,1.50747,-3,-3,1.5
123.058,-2.9813,-3.01007,1.50749,-3,-3,1.5
123.068,-2.98125,-3.0101,1.50753,-3,-3,1.5
123.078,-2.98119,-3.01014,1.50756,-3,-3,1.5
123.088,-2.98113,-3.01017,1.50758,-3,-3,1.5
123.098,-2.98107,-3.0102,1.5076,-3,-3,1.5
123.108,-2.98101,-3.01023,1.50761,-3,-3,1.5
123.118,-2.98096,-3.01026,1.50762,-3,-3,1.5
123.128,-2.9809,-3.01028,1.50764,-3,-3,1.5
123.138,-2.98084,-3.01031,1.50768,-3,-3,1.5
123.148,-2.98078,-3.01033,1.50773,-3,-3,1.5
123.158,-2.98072,-3.01036,1.50778,-3,-3,1.5
123.168,-2.98066,-3.01038,1.50782,-3,-3,1.5
123.178,-2.9806,-3.01041,1.50786,-3,-3,1.5
123.188,-2.98054,-3.01043,1.5079,-3,-3,1.5
123.198,-2.98048,-3.01046,1.50794,-3,-3,1.5
123.208,-2.98042,-3.01048,1.50797,-3,-3,1.5
123.218,-2.98036,-3.01051,1.508,-3,-3,1.5
123.228,-2.9803,-3.01053,1.50802,-3,-3,1.5
123.238,-2.98024,-3.01056,1.50802,-3,-3,1.5
123.248,-2.98018,-3.01058,1.50803,-3,-3,1.5
123.258,-2.98013,-3.01061,1.50804,-3,-3,1.5
123.268,-2.98007,-3.01063,1.50804,-3,-3,1.5
123.278,-2.98001,-3.01066,1.50805,-3,-3,1.5
123.288,-2.97995,-3.01068,1.50806,-3,-3,1.5
123.298,-2.9799,-3.01071,1.50809,-3,-3,1.5
123.308,-2.97984,-3.01073,1.50812,-3,-3,1.5
123.318,-2.97978,-3.01075,1.50816,-3,-3,1.5
123.328,-2.97972,-3.01078,1.50819,-3,-3,1.5
123.338,-2.97967,-3.0108,1.50822,-3,-3,1.5
123.348,-2.97961,-3.01082,1.50825,-3,-3,1.5
123.358,-2.97955,-3.01084,1.50826,-3,-3,1.5
123.368,-2.97949,-3.01086,1.50826,-3,-3,1.5
123.378,-2.97943,-3.01088,1.50826,-3,-3,1.5
123.388,-2.97938,-3.0109,1.50826,-3,-3,1.5
123.398,-2.97932,-3.01092,1.50826,-3,-3,1.5
123.408,-2.97926,-3.01094,1.50826,-3,-3,1.5
123.418,-2.9792,-3.01096,1.50825,-3,-3,1.5
123.428,-2.97915,-3.01098,1.50825,-3,-3,1.5
123.438,-2.97909,-3.01099,1.50825,-3,-3,1.5
123.448,-2.97903,-3.01101,1.50825,-3,-3,1.5
123.458,-2.97897,-3.01103,1.50825,-3,-3,1.5
123.468,-2.97892,-3.01104,1.50825,-3,-3,1.5
123.478,-2.97886,-3.01106,1.50824,-3,-3,1.5
123.488,-2.9788,-3.01107,1.50824,-3,-3,1.5
123.498,-2.97874,-3.01109,1.50824,-3,-3,1.5
123.508,-2.97868,-3.0111,1.50823,-3,-3,1.5
123.518,-2.97862,-3.01111,1.50823,-3,-3,1.5
123.528,-2.97856,-3.01113,1.50823,-3,-3,1.5
123.538,-2.97849,-3.01114,1.50823,-3,-3,1.5
123.548,-2.97843,-3.01115,1.50823,-3,-3,1.5
123.558,-2.97837,-3.01116,1.50822,-3,-3,1.5
123.568,-2.9783,-3.01117,1.50822,-3,-3,1.5
123.578,-2.97824,-3.01118,1.50821,-3,-3,1.5
123.588,-2.97818,-3.01118,1.5082,-3,-3,1.5
123.598,-2.97811,-3.01119,1.50818,-3,-3,1.5
123.608,-2.97805,-3.0112,1.50817,-3,-3,1.5
123.618,-2.97798,-3.0112,1.50815,-3,-3,1.5
123.628,-2.97792,-3.01121,1.50813,-3,-3,1.5
123.638,-2.97785,-3.01121,1.50811,-3,-3,1.5
123.648,-2.97779,-3.01122,1.50809,-3,-3,1.5
123.658,-2.97772,-3.01122,1.50807,-3,-3,1.5
123.668,-2.97765,-3.01123,1.50805,-3,-3,1.5
123.678,-2.97759,-3.01124,1.50803,-3,-3,1.5
123.688,-2.97752,-3.01124,1.50801,-3,-3,1.5
123.698,-2.97745,-3.01125,1.508,-3,-3,1.5
123.708,-2.97738,-3.01125,1.50798,-3,-3,1.5
123.718,-2.97731,-3.01126,1.50797,-3,-3,1.5
123.728,-2.97724,-3.01127,1.50796,-3,-3,1.5
123.738,-2.97717,-3.01127,1.50795,-3,-3,1.5
123.748,-2.97711,-3.01128,1.50795,-3,-3,1.5
123.758,-2.97704,-3.01129,1.50795,-3,-3,1.5
123.768,-2.97697,-3.01129,1.50795,-3,-3,1.5
123.778,-2.97691,-3.0113,1.50796,-3,-3,1.5
123.788,-2.97684,-3.0113,1.50796,-3,-3,1.5
123.798,-2.97678,-3.01131,1.50796,-3,-3,1.5
123.808,-2.97672,-3.01131,1.50795,-3,-3,1.5
123.818,-2.97666,-3.01131,1.50794,-3,-3,1.5
123.828,-2.9766,-3.01132,1.50793,-3,-3,1.5
123.838,-2.97654,-3.01132,1.50792,-3,-3,1.5
123.848,-2.97649,-3.01132,1.50791,-3,-3,1.5
123.858,-2.97644,-3.01132,1.50789,-3,-3,1.5
123.868,-2.97639,-3.01132,1.50788,-3,-3,1.5
123.878,-2.97635,-3.01132,1.50786,-3,-3,1.5
123.888,-2.97631,-3.01132,1.50784,-3,-3,1.5
123.898,-2.97627,-3.01132,1.50782,-3,-3,1.5
123.908,-2.97623,-3.01132,1.5078,-3,-3,1.5
123.918,-2.9762,-3.01133,1.50778,-3,-3,1.5
123.928,-2.97617,-3.01133,1.50776,-3,-3,1.5
123.938,-2.97615,-3.01133,1.50775,-3,-3,1.5
123.948,-2.97613,-3.01133,1.50774,-3,-3,1.5
123.958,-2.97612,-3.01134,1.50772,-3,-3,1.5
123.968,-2.97611,-3.01134,1.5077,-3,-3,1.5
123.978,-2.9761,-3.01135,1.50768,-3,-3,1.5
123.988,-2.9761,-3.01136,1.50765,-3,-3,1.5
123.998,-2.9761,-3.01137,1.50763,-3,-3,1.5
124.008,-2.97611,-3.01138,1.5076,-3,-3,1.5
124.018,-2.97612,-3.01139,1.50758,-3,-3,1.5
124.028,-2.97614,-3.0114,1.50755,-3,-3,1.5
124.038,-2.97616,-3.01142,1.50754,-3,-3,1.5
124.048,-2.97619,-3.01143,1.50752,-3,-3,1.5
124.058,-2.97622,-3.01144,1.5075,-3,-3,1.5
124.068,-2.97625,-3.01146,1.50748,-3,-3,1.5
124.078,-2.97629,-3.01147,1.50745,-3,-3,1.5
124.088,-2.97633,-3.01149,1.50743,-3,-3,1.5
124.098,-2.97637,-3.01151,1.50741,-3,-3,1.5
124.108,-2.97642,-3.01152,1.5074,-3,-3,1.5
124.118,-2.97647,-3.01154,1.50738,-3,-3,1.5
124.128,-2.97653,-3.01156,1.50736,-3,-3,1.5
124.138,-2.97659,-3.01158,1.50735,-3,-3,1.5
124.148,-2.97664,-3.0116,1.50733,-3,-3,1.5
124.158,-2.97671,-3.01162,1.50732,-3,-3,1.5
124.168,-2.97677,-3.01164,1.50731,-3,-3,1.5
124.178,-2.97683,-3.01166,1.50731,-3,-3,1.5
124.188,-2.9769,-3.01168,1.50731,-3,-3,1.5
124.198,-2.97697,-3.0117,1.50731,-3,-3,1.5
124.208,-2.97704,-3.01172,1.50731,-3,-3,1.5
124.218,-2.97711,-3.01174,1.50731,-3,-3,1.5
124.228,-2.97718,-3.01175,1.50731,-3,-3,1.5
124.238,-2.97725,-3.01177,1.50731,-3,-3,1.5
124.248,-2.97733,-3.01179,1.50731,-3,-3,1.5
124.258,-2.97741,-3.01181,1.50732,-3,-3,1.5
124.268,-2.97748,-3.01182,1.50732,-3,-3,1.5
124.278,-2.97756,-3.01184,1.50731,-3,-3,1.5
124.288,-2.97765,-3.01186,1.50731,-3,-3,1.5
124.298,-2.97773,-3.01188,1.50731,-3,-3,1.5
124.308,-2.97782,-3.01189,1.50731,-3,-3,1.5
124.318,-2.97791,-3.01191,1.50731,-3,-3,1.5
124.328,-2.978,-3.01193,1.50731,-3,-3,1.5
124.338,-2.9781,-3.01194,1.50731,-3,-3,1.5
124.348,-2.9782,-3.01196,1.50731,-3,-3,1.5
124.358,-2.9783,-3.01197,1.50731,-3,-3,1.5
124.368,-2.9784,-3.01199,1.50731,-3,-3,1.5
124.378,-2.97851,-3.01201,1.50731,-3,-3,1.5
124.388,-2.97862,-3.01202,1.5073,-3,-3,1.5
124.398,-2.97873,-3.01204,1.50728,-3,-3,1.5
124.408,-2.97884,-3.01206,1.50726,-3,-3,1.5
124.418,-2.97896,-3.01207,1.50724,-3,-3,1.5
124.428,-2.97908,-3.01209,1.5072,-3,-3,1.5
124.438,-2.9792,-3.01211,1.50717,-3,-3,1.5
124.448,-2.97932,-3.01212,1.50713,-3,-3,1.5
124.458,-2.97944,-3.01214,1.5071,-3,-3,1.5
124.468,-2.97957,-3.01216,1.50707,-3,-3,1.5
124.478,-2.97969,-3.01217,1.50703,-3,-3,1.5
124.488,-2.97982,-3.01219,1.50701,-3,-3,1.5
124.498,-2.97995,-3.0122,1.50698,-3,-3,1.5
124.508,-2.98007,-3.01222,1.50695,-3,-3,1.5
124.518,-2.9802,-3.01223,1.50693,-3,-3,1.5
124.528,-2.98033,-3.01225,1.50691,-3,-3,1.5
124.538,-2.98046,-3.01226,1.50688,-3,-3,1.5
124.548,-2.98058,-3.01227,1.50686,-3,-3,1.5
124.558,-2.98071,-3.01229,1.50683,-3,-3,1.5
124.568,-2.98084,-3.0123,1.50681,-3,-3,1.5
124.578,-2.98096,-3.01231,1.50678,-3,-3,1.5
124.588,-2.98108,-3.01232,1.50676,-3,-3,1.5
124.598,-2.9812,-3.01233,1.50673,-3,-3,1.5
124.608,-2.98132,-3.01234,1.50671,-3,-3,1.5
124.618,-2.98144,-3.01235,1.50668,-3,-3,1.5
124.628,-2.98156,-3.01236,1.50665,-3,-3,1.5
124.638,-2.98167,-3.01237,1.50662,-3,-3,1.5
124.648,-2.98178,-3.01238,1.50659,-3,-3,1.5
124.658,-2.98188,-3.01239,1.50659,-3,-3,1.5
124.668,-2.98199,-3.0124,1.5066,-3,-3,1.5
124.678,-2.98209,-3.01241,1.5066,-3,-3,1.5
124.688,-2.98219,-3.01241,1.5066,-3,-3,1.5
124.698,-2.98229,-3.01242,1.50661,-3,-3,1.5
124.708,-2.98238,-3.01243,1.50662,-3,-3,1.5
124.718,-2.98248,-3.01244,1.50664,-3,-3,1.5
124.728,-2.98258,-3.01244,1.50663,-3,-3,1.5
124.738,-2.98268,-3.01245,1.50662,-3,-3,1.5
124.748,-2.98278,-3.01246,1.5066,-3,-3,1.5
124.758,-2.98288,-3.01246,1.50658,-3,-3,1.5
124.768,-2.98298,-3.01247,1.50657,-3,-3,1.5
124.778,-2.98308,-3.01248,1.50655,-3,-3,1.5
124.788,-2.98319,-3.01249,1.50653,-3,-3,1.5
124.798,-2.98329,-3.0125,1.50652,-3,-3,1.5
124.808,-2.9834,-3.01251,1.5065,-3,-3,1.5
124.818,-2.9835,-3.01252,1.50649,-3,-3,1.5
124.828,-2.98361,-3.01252,1.50648,-3,-3,1.5
124.838,-2.98372,-3.01254,1.50648,-3,-3,1.5
124.848,-2.98382,-3.01255,1.50647,-3,-3,1.5
124.858,-2.98393,-3.01256,1.50646,-3,-3,1.5
124.868,-2.98403,-3.01257,1.50644,-3,-3,1.5
124.878,-2.98414,-3.01258,1.50642,-3,-3,1.5
124.888,-2.98425,-3.01259,1.50641,-3,-3,1.5
124.898,-2.98435,-3.0126,1.50638,-3,-3,1.5
124.908,-2.98446,-3.01262,1.50634,-3,-3,1.5
124.918,-2.98457,-3.01263,1.50631,-3,-3,1.5
124.928,-2.98468,-3.01264,1.50627,-3,-3,1.5
124.938,-2.98479,-3.01265,1.50623,-3,-3,1.5
124.948,-2.9849,-3.01266,1.5062,-3,-3,1.5
124.958,-2.98501,-3.01267,1.50619,-3,-3,1.5
124.968,-2.98512,-3.01268,1.50618,-3,-3,1.5
124.978,-2.98523,-3.01269,1.50616,-3,-3,1.5
124.988,-2.98534,-3.0127,1.50614,-3,-3,1.5
124.998,-2.98545,-3.0127,1.50612,-3,-3,1.5
125.008,-2.98556,-3.01271,1.5061,-3,-3,1.5
125.018,-2.98567,-3.01272,1.50609,-3,-3,1.5
125.028,-2.98578,-3.01273,1.50608,-3,-3,1.5
125.038,-2.9859,-3.01273,1.50609,-3,-3,1.5
125.048,-2.98601,-3.01274,1.50609,-3,-3,1.5
125.058,-2.98612,-3.01275,1.50611,-3,-3,1.5
125.068,-2.98624,-3.01276,1.50612,-3,-3,1.5
125.078,-2.98635,-3.01278,1.50616,-3,-3,1.5
125.088,-2.98646,-3.01279,1.50622,-3,-3,1.5
125.098,-2.98657,-3.01281,1.50627,-3,-3,1.5
125.108,-2.98669,-3.01283,1.50632,-3,-3,1.5
125.118,-2.9868,-3.01285,1.50636,-3,-3,1.5
125.128,-2.98691,-3.01287,1.5064,-3,-3,1.5
125.138,-2.98701,-3.0129,1.50642,-3,-3,1.5
125.148,-2.98712,-3.01292,1.50646,-3,-3,1.5
125.158,-2.98722,-3.01295,1.5065,-3,-3,1.5
125.168,-2.98733,-3.01298,1.50654,-3,-3,1.5
125.178,-2.98743,-3.01302,1.50657,-3,-3,1.5
125.188,-2.98753,-3.01305,1.5066,-3,-3,1.5
125.198,-2.98763,-3.01308,1.50663,-3,-3,1.5
125.208,-2.98773,-3.01312,1.50664,-3,-3,1.5
125.218,-2.98783,-3.01316,1.50665,-3,-3,1.5
125.228,-2.98793,-3.0132,1.50666,-3,-3,1.5
125.238,-2.98803,-3.01324,1.50667,-3,-3,1.5
125.248,-2.98813,-3.01329,1.50667,-3,-3,1.5
125.258,-2.98824,-3.01333,1.50667,-3,-3,1.5
125.268,-2.98834,-3.01337,1.50665,-3,-3,1.5
125.278,-2.98845,-3.01342,1.50663,-3,-3,1.5
125.288,-2.98855,-3.01347,1.50658,-3,-3,1.5
125.298,-2.98866,-3.01351,1.5065,-3,-3,1.5
125.308,-2.98876,-3.01356,1.50643,-3,-3,1.5
125.318,-2.98887,-3.0136,1.50637,-3,-3,1.5
125.328,-2.98898,-3.01364,1.50633,-3,-3,1.5
125.338,-2.98908,-3.01368,1.50629,-3,-3,1.5
125.348,-2.98919,-3.01373,1.50626,-3,-3,1.5
125.358,-2.9893,-3.01377,1.50623,-3,-3,1.5
125.368,-2.9894,-3.01381,1.5062,-3,-3,1.5
125.378,-2.9895,-3.01384,1.50615,-3,-3,1.5
125.388,-2.98961,-3.01388,1.50614,-3,-3,1.5
125.398,-2.98971,-3.01392,1.50615,-3,-3,1.5
125.408,-2.98981,-3.01395,1.50615,-3,-3,1.5
125.418,-2.98991,-3.01399,1.50615,-3,-3,1.5
125.428,-2.99001,-3.01402,1.50615,-3,-3,1.5
125.438,-2.9901,-3.01405,1.50615,-3,-3,1.5
125.448,-2.9902,-3.01409,1.50615,-3,-3,1.5
125.458,-2.9903,-3.01412,1.50615,-3,-3,1.5
125.468,-2.9904,-3.01415,1.50615,-3,-3,1.5
125.478,-2.99051,-3.01418,1.50616,-3,-3,1.5
125.488,-2.99061,-3.01422,1.50616,-3,-3,1.5
125.498,-2.99071,-3.01425,1.5062,-3,-3,1.5
125.508,-2.99082,-3.01428,1.50626,-3,-3,1.5
125.518,-2.99092,-3.01432,1.5063,-3,-3,1.5
125.528,-2.99103,-3.01435,1.50633,-3,-3,1.5
125.538,-2.99113,-3.01439,1.50635,-3,-3,1.5
125.548,-2.99123,-3.01443,1.50638,-3,-3,1.5
125.558,-2.99134,-3.01447,1.50637,-3,-3,1.5
125.568,-2.99144,-3.01451,1.50635,-3,-3,1.5
125.578,-2.99154,-3.01455,1.50636,-3,-3,1.5
125.588,-2.99163,-3.01459,1.50637,-3,-3,1.5
125.598,-2.99173,-3.01463,1.50638,-3,-3,1.5
125.608,-2.99182,-3.01467,1.50639,-3,-3,1.5
125.618,-2.99192,-3.01472,1.50643,-3,-3,1.5
125.628,-2.99201,-3.01476,1.50649,-3,-3,1.5
125.638,-2.99211,-3.01481,1.50652,-3,-3,1.5
125.648,-2.9922,-3.01485,1.50653,-3,-3,1.5
125.658,-2.99229,-3.0149,1.50654,-3,-3,1.5
125.668,-2.99238,-3.01494,1.50653,-3,-3,1.5
125.678,-2.99247,-3.01499,1.50652,-3,-3,1.5
125.688,-2.99256,-3.01503,1.50649,-3,-3,1.5
125.698,-2.99265,-3.01507,1.50643,-3,-3,1.5
125.708,-2.99274,-3.01511,1.50637,-3,-3,1.5
125.718,-2.99282,-3.01515,1.50631,-3,-3,1.5
125.728,-2.99291,-3.01519,1.50629,-3,-3,1.5
125.738,-2.99299,-3.01522,1.50629,-3,-3,1.5
125.748,-2.99308,-3.01525,1.5063,-3,-3,1.5
125.758,-2.99316,-3.01528,1.5063,-3,-3,1.5
125.768,-2.99324,-3.01531,1.50631,-3,-3,1.5
125.778,-2.99333,-3.01534,1.50631,-3,-3,1.5
125.788,-2.99341,-3.01537,1.50632,-3,-3,1.5
125.798,-2.9935,-3.0154,1.50636,-3,-3,1.5
125.808,-2.99358,-3.01543,1.50643,-3,-3,1.5
125.818,-2.99367,-3.01546,1.50648,-3,-3,1.5
125.828,-2.99375,-3.01549,1.50651,-3,-3,1.5
125.838,-2.99384,-3.01552,1.50654,-3,-3,1.5
125.848,-2.99392,-3.01555,1.50654,-3,-3,1.5
125.858,-2.99401,-3.01558,1.50654,-3,-3,1.5
125.868,-2.99409,-3.01561,1.50656,-3,-3,1.5
125.878,-2.99417,-3.01565,1.5066,-3,-3,1.5
125.888,-2.99425,-3.01568,1.50661,-3,-3,1.5
125.898,-2.99433,-3.01572,1.5066,-3,-3,1.5
125.908,-2.99441,-3.01575,1.50658,-3,-3,1.5
125.918,-2.99448,-3.01579,1.50655,-3,-3,1.5
125.928,-2.99456,-3.01582,1.50652,-3,-3,1.5
125.938,-2.99463,-3.01586,1.5065,-3,-3,1.5
125.948,-2.99471,-3.01589,1.50647,-3,-3,1.5
125.958,-2.99478,-3.01592,1.50644,-3,-3,1.5
125.968,-2.99485,-3.01596,1.5064,-3,-3,1.5
125.979,-2.99493,-3.01599,1.50634,-3,-3,1.5
125.989,-2.995,-3.01602,1.50626,-3,-3,1.5
125.999,-2.99507,-3.01605,1.5062,-3,-3,1.5
126.009,-2.99514,-3.01607,1.50614,-3,-3,1.5
126.019,-2.99521,-3.0161,1.50612,-3,-3,1.5
126.029,-2.99528,-3.01612,1.50612,-3,-3,1.5
126.039,-2.99535,-3.01615,1.50611,-3,-3,1.5
126.049,-2.99542,-3.01617,1.50609,-3,-3,1.5
126.059,-2.9955,-3.01619,1.50607,-3,-3,1.5
126.069,-2.99557,-3.01621,1.50605,-3,-3,1.5
126.079,-2.99564,-3.01622,1.50603,-3,-3,1.5
126.089,-2.99572,-3.01624,1.50601,-3,-3,1.5
126.099,-2.99579,-3.01626,1.50599,-3,-3,1.5
126.109,-2.99587,-3.01628,1.50598,-3,-3,1.5
126.119,-2.99594,-3.0163,1.50598,-3,-3,1.5
126.129,-2.99602,-3.01631,1.50599,-3,-3,1.5
126.139,-2.9961,-3.01633,1.50603,-3,-3,1.5
126.149,-2.99617,-3.01635,1.50607,-3,-3,1.5
126.159,-2.99625,-3.01637,1.50611,-3,-3,1.5
126.169,-2.99633,-3.01638,1.50615,-3,-3,1.5
126.179,-2.9964,-3.0164,1.50619,-3,-3,1.5
126.189,-2.99648,-3.01642,1.50621,-3,-3,1.5
126.199,-2.99655,-3.01644,1.50623,-3,-3,1.5
126.209,-2.99662,-3.01647,1.50625,-3,-3,1.5
126.219,-2.9967,-3.01649,1.50624,-3,-3,1.5
126.229,-2.99677,-3.01651,1.50623,-3,-3,1.5
126.239,-2.99684,-3.01653,1.50623,-3,-3,1.5
126.249,-2.9969,-3.01656,1.5062,-3,-3,1.5
126.259,-2.99697,-3.01658,1.50617,-3,-3,1.5
126.269,-2.99703,-3.01661,1.50614,-3,-3,1.5
126.279,-2.9971,-3.01663,1.50611,-3,-3,1.5
126.289,-2.99716,-3.01665,1.50608,-3,-3,1.5
126.299,-2.99722,-3.01668,1.50606,-3,-3,1.5
126.309,-2.99728,-3.0167,1.50604,-3,-3,1.5
126.319,-2.99733,-3.01672,1.50601,-3,-3,1.5
126.329,-2.99739,-3.01674,1.50599,-3,-3,1.5
126.339,-2.99744,-3.01676,1.50596,-3,-3,1.5
126.349,-2.99749,-3.01678,1.50594,-3,-3,1.5
126.359,-2.99754,-3.0168,1.50591,-3,-3,1.5
126.369,-2.99759,-3.01682,1.50589,-3,-3,1.5
126.379,-2.99764,-3.01684,1.50586,-3,-3,1.5
126.389,-2.99769,-3.01686,1.50584,-3,-3,1.5
126.399,-2.99773,-3.01687,1.50582,-3,-3,1.5
126.409,-2.99778,-3.01689,1.5058,-3,-3,1.5
126.419,-2.99782,-3.0169,1.50578,-3,-3,1.5
126.429,-2.99786,-3.01691,1.50576,-3,-3,1.5
126.439,-2.9979,-3.01693,1.50574,-3,-3,1.5
126.449,-2.99794,-3.01694,1.50571,-3,-3,1.5
126.459,-2.99798,-3.01695,1.50569,-3,-3,1.5
126.469,-2.99801,-3.01696,1.50567,-3,-3,1.5
126.479,-2.99805,-3.01696,1.50565,-3,-3,1.5
126.489,-2.99808,-3.01697,1.50563,-3,-3,1.5
126.499,-2.99812,-3.01698,1.50561,-3,-3,1.5
126.509,-2.99815,-3.01698,1.50559,-3,-3,1.5
126.519,-2.99818,-3.01699,1.50558,-3,-3,1.5
126.529,-2.99821,-3.01699,1.50557,-3,-3,1.5
126.539,-2.99824,-3.01699,1.50556,-3,-3,1.5
126.549,-2.99827,-3.017,1.50554,-3,-3,1.5
126.559,-2.9983,-3.017,1.50553,-3,-3,1.5
126.569,-2.99833,-3.017,1.50552,-3,-3,1.5
126.579,-2.99836,-3.017,1.50551,-3,-3,1.5
126.589,-2.99839,-3.017,1.5055,-3,-3,1.5
126.599,-2.99842,-3.017,1.5055,-3,-3,1.5
126.609,-2.99845,-3.017,1.50549,-3,-3,1.5
126.619,-2.99847,-3.01699,1.50549,-3,-3,1.5
126.629,-2.9985,-3.01699,1.5055,-3,-3,1.5
126.639,-2.99853,-3.01699,1.50552,-3,-3,1.5
126.649,-2.99856,-3.01698,1.50554,-3,-3,1.5
126.659,-2.99858,-3.01698,1.50557,-3,-3,1.5
126.669,-2.99861,-3.01697,1.50559,-3,-3,1.5
126.679,-2.99864,-3.01697,1.5056,-3,-3,1.5
126.689,-2.99866,-3.01696,1.5056,-3,-3,1.5
126.699,-2.99869,-3.01696,1.50559,-3,-3,1.5
126.709,-2.99872,-3.01695,1.50558,-3,-3,1.5
126.719,-2.99875,-3.01695,1.50557,-3,-3,1.5
126.729,-2.99877,-3.01694,1.50556,-3,-3,1.5
126.739,-2.9988,-3.01693,1.50554,-3,-3,1.5
126.749,-2.99883,-3.01693,1.50552,-3,-3,1.5
126.759,-2.99886,-3.01692,1.5055,-3,-3,1.5
126.769,-2.99889,-3.01692,1.50549,-3,-3,1.5
126.779,-2.99891,-3.01691,1.50548,-3,-3,1.5
126.789,-2.99894,-3.0169,1.50547,-3,-3,1.5
126.799,-2.99898,-3.01689,1.50546,-3,-3,1.5
126.809,-2.99901,-3.01689,1.50545,-3,-3,1.5
126.819,-2.99904,-3.01688,1.50544,-3,-3,1.5
126.829,-2.99907,-3.01686,1.50543,-3,-3,1.5
126.839,-2.9991,-3.01685,1.50542,-3,-3,1.5
126.849,-2.99914,-3.01684,1.50541,-3,-3,1.5
126.859,-2.99917,-3.01683,1.50539,-3,-3,1.5
126.869,-2.99921,-3.01681,1.50537,-3,-3,1.5
126.879,-2.99925,-3.0168,1.50534,-3,-3,1.5
126.889,-2.99928,-3.01678,1.50533,-3,-3,1.5
126.899,-2.99932,-3.01677,1.50532,-3,-3,1.5
126.909,-2.99936,-3.01675,1.5053,-3,-3,1.5
126.919,-2.9994,-3.01674,1.50529,-3,-3,1.5
126.929,-2.99944,-3.01672,1.50528,-3,-3,1.5
126.939,-2.99948,-3.01671,1.50527,-3,-3,1.5
126.949,-2.99953,-3.0167,1.50525,-3,-3,1.5
126.959,-2.99957,-3.01668,1.50523,-3,-3,1.5
126.969,-2.99962,-3.01667,1.50521,-3,-3,1.5
126.979,-2.99966,-3.01666,1.50518,-3,-3,1.5
126.989,-2.99971,-3.01665,1.50516,-3,-3,1.5
126.999,-2.99976,-3.01665,1.50514,-3,-3,1.5
127.009,-2.99981,-3.01664,1.50513,-3,-3,1.5
127.019,-2.99986,-3.01663,1.50511,-3,-3,1.5
127.029,-2.99992,-3.01662,1.5051,-3,-3,1.5
127.039,-2.99997,-3.01661,1.50509,-3,-3,1.5
127.049,-3.00003,-3.01661,1.50507,-3,-3,1.5
127.059,-3.00009,-3.0166,1.50505,-3,-3,1.5
127.069,-3.00016,-3.0166,1.50503,-3,-3,1.5
127.079,-3.00022,-3.01659,1.50502,-3,-3,1.5
127.089,-3.00029,-3.01659,1.50501,-3,-3,1.5
127.099,-3.00036,-3.01658,1.505,-3,-3,1.5
127.109,-3.00043,-3.01658,1.50499,-3,-3,1.5
127.119,-3.0005,-3.01658,1.50498,-3,-3,1.5
127.129,-3.00057,-3.01658,1.50497,-3,-3,1.5
127.139,-3.00064,-3.01658,1.50496,-3,-3,1.5
127.149,-3.00072,-3.01659,1.50495,-3,-3,1.5
127.159,-3.00079,-3.01659,1.50494,-3,-3,1.5
127.169,-3.00086,-3.0166,1.50492,-3,-3,1.5
127.179,-3.00094,-3.0166,1.5049,-3,-3,1.5
127.189,-3.00101,-3.01661,1.50488,-3,-3,1.5
127.199,-3.00108,-3.01662,1.50487,-3,-3,1.5
127.209,-3.00115,-3.01663,1.50486,-3,-3,1.5
127.219,-3.00123,-3.01664,1.50485,-3,-3,1.5
127.229,-3.0013,-3.01665,1.50484,-3,-3,1.5
127.239,-3.00137,-3.01666,1.50483,-3,-3,1.5
127.249,-3.00143,-3.01668,1.50482,-3,-3,1.5
127.259,-3.0015,-3.01669,1.50481,-3,-3,1.5
127.269,-3.00157,-3.0167,1.5048,-3,-3,1.5
127.279,-3.00163,-3.01671,1.5048,-3,-3,1.5
127.289,-3.00169,-3.01672,1.50479,-3,-3,1.5
127.299,-3.00175,-3.01673,1.50479,-3,-3,1.5
127.309,-3.0018,-3.01674,1.50478,-3,-3,1.5
127.319,-3.00186,-3.01675,1.50478,-3,-3,1.5
127.329,-3.00191,-3.01676,1.50478,-3,-3,1.5
127.339,-3.00196,-3.01676,1.50478,-3,-3,1.5
127.349,-3.002,-3.01677,1.50478,-3,-3,1.5
127.359,-3.00204,-3.01678,1.50478,-3,-3,1.5
127.369,-3.00208,-3.01678,1.50478,-3,-3,1.5
127.379,-3.00212,-3.01679,1.50478,-3,-3,1.5
127.389,-3.00215,-3.01679,1.50478,-3,-3,1.5
127.399,-3.00218,-3.0168,1.50478,-3,-3,1.5
127.409,-3.00221,-3.0168,1.50479,-3,-3,1.5
127.419,-3.00223,-3.0168,1.50479,-3,-3,1.5
127.429,-3.00225,-3.01681,1.50479,-3,-3,1.5
127.439,-3.00227,-3.01681,1.50479,-3,-3,1.5
127.449,-3.00228,-3.01681,1.5048,-3,-3,1.5
127.459,-3.00229,-3.01681,1.50481,-3,-3,1.5
127.469,-3.0023,-3.01681,1.50482,-3,-3,1.5
127.479,-3.0023,-3.01681,1.50484,-3,-3,1.5
127.489,-3.0023,-3.01681,1.50486,-3,-3,1.5
127.499,-3.0023,-3.01681,1.50487,-3,-3,1.5
127.509,-3.0023,-3.0168,1.50489,-3,-3,1.5
127.519,-3.00229,-3.0168,1.5049,-3,-3,1.5
127.529,-3.00229,-3.0168,1.50492,-3,-3,1.5
127.539,-3.00228,-3.0168,1.50493,-3,-3,1.5
127.549,-3.00227,-3.01679,1.50494,-3,-3,1.5
127.559,-3.00225,-3.01679,1.50495,-3,-3,1.5
127.569,-3.00224,-3.01678,1.50496,-3,-3,1.5
127.579,-3.00223,-3.01677,1.50498,-3,-3,1.5
127.589,-3.00221,-3.01677,1.50499,-3,-3,1.5
127.599,-3.00219,-3.01676,1.50501,-3,-3,1.5
127.609,-3.00218,-3.01675,1.50502,-3,-3,1.5
127.619,-3.00216,-3.01674,1.50504,-3,-3,1.5
127.629,-3.00214,-3.01673,1.50505,-3,-3,1.5
127.639,-3.00212,-3.01672,1.50507,-3,-3,1.5
127.649,-3.0021,-3.0167,1.50508,-3,-3,1.5
127.659,-3.00208,-3.01669,1.50509,-3,-3,1.5
127.669,-3.00206,-3.01667,1.50512,-3,-3,1.5
127.679,-3.00203,-3.01666,1.50515,-3,-3,1.5
127.689,-3.00201,-3.01664,1.50517,-3,-3,1.5
127.699,-3.00199,-3.01662,1.50518,-3,-3,1.5
127.709,-3.00196,-3.0166,1.50519,-3,-3,1.5
127.719,-3.00194,-3.01659,1.50519,-3,-3,1.5
127.729,-3.00192,-3.01657,1.5052,-3,-3,1.5
127.739,-3.00189,-3.01655,1.5052,-3,-3,1.5
127.749,-3.00186,-3.01653,1.50519,-3,-3,1.5
127.759,-3.00184,-3.01651,1.50518,-3,-3,1.5
127.769,-3.00181,-3.01649,1.50517,-3,-3,1.5
127.779,-3.00178,-3.01647,1.50516,-3,-3,1.5
127.789,-3.00174,-3.01645,1.50517,-3,-3,1.5
127.799,-3.00171,-3.01643,1.5052,-3,-3,1.5
127.809,-3.00167,-3.01641,1.50522,-3,-3,1.5
127.819,-3.00163,-3.01639,1.50524,-3,-3,1.5
127.829,-3.00159,-3.01637,1.50527,-3,-3,1.5
127.839,-3.00155,-3.01636,1.5053,-3,-3,1.5
127.849,-3.00151,-3.01634,1.50534,-3,-3,1.5
127.859,-3.00147,-3.01633,1.50538,-3,-3,1.5
127.869,-3.00144,-3.01631,1.5054,-3,-3,1.5
127.879,-3.0014,-3.0163,1.50542,-3,-3,1.5
127.889,-3.00137,-3.0163,1.50545,-3,-3,1.5
127.899,-3.00133,-3.01629,1.50548,-3,-3,1.5
127.909,-3.0013,-3.01629,1.50552,-3,-3,1.5
127.919,-3.00127,-3.01629,1.50552,-3,-3,1.5
127.929,-3.00125,-3.01629,1.50549,-3,-3,1.5
127.939,-3.00122,-3.0163,1.50545,-3,-3,1.5
127.949,-3.0012,-3.01631,1.50543,-3,-3,1.5
127.959,-3.00117,-3.01632,1.50542,-3,-3,1.5
127.969,-3.00115,-3.01633,1.50541,-3,-3,1.5
127.979,-3.00113,-3.01635,1.5054,-3,-3,1.5
127.989,-3.00111,-3.01636,1.50539,-3,-3,1.5
127.999,-3.00109,-3.01638,1.50538,-3,-3,1.5
128.009,-3.00107,-3.0164,1.50538,-3,-3,1.5
128.019,-3.00105,-3.01642,1.50537,-3,-3,1.5
128.029,-3.00103,-3.01644,1.50538,-3,-3,1.5
128.039,-3.00101,-3.01647,1.50539,-3,-3,1.5
128.049,-3.00099,-3.01649,1.5054,-3,-3,1.5
128.059,-3.00097,-3.01651,1.50541,-3,-3,1.5
128.069,-3.00095,-3.01653,1.50542,-3,-3,1.5
128.079,-3.00093,-3.01655,1.50542,-3,-3,1.5
128.089,-3.00091,-3.01657,1.50542,-3,-3,1.5
128.099,-3.00089,-3.0166,1.50543,-3,-3,1.5
128.109,-3.00086,-3.01662,1.50544,-3,-3,1.5
128.119,-3.00084,-3.01663,1.50546,-3,-3,1.5
128.129,-3.00081,-3.01665,1.50548,-3,-3,1.5
128.139,-3.00078,-3.01667,1.50551,-3,-3,1.5
128.149,-3.00074,-3.01669,1.50553,-3,-3,1.5
128.159,-3.00071,-3.0167,1.50554,-3,-3,1.5
128.169,-3.00067,-3.01672,1.50555,-3,-3,1.5
128.179,-3.00062,-3.01673,1.50556,-3,-3,1.5
128.189,-3.00058,-3.01675,1.50558,-3,-3,1.5
128.199,-3.00053,-3.01676,1.5056,-3,-3,1.5
128.209,-3.00048,-3.01677,1.50562,-3,-3,1.5
128.219,-3.00043,-3.01678,1.50564,-3,-3,1.5
128.229,-3.00037,-3.01679,1.50565,-3,-3,1.5
128.239,-3.00032,-3.0168,1.50567,-3,-3,1.5
128.249,-3.00026,-3.01681,1.50568,-3,-3,1.5
128.259,-3.00019,-3.01682,1.5057,-3,-3,1.5
128.269,-3.00013,-3.01682,1.50572,-3,-3,1.5
128.279,-3.00006,-3.01683,1.50574,-3,-3,1.5
128.289,-2.99999,-3.01683,1.50575,-3,-3,1.5
128.299,-2.99992,-3.01683,1.50577,-3,-3,1.5
128.309,-2.99985,-3.01683,1.50578,-3,-3,1.5
128.319,-2.99978,-3.01683,1.50579,-3,-3,1.5
128.329,-2.9997,-3.01683,1.5058,-3,-3,1.5
128.339,-2.99963,-3.01683,1.50581,-3,-3,1.5
128.349,-2.99955,-3.01683,1.50581,-3,-3,1.5
128.359,-2.99947,-3.01682,1.50582,-3,-3,1.5
128.369,-2.99939,-3.01682,1.50583,-3,-3,1.5
128.379,-2.99931,-3.01681,1.50583,-3,-3,1.5
128.389,-2.99923,-3.01681,1.50584,-3,-3,1.5
128.399,-2.99915,-3.0168,1.50584,-3,-3,1.5
128.409,-2.99907,-3.01679,1.50584,-3,-3,1.5
128.419,-2.99898,-3.01678,1.50583,-3,-3,1.5
128.429,-2.9989,-3.01678,1.50583,-3,-3,1.5
128.439,-2.99881,-3.01677,1.50582,-3,-3,1.5
128.449,-2.99873,-3.01676,1.50582,-3,-3,1.5
128.459,-2.99864,-3.01675,1.50581,-3,-3,1.5
128.469,-2.99856,-3.01674,1.50581,-3,-3,1.5
128.479,-2.99847,-3.01673,1.50581,-3,-3,1.5
128.489,-2.99839,-3.01671,1.50581,-3,-3,1.5
128.499,-2.9983,-3.0167,1.50582,-3,-3,1.5
128.509,-2.99822,-3.01669,1.50585,-3,-3,1.5
128.519,-2.99813,-3.01668,1.50591,-3,-3,1.5
128.529,-2.99805,-3.01667,1.50597,-3,-3,1.5
128.539,-2.99797,-3.01666,1.50604,-3,-3,1.5
128.549,-2.99789,-3.01665,1.50609,-3,-3,1.5
128.559,-2.99781,-3.01664,1.50615,-3,-3,1.5
128.569,-2.99773,-3.01662,1.5062,-3,-3,1.5
128.579,-2.99765,-3.01661,1.50625,-3,-3,1.5
128.589,-2.99757,-3.0166,1.50629,-3,-3,1.5
128.599,-2.9975,-3.01659,1.50633,-3,-3,1.5
128.609,-2.99742,-3.01659,1.50636,-3,-3,1.5
128.619,-2.99734,-3.01658,1.5064,-3,-3,1.5
128.629,-2.99727,-3.01657,1.50643,-3,-3,1.5
128.639,-2.99719,-3.01656,1.50645,-3,-3,1.5
128.649,-2.99711,-3.01655,1.50647,-3,-3,1.5
128.659,-2.99704,-3.01655,1.50648,-3,-3,1.5
128.669,-2.99696,-3.01654,1.50649,-3,-3,1.5
128.679,-2.99689,-3.01653,1.50648,-3,-3,1.5
128.689,-2.99681,-3.01652,1.50647,-3,-3,1.5
128.699,-2.99673,-3.01652,1.50646,-3,-3,1.5
128.709,-2.99665,-3.01651,1.50646,-3,-3,1.5
128.719,-2.99657,-3.0165,1.50646,-3,-3,1.5
128.729,-2.99649,-3.01649,1.50649,-3,-3,1.5
128.739,-2.99641,-3.01648,1.50654,-3,-3,1.5
128.749,-2.99633,-3.01648,1.50658,-3,-3,1.5
128.759,-2.99624,-3.01647,1.5066,-3,-3,1.5
128.769,-2.99616,-3.01646,1.50664,-3,-3,1.5
128.779,-2.99608,-3.01645,1.50671,-3,-3,1.5
128.788,-2.99601,-3.01645,1.5068,-3,-3,1.5
128.798,-2.99594,-3.01644,1.50687,-3,-3,1.5
128.808,-2.99587,-3.01643,1.50693,-3,-3,1.5
128.818,-2.9958,-3.01643,1.50697,-3,-3,1.5
128.828,-2.99574,-3.01643,1.50701,-3,-3,1.5
128.838,-2.99567,-3.01642,1.50704,-3,-3,1.5
128.848,-2.99561,-3.01642,1.50707,-3,-3,1.5
128.858,-2.99555,-3.01642,1.50709,-3,-3,1.5
128.868,-2.99549,-3.01642,1.50711,-3,-3,1.5
128.878,-2.99543,-3.01642,1.50713,-3,-3,1.5
128.888,-2.99538,-3.01643,1.50715,-3,-3,1.5
128.898,-2.99532,-3.01643,1.50716,-3,-3,1.5
128.908,-2.99526,-3.01643,1.50717,-3,-3,1.5
128.918,-2.9952,-3.01643,1.50718,-3,-3,1.5
128.928,-2.99514,-3.01644,1.50719,-3,-3,1.5
128.938,-2.99508,-3.01644,1.5072,-3,-3,1.5
128.948,-2.99502,-3.01644,1.50723,-3,-3,1.5
128.958,-2.99495,-3.01644,1.50725,-3,-3,1.5
128.968,-2.99489,-3.01645,1.50726,-3,-3,1.5
128.978,-2.99482,-3.01645,1.50728,-3,-3,1.5
128.988,-2.99475,-3.01645,1.50729,-3,-3,1.5
128.998,-2.99468,-3.01645,1.5073,-3,-3,1.5
129.008,-2.99461,-3.01645,1.5073,-3,-3,1.5
129.018,-2.99454,-3.01645,1.50731,-3,-3,1.5
129.028,-2.99446,-3.01645,1.50732,-3,-3,1.5
129.038,-2.99438,-3.01645,1.50734,-3,-3,1.5
129.048,-2.9943,-3.01645,1.50737,-3,-3,1.5
129.058,-2.99422,-3.01645,1.5074,-3,-3,1.5
129.068,-2.99414,-3.01645,1.50742,-3,-3,1.5
129.078,-2.99405,-3.01644,1.50744,-3,-3,1.5
129.088,-2.99396,-3.01644,1.50745,-3,-3,1.5
129.098,-2.99387,-3.01644,1.50747,-3,-3,1.5
129.108,-2.99378,-3.01643,1.50748,-3,-3,1.5
129.118,-2.99368,-3.01643,1.50748,-3,-3,1.5
129.128,-2.99359,-3.01642,1.50749,-3,-3,1.5
129.138,-2.99349,-3.01641,1.50749,-3,-3,1.5
129.148,-2.99339,-3.01641,1.50749,-3,-3,1.5
129.158,-2.99329,-3.0164,1.50749,-3,-3,1.5
129.168,-2.99319,-3.01639,1.5075,-3,-3,1.5
129.178,-2.99309,-3.01638,1.5075,-3,-3,1.5
129.188,-2.99299,-3.01637,1.5075,-3,-3,1.5
129.198,-2.99288,-3.01636,1.50749,-3,-3,1.5
129.208,-2.99278,-3.01635,1.50747,-3,-3,1.5
129.218,-2.99268,-3.01635,1.50745,-3,-3,1.5
129.228,-2.99258,-3.01634,1.50744,-3,-3,1.5
129.238,-2.99247,-3.01633,1.50744,-3,-3,1.5
129.248,-2.99237,-3.01632,1.50744,-3,-3,1.5
129.258,-2.99226,-3.01631,1.50743,-3,-3,1.5
129.268,-2.99215,-3.0163,1.50744,-3,-3,1.5
129.278,-2.99204,-3.01629,1.50748,-3,-3,1.5
129.288,-2.99193,-3.01629,1.50753,-3,-3,1.5
129.298,-2.99182,-3.01628,1.50756,-3,-3,1.5
129.308,-2.99171,-3.01627,1.5076,-3,-3,1.5
129.318,-2.99159,-3.01626,1.50763,-3,-3,1.5
129.328,-2.99148,-3.01624,1.50765,-3,-3,1.5
129.338,-2.99137,-3.01623,1.50766,-3,-3,1.5
129.348,-2.99125,-3.01622,1.50768,-3,-3,1.5
129.358,-2.99114,-3.01621,1.50769,-3,-3,1.5
129.368,-2.99103,-3.0162,1.50771,-3,-3,1.5
129.378,-2.99092,-3.01619,1.50772,-3,-3,1.5
129.388,-2.99081,-3.01617,1.50773,-3,-3,1.5
129.398,-2.9907,-3.01616,1.50776,-3,-3,1.5
129.408,-2.99059,-3.01615,1.50779,-3,-3,1.5
129.418,-2.99048,-3.01613,1.50783,-3,-3,1.5
129.428,-2.99037,-3.01612,1.50786,-3,-3,1.5
129.438,-2.99026,-3.01611,1.50789,-3,-3,1.5
129.448,-2.99015,-3.01609,1.5079,-3,-3,1.5
129.458,-2.99004,-3.01608,1.50791,-3,-3,1.5
129.468,-2.98993,-3.01606,1.50793,-3,-3,1.5
129.478,-2.98983,-3.01604,1.50795,-3,-3,1.5
129.488,-2.98972,-3.01603,1.50797,-3,-3,1.5
129.498,-2.98961,-3.01601,1.50799,-3,-3,1.5
129.508,-2.9895,-3.01599,1.50799,-3,-3,1.5
129.518,-2.98939,-3.01597,1.508,-3,-3,1.5
129.528,-2.98928,-3.01595,1.50801,-3,-3,1.5
129.538,-2.98917,-3.01593,1.50803,-3,-3,1.5
129.548,-2.98906,-3.01591,1.50803,-3,-3,1.5
129.558,-2.98895,-3.01589,1.50804,-3,-3,1.5
129.568,-2.98884,-3.01587,1.50805,-3,-3,1.5
129.578,-2.98872,-3.01585,1.50806,-3,-3,1.5
129.588,-2.98861,-3.01583,1.50808,-3,-3,1.5
129.598,-2.9885,-3.0158,1.5081,-3,-3,1.5
129.608,-2.98838,-3.01578,1.50813,-3,-3,1.5
129.618,-2.98826,-3.01576,1.50815,-3,-3,1.5
129.628,-2.98814,-3.01573,1.50818,-3,-3,1.5
129.638,-2.98802,-3.01571,1.5082,-3,-3,1.5
129.648,-2.9879,-3.01568,1.5082,-3,-3,1.5
129.658,-2.98778,-3.01566,1.50821,-3,-3,1.5
129.668,-2.98766,-3.01563,1.50822,-3,-3,1.5
129.678,-2.98754,-3.01561,1.50822,-3,-3,1.5
129.688,-2.98742,-3.01558,1.50822,-3,-3,1.5
129.698,-2.9873,-3.01555,1.50822,-3,-3,1.5
129.708,-2.98718,-3.01553,1.50823,-3,-3,1.5
129.718,-2.98706,-3.0155,1.50823,-3,-3,1.5
129.728,-2.98694,-3.01547,1.50826,-3,-3,1.5
129.738,-2.98682,-3.01544,1.50828,-3,-3,1.5
129.748,-2.98671,-3.01542,1.50827,-3,-3,1.5
129.758,-2.98659,-3.01539,1.50826,-3,-3,1.5
129.768,-2.98647,-3.01537,1.50825,-3,-3,1.5
129.778,-2.98636,-3.01534,1.50826,-3,-3,1.5
129.788,-2.98624,-3.01531,1.50826,-3,-3,1.5
129.798,-2.98613,-3.01529,1.50829,-3,-3,1.5
129.808,-2.98602,-3.01526,1.50832,-3,-3,1.5
129.818,-2.9859,-3.01524,1.50835,-3,-3,1.5
129.828,-2.98579,-3.01521,1.50839,-3,-3,1.5
129.838,-2.98568,-3.01519,1.50842,-3,-3,1.5
129.848,-2.98557,-3.01516,1.50844,-3,-3,1.5
129.858,-2.98546,-3.01514,1.50846,-3,-3,1.5
129.868,-2.98535,-3.01511,1.50847,-3,-3,1.5
129.878,-2.98525,-3.01509,1.50848,-3,-3,1.5
129.888,-2.98514,-3.01506,1.50849,-3,-3,1.5
129.898,-2.98503,-3.01504,1.50853,-3,-3,1.5
129.908,-2.98493,-3.01501,1.50857,-3,-3,1.5
129.918,-2.98482,-3.01499,1.50856,-3,-3,1.5
129.928,-2.98472,-3.01496,1.50855,-3,-3,1.5
129.938,-2.98462,-3.01494,1.50854,-3,-3,1.5
129.948,-2.98452,-3.01491,1.50854,-3,-3,1.5
129.958,-2.98442,-3.01489,1.50853,-3,-3,1.5
129.968,-2.98433,-3.01487,1.50851,-3,-3,1.5
129.978,-2.98423,-3.01485,1.50851,-3,-3,1.5
129.988,-2.98414,-3.01484,1.50852,-3,-3,1.5
129.998,-2.98405,-3.01482,1.50852,-3,-3,1.5
130.008,-2.98396,-3.01481,1.50852,-3,-3,1.5
130.018,-2.98386,-3.01481,1.50852,-3,-3,1.5
130.028,-2.98377,-3.01481,1.50852,-3,-3,1.5
130.038,-2.98368,-3.01481,1.5085,-3,-3,1.5
130.048,-2.98359,-3.01481,1.50848,-3,-3,1.5
130.058,-2.9835,-3.01482,1.50844,-3,-3,1.5
130.068,-2.9834,-3.01483,1.50839,-3,-3,1.5
130.078,-2.98331,-3.01485,1.50834,-3,-3,1.5
130.088,-2.98322,-3.01486,1.50829,-3,-3,1.5
130.098,-2.98312,-3.01488,1.50823,-3,-3,1.5
130.108,-2.98303,-3.0149,1.50817,-3,-3,1.5
130.118,-2.98294,-3.01491,1.50811,-3,-3,1.5
130.128,-2.98285,-3.01493,1.50806,-3,-3,1.5
130.138,-2.98277,-3.01494,1.50802,-3,-3,1.5
130.148,-2.98268,-3.01495,1.50797,-3,-3,1.5
130.158,-2.9826,-3.01496,1.50793,-3,-3,1.5
130.168,-2.98253,-3.01497,1.50795,-3,-3,1.5
130.178,-2.98245,-3.01497,1.50796,-3,-3,1.5
130.188,-2.98238,-3.01498,1.50798,-3,-3,1.5
130.198,-2.98231,-3.01498,1.50802,-3,-3,1.5
130.208,-2.98224,-3.01498,1.50806,-3,-3,1.5
130.218,-2.98218,-3.01498,1.50809,-3,-3,1.5
130.228,-2.98211,-3.01498,1.50812,-3,-3,1.5
130.238,-2.98204,-3.01498,1.50815,-3,-3,1.5
130.248,-2.98198,-3.01498,1.50817,-3,-3,1.5
130.258,-2.98191,-3.01498,1.50819,-3,-3,1.5
130.268,-2.98185,-3.01497,1.50821,-3,-3,1.5
130.278,-2.98178,-3.01497,1.50822,-3,-3,1.5
130.288,-2.98171,-3.01496,1.50824,-3,-3,1.5
130.298,-2.98165,-3.01495,1.50826,-3,-3,1.5
130.308,-2.98158,-3.01495,1.50828,-3,-3,1.5
130.318,-2.98151,-3.01494,1.50831,-3,-3,1.5
130.328,-2.98144,-3.01493,1.50833,-3,-3,1.5
130.338,-2.98137,-3.01492,1.50834,-3,-3,1.5
130.348,-2.9813,-3.0149,1.50835,-3,-3,1.5
130.358,-2.98123,-3.01489,1.50837,-3,-3,1.5
130.368,-2.98116,-3.01488,1.50838,-3,-3,1.5
130.378,-2.98108,-3.01486,1.5084,-3,-3,1.5
130.388,-2.98101,-3.01485,1.50842,-3,-3,1.5
130.398,-2.98094,-3.01483,1.50845,-3,-3,1.5
130.408,-2.98086,-3.01481,1.50847,-3,-3,1.5
130.418,-2.98079,-3.0148,1.50848,-3,-3,1.5
130.428,-2.98071,-3.01478,1.50848,-3,-3,1.5
130.438,-2.98063,-3.01476,1.50848,-3,-3,1.5
130.448,-2.98056,-3.01474,1.50849,-3,-3,1.5
130.458,-2.98048,-3.01471,1.50848,-3,-3,1.5
130.468,-2.9804,-3.01469,1.50848,-3,-3,1.5
130.478,-2.98033,-3.01467,1.50848,-3,-3,1.5
130.488,-2.98025,-3.01465,1.50847,-3,-3,1.5
130.498,-2.98017,-3.01463,1.50846,-3,-3,1.5
130.508,-2.98009,-3.0146,1.50845,-3,-3,1.5
130.518,-2.98002,-3.01458,1.50843,-3,-3,1.5
130.528,-2.97994,-3.01456,1.50842,-3,-3,1.5
130.538,-2.97987,-3.01453,1.50841,-3,-3,1.5
130.548,-2.97979,-3.01451,1.50839,-3,-3,1.5
130.558,-2.97972,-3.01449,1.50838,-3,-3,1.5
130.568,-2.97965,-3.01447,1.50837,-3,-3,1.5
130.578,-2.97958,-3.01445,1.50836,-3,-3,1.5
130.588,-2.97951,-3.01443,1.50836,-3,-3,1.5
130.598,-2.97944,-3.01442,1.50836,-3,-3,1.5
130.607,-2.97937,-3.0144,1.50836,-3,-3,1.5
130.617,-2.9793,-3.01438,1.50836,-3,-3,1.5
130.627,-2.97923,-3.01437,1.50835,-3,-3,1.5
130.637,-2.97916,-3.01435,1.50836,-3,-3,1.5
130.647,-2.97909,-3.01434,1.50837,-3,-3,1.5
130.657,-2.97903,-3.01433,1.50838,-3,-3,1.5
130.667,-2.97896,-3.01432,1.5084,-3,-3,1.5
130.677,-2.97889,-3.0143,1.50842,-3,-3,1.5
130.687,-2.97882,-3.01429,1.50844,-3,-3,1.5
130.697,-2.97876,-3.01428,1.50844,-3,-3,1.5
130.707,-2.97869,-3.01426,1.50846,-3,-3,1.5
130.717,-2.97862,-3.01425,1.50849,-3,-3,1.5
130.727,-2.97855,-3.01423,1.50852,-3,-3,1.5
130.737,-2.97848,-3.01422,1.50855,-3,-3,1.5
130.747,-2.97841,-3.0142,1.50858,-3,-3,1.5
130.757,-2.97834,-3.01419,1.50861,-3,-3,1.5
130.767,-2.97827,-3.01417,1.50863,-3,-3,1.5
130.777,-2.9782,-3.01416,1.50865,-3,-3,1.5
130.787,-2.97813,-3.01414,1.50865,-3,-3,1.5
130.797,-2.97806,-3.01413,1.50866,-3,-3,1.5
130.807,-2.97799,-3.01411,1.50866,-3,-3,1.5
130.817,-2.97792,-3.0141,1.50867,-3,-3,1.5
130.827,-2.97785,-3.01408,1.50867,-3,-3,1.5
130.837,-2.97778,-3.01406,1.50867,-3,-3,1.5
130.847,-2.9777,-3.01405,1.50868,-3,-3,1.5
130.857,-2.97763,-3.01403,1.50869,-3,-3,1.5
130.867,-2.97756,-3.01402,1.50869,-3,-3,1.5
130.877,-2.97748,-3.014,1.50869,-3,-3,1.5
130.887,-2.97741,-3.01398,1.50868,-3,-3,1.5
130.897,-2.97733,-3.01397,1.50867,-3,-3,1.5
130.907,-2.97726,-3.01395,1.50866,-3,-3,1.5
130.917,-2.97718,-3.01393,1.50864,-3,-3,1.5
130.927,-2.97711,-3.01392,1.50863,-3,-3,1.5
130.937,-2.97703,-3.0139,1.50861,-3,-3,1.5
130.947,-2.97696,-3.01388,1.5086,-3,-3,1.5
130.957,-2.97688,-3.01386,1.5086,-3,-3,1.5
130.967,-2.97681,-3.01385,1.5086,-3,-3,1.5
130.977,-2.97673,-3.01383,1.50861,-3,-3,1.5
130.987,-2.97665,-3.01381,1.50862,-3,-3,1.5
130.997,-2.97657,-3.01379,1.50864,-3,-3,1.5
131.007,-2.97649,-3.01377,1.50868,-3,-3,1.5
131.017,-2.97641,-3.01376,1.50871,-3,-3,1.5
131.027,-2.97633,-3.01374,1.50873,-3,-3,1.5
131.037,-2.97625,-3.01372,1.50875,-3,-3,1.5
131.047,-2.97617,-3.0137,1.50877,-3,-3,1.5
131.057,-2.97608,-3.01368,1.50878,-3,-3,1.5
131.067,-2.976,-3.01366,1.5088,-3,-3,1.5
131.077,-2.97591,-3.01364,1.50881,-3,-3,1.5
131.087,-2.97583,-3.01362,1.50882,-3,-3,1.5
131.097,-2.97574,-3.0136,1.50882,-3,-3,1.5
131.107,-2.97566,-3.01358,1.50883,-3,-3,1.5
131.117,-2.97557,-3.01356,1.50885,-3,-3,1.5
131.127,-2.97548,-3.01354,1.50888,-3,-3,1.5
131.137,-2.97539,-3.01352,1.50891,-3,-3,1.5
131.147,-2.9753,-3.0135,1.50892,-3,-3,1.5
131.157,-2.97521,-3.01348,1.50894,-3,-3,1.5
131.167,-2.97512,-3.01346,1.50896,-3,-3,1.5
131.177,-2.97503,-3.01344,1.50897,-3,-3,1.5
131.187,-2.97494,-3.01342,1.50898,-3,-3,1.5
131.197,-2.97485,-3.0134,1.50898,-3,-3,1.5
131.207,-2.97476,-3.01338,1.50897,-3,-3,1.5
131.217,-2.97466,-3.01336,1.50896,-3,-3,1.5
131.227,-2.97457,-3.01334,1.50896,-3,-3,1.5
131.237,-2.97447,-3.01332,1.50895,-3,-3,1.5
131.247,-2.97438,-3.0133,1.50895,-3,-3,1.5
131.257,-2.97428,-3.01328,1.50896,-3,-3,1.5
131.267,-2.97419,-3.01326,1.50896,-3,-3,1.5
131.277,-2.97409,-3.01324,1.50896,-3,-3,1.5
131.287,-2.97399,-3.01322,1.50896,-3,-3,1.5
131.297,-2.9739,-3.0132,1.50896,-3,-3,1.5
131.307,-2.9738,-3.01318,1.50896,-3,-3,1.5
131.317,-2.97371,-3.01316,1.50896,-3,-3,1.5
131.327,-2.97362,-3.01314,1.50895,-3,-3,1.5
131.337,-2.97352,-3.01312,1.50895,-3,-3,1.5
131.347,-2.97343,-3.01309,1.50893,-3,-3,1.5
131.357,-2.97334,-3.01307,1.50892,-3,-3,1.5
131.367,-2.97325,-3.01305,1.5089,-3,-3,1.5
131.377,-2.97316,-3.01303,1.50889,-3,-3,1.5
131.387,-2.97307,-3.013,1.50888,-3,-3,1.5
131.397,-2.97298,-3.01298,1.50888,-3,-3,1.5
131.407,-2.97289,-3.01296,1.50888,-3,-3,1.5
131.417,-2.97281,-3.01293,1.50889,-3,-3,1.5
131.427,-2.97273,-3.01291,1.5089,-3,-3,1.5
131.437,-2.97265,-3.01288,1.50891,-3,-3,1.5
131.447,-2.97257,-3.01286,1.50892,-3,-3,1.5
131.457,-2.97249,-3.01284,1.50893,-3,-3,1.5
131.467,-2.97242,-3.01281,1.50892,-3,-3,1.5
131.477,-2.97235,-3.01278,1.5089,-3,-3,1.5
131.487,-2.97228,-3.01276,1.50888,-3,-3,1.5
131.497,-2.97221,-3.01273,1.50887,-3,-3,1.5
131.507,-2.97214,-3.01271,1.50886,-3,-3,1.5
131.517,-2.97208,-3.01268,1.50885,-3,-3,1.5
131.527,-2.97201,-3.01266,1.50884,-3,-3,1.5
131.537,-2.97195,-3.01263,1.50882,-3,-3,1.5
131.547,-2.97189,-3.01261,1.50881,-3,-3,1.5
131.557,-2.97182,-3.01258,1.50879,-3,-3,1.5
131.567,-2.97176,-3.01256,1.50878,-3,-3,1.5
131.577,-2.9717,-3.01254,1.50876,-3,-3,1.5
131.587,-2.97164,-3.01251,1.50876,-3,-3,1.5
131.597,-2.97158,-3.01249,1.50876,-3,-3,1.5
131.607,-2.97152,-3.01247,1.50877,-3,-3,1.5
131.617,-2.97146,-3.01245,1.50881,-3,-3,1.5
131.627,-2.97141,-3.01243,1.50883,-3,-3,1.5
131.637,-2.97136,-3.01241,1.50882,-3,-3,1.5
131.647,-2.97131,-3.01239,1.50879,-3,-3,1.5
131.657,-2.97126,-3.01237,1.50877,-3,-3,1.5
131.667,-2.97122,-3.01235,1.50874,-3,-3,1.5
131.677,-2.97118,-3.01234,1.50872,-3,-3,1.5
131.687,-2.97115,-3.01233,1.50869,-3,-3,1.5
131.697,-2.97111,-3.01231,1.50867,-3,-3,1.5
131.707,-2.97109,-3.0123,1.50866,-3,-3,1.5
131.717,-2.97107,-3.01229,1.50868,-3,-3,1.5
131.727,-2.97105,-3.01229,1.50872,-3,-3,1.5
131.737,-2.97104,-3.01228,1.50875,-3,-3,1.5
131.747,-2.97103,-3.01227,1.50876,-3,-3,1.5
131.757,-2.97103,-3.01227,1.50877,-3,-3,1.5
131.767,-2.97103,-3.01227,1.50878,-3,-3,1.5
131.777,-2.97103,-3.01226,1.50878,-3,-3,1.5
131.787,-2.97103,-3.01226,1.50878,-3,-3,1.5
131.797,-2.97104,-3.01226,1.50878,-3,-3,1.5
131.807,-2.97104,-3.01226,1.50879,-3,-3,1.5
131.817,-2.97105,-3.01226,1.50878,-3,-3,1.5
131.827,-2.97106,-3.01226,1.50877,-3,-3,1.5
131.837,-2.97106,-3.01226,1.50876,-3,-3,1.5
131.847,-2.97107,-3.01226,1.50876,-3,-3,1.5
131.857,-2.97107,-3.01226,1.50875,-3,-3,1.5
131.867,-2.97107,-3.01226,1.50874,-3,-3,1.5
131.877,-2.97107,-3.01226,1.50872,-3,-3,1.5
131.887,-2.97108,-3.01226,1.50869,-3,-3,1.5
131.897,-2.97107,-3.01226,1.50866,-3,-3,1.5
131.907,-2.97107,-3.01226,1.50863,-3,-3,1.5
131.917,-2.97107,-3.01226,1.5086,-3,-3,1.5
131.927,-2.97106,-3.01225,1.50857,-3,-3,1.5
131.937,-2.97105,-3.01225,1.50855,-3,-3,1.5
131.947,-2.97104,-3.01225,1.50853,-3,-3,1.5
131.957,-2.97103,-3.01225,1.50851,-3,-3,1.5
131.967,-2.97102,-3.01225,1.50849,-3,-3,1.5
131.977,-2.971,-3.01225,1.50847,-3,-3,1.5
131.987,-2.97099,-3.01224,1.50846,-3,-3,1.5
131.997,-2.97097,-3.01224,1.50844,-3,-3,1.5
132.007,-2.97094,-3.01224,1.50842,-3,-3,1.5
132.017,-2.97092,-3.01224,1.5084,-3,-3,1.5
132.027,-2.97089,-3.01224,1.50838,-3,-3,1.5
132.037,-2.97086,-3.01224,1.50836,-3,-3,1.5
132.047,-2.97083,-3.01223,1.50833,-3,-3,1.5
132.057,-2.97079,-3.01223,1.50831,-3,-3,1.5
132.067,-2.97076,-3.01223,1.50827,-3,-3,1.5
132.077,-2.97072,-3.01223,1.50826,-3,-3,1.5
132.087,-2.97067,-3.01223,1.50827,-3,-3,1.5
132.097,-2.97063,-3.01223,1.50829,-3,-3,1.5
132.107,-2.97059,-3.01223,1.5083,-3,-3,1.5
132.117,-2.97054,-3.01223,1.50829,-3,-3,1.5
132.127,-2.9705,-3.01223,1.50826,-3,-3,1.5
132.137,-2.97046,-3.01223,1.50824,-3,-3,1.5
132.147,-2.97043,-3.01222,1.50823,-3,-3,1.5
132.157,-2.97039,-3.01222,1.50821,-3,-3,1.5
132.167,-2.97036,-3.01222,1.5082,-3,-3,1.5
132.177,-2.97034,-3.01222,1.50819,-3,-3,1.5
132.187,-2.97031,-3.01222,1.50818,-3,-3,1.5
132.197,-2.9703,-3.01222,1.50816,-3,-3,1.5
132.207,-2.97028,-3.01222,1.50815,-3,-3,1.5
132.217,-2.97027,-3.01223,1.50813,-3,-3,1.5
132.227,-2.97026,-3.01223,1.50812,-3,-3,1.5
132.237,-2.97026,-3.01224,1.5081,-3,-3,1.5
132.247,-2.97027,-3.01224,1.50809,-3,-3,1.5
132.257,-2.97028,-3.01225,1.50807,-3,-3,1.5
132.267,-2.97029,-3.01226,1.50806,-3,-3,1.5
132.277,-2.97031,-3.01227,1.50807,-3,-3,1.5
132.287,-2.97033,-3.01229,1.50812,-3,-3,1.5
132.297,-2.97036,-3.0123,1.50814,-3,-3,1.5
132.307,-2.97039,-3.01232,1.50816,-3,-3,1.5
132.317,-2.97043,-3.01233,1.50816,-3,-3,1.5
132.327,-2.97046,-3.01235,1.50817,-3,-3,1.5
132.337,-2.9705,-3.01237,1.50817,-3,-3,1.5
132.347,-2.97054,-3.01238,1.50817,-3,-3,1.5
132.357,-2.97058,-3.0124,1.50819,-3,-3,1.5
132.367,-2.97062,-3.01242,1.50821,-3,-3,1.5
132.377,-2.97066,-3.01244,1.50823,-3,-3,1.5
132.387,-2.9707,-3.01246,1.50825,-3,-3,1.5
132.397,-2.97074,-3.01247,1.50826,-3,-3,1.5
132.407,-2.97078,-3.01249,1.50827,-3,-3,1.5
132.417,-2.97082,-3.01251,1.50826,-3,-3,1.5
132.426,-2.97086,-3.01253,1.50825,-3,-3,1.5
132.436,-2.97091,-3.01255,1.50824,-3,-3,1.5
132.446,-2.97095,-3.01257,1.50822,-3,-3,1.5
132.456,-2.971,-3.01259,1.5082,-3,-3,1.5
132.466,-2.97105,-3.0126,1.50818,-3,-3,1.5
132.476,-2.9711,-3.01262,1.50816,-3,-3,1.5
132.486,-2.97115,-3.01264,1.50814,-3,-3,1.5
132.496,-2.97121,-3.01266,1.50811,-3,-3,1.5
132.506,-2.97127,-3.01267,1.50809,-3,-3,1.5
132.516,-2.97133,-3.01269,1.50806,-3,-3,1.5
132.526,-2.97139,-3.01271,1.50804,-3,-3,1.5
132.536,-2.97146,-3.01273,1.50804,-3,-3,1.5
132.546,-2.97153,-3.01274,1.50807,-3,-3,1.5
132.556,-2.97161,-3.01276,1.50808,-3,-3,1.5
132.566,-2.97169,-3.01278,1.50808,-3,-3,1.5
132.576,-2.97177,-3.01279,1.50806,-3,-3,1.5
132.586,-2.97185,-3.01281,1.50804,-3,-3,1.5
132.596,-2.97194,-3.01283,1.50802,-3,-3,1.5
132.606,-2.97203,-3.01284,1.508,-3,-3,1.5
132.616,-2.97212,-3.01286,1.50798,-3,-3,1.5
132.626,-2.97222,-3.01288,1.50796,-3,-3,1.5
132.636,-2.97231,-3.0129,1.50794,-3,-3,1.5
132.646,-2.97241,-3.01291,1.50792,-3,-3,1.5
132.656,-2.97251,-3.01293,1.50791,-3,-3,1.5
132.666,-2.97261,-3.01294,1.5079,-3,-3,1.5
132.676,-2.97271,-3.01296,1.50788,-3,-3,1.5
132.686,-2.97282,-3.01297,1.50785,-3,-3,1.5
132.696,-2.97292,-3.01298,1.50782,-3,-3,1.5
132.706,-2.97303,-3.01299,1.50778,-3,-3,1.5
132.716,-2.97313,-3.01301,1.50776,-3,-3,1.5
132.726,-2.97324,-3.01302,1.50773,-3,-3,1.5
132.736,-2.97335,-3.01303,1.50771,-3,-3,1.5
132.746,-2.97346,-3.01304,1.50769,-3,-3,1.5
132.756,-2.97356,-3.01305,1.50766,-3,-3,1.5
132.766,-2.97367,-3.01306,1.50763,-3,-3,1.5
132.776,-2.97378,-3.01307,1.50761,-3,-3,1.5
132.786,-2.97389,-3.01308,1.50758,-3,-3,1.5
132.796,-2.974,-3.01309,1.50755,-3,-3,1.5
132.806,-2.97411,-3.01309,1.50753,-3,-3,1.5
132.816,-2.97421,-3.0131,1.5075,-3,-3,1.5
132.826,-2.97432,-3.01311,1.50748,-3,-3,1.5
132.836,-2.97443,-3.01311,1.50746,-3,-3,1.5
132.846,-2.97453,-3.01312,1.50744,-3,-3,1.5
132.856,-2.97464,-3.01313,1.50741,-3,-3,1.5
132.866,-2.97474,-3.01313,1.50739,-3,-3,1.5
132.876,-2.97485,-3.01314,1.50737,-3,-3,1.5
132.886,-2.97495,-3.01314,1.50735,-3,-3,1.5
132.896,-2.97505,-3.01314,1.50733,-3,-3,1.5
132.906,-2.97515,-3.01314,1.5073,-3,-3,1.5
132.916,-2.97525,-3.01314,1.50728,-3,-3,1.5
132.926,-2.97535,-3.01314,1.50726,-3,-3,1.5
132.936,-2.97545,-3.01314,1.50724,-3,-3,1.5
132.946,-2.97555,-3.01314,1.50722,-3,-3,1.5
132.956,-2.97565,-3.01314,1.50721,-3,-3,1.5
132.966,-2.97575,-3.01314,1.50719,-3,-3,1.5
132.976,-2.97584,-3.01314,1.50718,-3,-3,1.5
132.986,-2.97594,-3.01313,1.50716,-3,-3,1.5
132.996,-2.97604,-3.01313,1.50713,-3,-3,1.5
133.006,-2.97613,-3.01313,1.50709,-3,-3,1.5
133.016,-2.97623,-3.01312,1.50705,-3,-3,1.5
133.026,-2.97632,-3.01311,1.50701,-3,-3,1.5
133.036,-2.97642,-3.01311,1.50697,-3,-3,1.5
133.046,-2.97651,-3.0131,1.50693,-3,-3,1.5
133.056,-2.97661,-3.01309,1.5069,-3,-3,1.5
133.066,-2.9767,-3.01309,1.50686,-3,-3,1.5
133.076,-2.97679,-3.01308,1.50682,-3,-3,1.5
133.086,-2.97689,-3.01308,1.50677,-3,-3,1.5
133.096,-2.97698,-3.01307,1.50673,-3,-3,1.5
133.106,-2.97707,-3.01306,1.50669,-3,-3,1.5
133.116,-2.97716,-3.01306,1.50666,-3,-3,1.5
133.126,-2.97725,-3.01305,1.50664,-3,-3,1.5
133.136,-2.97734,-3.01305,1.50661,-3,-3,1.5
133.146,-2.97743,-3.01304,1.50659,-3,-3,1.5
133.156,-2.97752,-3.01304,1.50657,-3,-3,1.5
133.166,-2.97761,-3.01303,1.50655,-3,-3,1.5
133.176,-2.9777,-3.01303,1.50652,-3,-3,1.5
133.186,-2.97779,-3.01302,1.5065,-3,-3,1.5
133.196,-2.97788,-3.01301,1.50648,-3,-3,1.5
133.206,-2.97797,-3.01301,1.50646,-3,-3,1.5
133.216,-2.97806,-3.013,1.50643,-3,-3,1.5
133.226,-2.97815,-3.01299,1.5064,-3,-3,1.5
133.236,-2.97824,-3.01298,1.50638,-3,-3,1.5
133.246,-2.97833,-3.01297,1.50636,-3,-3,1.5
133.256,-2.97842,-3.01296,1.50634,-3,-3,1.5
133.266,-2.97851,-3.01295,1.50632,-3,-3,1.5
133.276,-2.9786,-3.01294,1.5063,-3,-3,1.5
133.286,-2.97869,-3.01293,1.50628,-3,-3,1.5
133.296,-2.97878,-3.01292,1.50626,-3,-3,1.5
133.306,-2.97887,-3.01291,1.50625,-3,-3,1.5
133.316,-2.97896,-3.01289,1.50623,-3,-3,1.5
133.326,-2.97905,-3.01288,1.50621,-3,-3,1.5
133.336,-2.97914,-3.01287,1.50619,-3,-3,1.5
133.346,-2.97922,-3.01285,1.50616,-3,-3,1.5
133.356,-2.97931,-3.01284,1.50613,-3,-3,1.5
133.366,-2.9794,-3.01282,1.50609,-3,-3,1.5
133.376,-2.97948,-3.0128,1.50605,-3,-3,1.5
133.386,-2.97957,-3.01279,1.50601,-3,-3,1.5
133.396,-2.97966,-3.01277,1.50598,-3,-3,1.5
133.406,-2.97974,-3.01275,1.50594,-3,-3,1.5
133.416,-2.97983,-3.01273,1.50591,-3,-3,1.5
133.426,-2.97991,-3.01272,1.50587,-3,-3,1.5
133.436,-2.97999,-3.0127,1.50584,-3,-3,1.5
133.446,-2.98008,-3.01268,1.50581,-3,-3,1.5
133.456,-2.98017,-3.01266,1.50578,-3,-3,1.5
133.466,-2.98025,-3.01264,1.50575,-3,-3,1.5
133.476,-2.98034,-3.01263,1.50572,-3,-3,1.5
133.486,-2.98042,-3.01261,1.50569,-3,-3,1.5
133.496,-2.98051,-3.01259,1.50567,-3,-3,1.5
133.506,-2.9806,-3.01257,1.50564,-3,-3,1.5
133.516,-2.98069,-3.01255,1.50561,-3,-3,1.5
133.526,-2.98078,-3.01253,1.50558,-3,-3,1.5
133.536,-2.98087,-3.01251,1.50555,-3,-3,1.5
133.546,-2.98097,-3.01248,1.50552,-3,-3,1.5
133.556,-2.98106,-3.01246,1.50548,-3,-3,1.5
133.566,-2.98116,-3.01244,1.50544,-3,-3,1.5
133.576,-2.98126,-3.01241,1.50541,-3,-3,1.5
133.586,-2.98136,-3.01239,1.50537,-3,-3,1.5
133.596,-2.98146,-3.01237,1.50534,-3,-3,1.5
133.606,-2.98156,-3.01235,1.50532,-3,-3,1.5
133.616,-2.98166,-3.01233,1.50529,-3,-3,1.5
133.626,-2.98177,-3.01231,1.50527,-3,-3,1.5
133.636,-2.98188,-3.01229,1.50525,-3,-3,1.5
133.646,-2.98198,-3.01227,1.50523,-3,-3,1.5
133.656,-2.9821,-3.01226,1.50524,-3,-3,1.5
133.666,-2.98221,-3.01224,1.50528,-3,-3,1.5
133.676,-2.98232,-3.01223,1.5053,-3,-3,1.5
133.686,-2.98244,-3.01222,1.5053,-3,-3,1.5
133.696,-2.98255,-3.0122,1.50529,-3,-3,1.5
133.706,-2.98267,-3.01219,1.50528,-3,-3,1.5
133.716,-2.98278,-3.01218,1.50525,-3,-3,1.5
133.726,-2.98289,-3.01217,1.50522,-3,-3,1.5
133.736,-2.983,-3.01216,1.50521,-3,-3,1.5
133.746,-2.98311,-3.01215,1.5052,-3,-3,1.5
133.756,-2.98322,-3.01214,1.50519,-3,-3,1.5
133.766,-2.98333,-3.01213,1.50518,-3,-3,1.5
133.776,-2.98344,-3.01212,1.50519,-3,-3,1.5
133.786,-2.98355,-3.01211,1.50523,-3,-3,1.5
133.796,-2.98365,-3.0121,1.50526,-3,-3,1.5
133.806,-2.98376,-3.01209,1.50526,-3,-3,1.5
133.816,-2.98386,-3.01208,1.50525,-3,-3,1.5
133.826,-2.98397,-3.01208,1.50523,-3,-3,1.5
133.836,-2.98407,-3.01207,1.50521,-3,-3,1.5
133.846,-2.98418,-3.01206,1.50519,-3,-3,1.5
133.856,-2.98428,-3.01206,1.50515,-3,-3,1.5
133.866,-2.98438,-3.01205,1.50511,-3,-3,1.5
133.876,-2.98448,-3.01204,1.50507,-3,-3,1.5
133.886,-2.98459,-3.01204,1.50504,-3,-3,1.5
133.896,-2.98469,-3.01203,1.50501,-3,-3,1.5
133.906,-2.98479,-3.01202,1.50498,-3,-3,1.5
133.916,-2.98489,-3.01201,1.50495,-3,-3,1.5
133.926,-2.98499,-3.01201,1.50491,-3,-3,1.5
133.936,-2.98509,-3.012,1.50486,-3,-3,1.5
133.946,-2.98518,-3.01199,1.5048,-3,-3,1.5
133.956,-2.98528,-3.01198,1.50475,-3,-3,1.5
133.966,-2.98538,-3.01197,1.50472,-3,-3,1.5
133.976,-2.98548,-3.01196,1.50468,-3,-3,1.5
133.986,-2.98557,-3.01195,1.50465,-3,-3,1.5
133.996,-2.98567,-3.01194,1.5046,-3,-3,1.5
134.006,-2.98577,-3.01193,1.50454,-3,-3,1.5
134.016,-2.98586,-3.01192,1.50449,-3,-3,1.5
134.026,-2.98596,-3.0119,1.50443,-3,-3,1.5
134.036,-2.98605,-3.01189,1.50438,-3,-3,1.5
134.046,-2.98615,-3.01187,1.50432,-3,-3,1.5
134.056,-2.98624,-3.01185,1.50428,-3,-3,1.5
134.066,-2.98634,-3.01184,1.50427,-3,-3,1.5
134.076,-2.98643,-3.01181,1.50428,-3,-3,1.5
134.086,-2.98652,-3.01179,1.50428,-3,-3,1.5
134.096,-2.98661,-3.01177,1.50427,-3,-3,1.5
134.106,-2.9867,-3.01174,1.50426,-3,-3,1.5
134.116,-2.98679,-3.01172,1.50425,-3,-3,1.5
134.126,-2.98688,-3.01169,1.50424,-3,-3,1.5
134.136,-2.98697,-3.01166,1.50423,-3,-3,1.5
134.146,-2.98706,-3.01164,1.50421,-3,-3,1.5
134.156,-2.98715,-3.01161,1.5042,-3,-3,1.5
134.166,-2.98724,-3.01158,1.50419,-3,-3,1.5
134.176,-2.98733,-3.01155,1.50416,-3,-3,1.5
134.186,-2.98742,-3.01152,1.50412,-3,-3,1.5
134.196,-2.9875,-3.01149,1.50408,-3,-3,1.5
134.206,-2.98759,-3.01146,1.50404,-3,-3,1.5
134.216,-2.98768,-3.01143,1.504,-3,-3,1.5
134.226,-2.98777,-3.0114,1.50402,-3,-3,1.5
134.236,-2.98786,-3.01137,1.50408,-3,-3,1.5
134.245,-2.98795,-3.01134,1.50413,-3,-3,1.5
134.255,-2.98804,-3.01131,1.50416,-3,-3,1.5
134.265,-2.98813,-3.01128,1.50419,-3,-3,1.5
134.275,-2.98823,-3.01126,1.50421,-3,-3,1.5
134.285,-2.98832,-3.01123,1.50422,-3,-3,1.5
134.295,-2.98842,-3.01121,1.50424,-3,-3,1.5
134.305,-2.98852,-3.01119,1.50425,-3,-3,1.5
134.315,-2.98861,-3.01117,1.50427,-3,-3,1.5
134.325,-2.98871,-3.01115,1.50427,-3,-3,1.5
134.335,-2.98881,-3.01113,1.50429,-3,-3,1.5
134.345,-2.98892,-3.01112,1.50434,-3,-3,1.5
134.355,-2.98902,-3.0111,1.50438,-3,-3,1.5
134.365,-2.98912,-3.01109,1.50442,-3,-3,1.5
134.375,-2.98922,-3.01107,1.50447,-3,-3,1.5
134.385,-2.98932,-3.01106,1.50452,-3,-3,1.5
134.395,-2.98942,-3.01105,1.50458,-3,-3,1.5
134.405,-2.98953,-3.01104,1.50463,-3,-3,1.5
134.415,-2.98963,-3.01103,1.50467,-3,-3,1.5
134.425,-2.98973,-3.01103,1.5047,-3,-3,1.5
134.435,-2.98983,-3.01102,1.50471,-3,-3,1.5
134.445,-2.98992,-3.01102,1.5047,-3,-3,1.5
134.455,-2.99002,-3.01102,1.50468,-3,-3,1.5
134.465,-2.99012,-3.01102,1.50466,-3,-3,1.5
134.475,-2.99022,-3.01102,1.50465,-3,-3,1.5
134.485,-2.99032,-3.01102,1.50464,-3,-3,1.5
134.495,-2.99041,-3.01102,1.50462,-3,-3,1.5
134.505,-2.99051,-3.01102,1.50459,-3,-3,1.5
134.515,-2.9906,-3.01103,1.50455,-3,-3,1.5
134.525,-2.99069,-3.01103,1.50452,-3,-3,1.5
134.535,-2.99079,-3.01103,1.50449,-3,-3,1.5
134.545,-2.99088,-3.01104,1.50447,-3,-3,1.5
134.555,-2.99097,-3.01104,1.50444,-3,-3,1.5
134.565,-2.99107,-3.01104,1.50441,-3,-3,1.5
134.575,-2.99116,-3.01104,1.50442,-3,-3,1.5
134.585,-2.99125,-3.01104,1.50445,-3,-3,1.5
134.595,-2.99135,-3.01104,1.50446,-3,-3,1.5
134.605,-2.99144,-3.01104,1.50445,-3,-3,1.5
134.615,-2.99154,-3.01104,1.50444,-3,-3,1.5
134.625,-2.99163,-3.01104,1.50443,-3,-3,1.5
134.635,-2.99173,-3.01104,1.50441,-3,-3,1.5
134.645,-2.99182,-3.01104,1.5044,-3,-3,1.5
134.655,-2.99192,-3.01104,1.50438,-3,-3,1.5
134.665,-2.99201,-3.01104,1.50437,-3,-3,1.5
134.675,-2.9921,-3.01104,1.50437,-3,-3,1.5
134.685,-2.99219,-3.01104,1.50438,-3,-3,1.5
134.695,-2.99228,-3.01104,1.50439,-3,-3,1.5
134.705,-2.99237,-3.01104,1.50441,-3,-3,1.5
134.715,-2.99245,-3.01104,1.50442,-3,-3,1.5
134.725,-2.99254,-3.01104,1.50443,-3,-3,1.5
134.735,-2.99262,-3.01104,1.50448,-3,-3,1.5
134.745,-2.99271,-3.01105,1.50454,-3,-3,1.5
134.755,-2.9928,-3.01106,1.50459,-3,-3,1.5
134.765,-2.99288,-3.01107,1.50464,-3,-3,1.5
134.775,-2.99297,-3.01108,1.50468,-3,-3,1.5
134.785,-2.99305,-3.01109,1.50471,-3,-3,1.5
134.795,-2.99314,-3.01111,1.50472,-3,-3,1.5
134.805,-2.99322,-3.01112,1.50473,-3,-3,1.5
134.815,-2.9933,-3.01114,1.50474,-3,-3,1.5
134.825,-2.99337,-3.01116,1.50474,-3,-3,1.5
134.835,-2.99345,-3.01118,1.50473,-3,-3,1.5
134.845,-2.99352,-3.0112,1.50472,-3,-3,1.5
134.855,-2.9936,-3.01123,1.5047,-3,-3,1.5
134.865,-2.99367,-3.01125,1.50468,-3,-3,1.5
134.875,-2.99373,-3.01127,1.50466,-3,-3,1.5
134.885,-2.9938,-3.0113,1.50463,-3,-3,1.5
134.895,-2.99386,-3.01132,1.50461,-3,-3,1.5
134.905,-2.99393,-3.01134,1.50458,-3,-3,1.5
134.915,-2.99399,-3.01136,1.50454,-3,-3,1.5
134.925,-2.99405,-3.01139,1.5045,-3,-3,1.5
134.935,-2.9941,-3.01141,1.50446,-3,-3,1.5
134.945,-2.99416,-3.01143,1.50442,-3,-3,1.5
134.955,-2.99421,-3.01145,1.50439,-3,-3,1.5
134.965,-2.99426,-3.01147,1.50437,-3,-3,1.5
134.975,-2.99431,-3.01148,1.50434,-3,-3,1.5
134.985,-2.99435,-3.0115,1.50431,-3,-3,1.5
134.995,-2.9944,-3.01152,1.50428,-3,-3,1.5
135.005,-2.99444,-3.01153,1.50425,-3,-3,1.5
135.015,-2.99448,-3.01155,1.50423,-3,-3,1.5
135.025,-2.99452,-3.01156,1.50421,-3,-3,1.5
135.035,-2.99455,-3.01158,1.50418,-3,-3,1.5
135.045,-2.99459,-3.01159,1.50416,-3,-3,1.5
135.055,-2.99462,-3.0116,1.50414,-3,-3,1.5
135.065,-2.99465,-3.01161,1.50411,-3,-3,1.5
135.075,-2.99468,-3.01162,1.50409,-3,-3,1.5
135.085,-2.99471,-3.01163,1.50408,-3,-3,1.5
135.095,-2.99473,-3.01164,1.50405,-3,-3,1.5
135.105,-2.99476,-3.01165,1.50403,-3,-3,1.5
135.115,-2.99478,-3.01166,1.50401,-3,-3,1.5
135.125,-2.99481,-3.01167,1.50399,-3,-3,1.5
135.135,-2.99483,-3.01168,1.50397,-3,-3,1.5
135.145,-2.99485,-3.01168,1.50395,-3,-3,1.5
135.155,-2.99487,-3.01169,1.50393,-3,-3,1.5
135.165,-2.99489,-3.01169,1.50391,-3,-3,1.5
135.175,-2.99491,-3.0117,1.50389,-3,-3,1.5
135.185,-2.99493,-3.0117,1.50388,-3,-3,1.5
135.195,-2.99494,-3.01171,1.50386,-3,-3,1.5
135.205,-2.99496,-3.01171,1.50385,-3,-3,1.5
135.215,-2.99498,-3.01171,1.50384,-3,-3,1.5
135.225,-2.995,-3.01172,1.50382,-3,-3,1.5
135.235,-2.99502,-3.01172,1.5038,-3,-3,1.5
135.245,-2.99503,-3.01172,1.50379,-3,-3,1.5
135.255,-2.99505,-3.01172,1.50377,-3,-3,1.5
135.265,-2.99507,-3.01172,1.50376,-3,-3,1.5
135.275,-2.99509,-3.01172,1.50374,-3,-3,1.5
135.285,-2.99511,-3.01172,1.50372,-3,-3,1.5
135.295,-2.99513,-3.01172,1.5037,-3,-3,1.5
135.305,-2.99515,-3.01172,1.50369,-3,-3,1.5
135.315,-2.99517,-3.01172,1.50367,-3,-3,1.5
135.325,-2.99519,-3.01172,1.50366,-3,-3,1.5
135.335,-2.99521,-3.01172,1.50364,-3,-3,1.5
135.345,-2.99524,-3.01171,1.50362,-3,-3,1.5
135.355,-2.99526,-3.01171,1.50361,-3,-3,1.5
135.365,-2.99529,-3.0117,1.50359,-3,-3,1.5
135.375,-2.99531,-3.0117,1.50357,-3,-3,1.5
135.385,-2.99534,-3.0117,1.50355,-3,-3,1.5
135.395,-2.99537,-3.01169,1.50354,-3,-3,1.5
135.405,-2.9954,-3.01168,1.50352,-3,-3,1.5
135.415,-2.99542,-3.01168,1.5035,-3,-3,1.5
135.425,-2.99546,-3.01167,1.50349,-3,-3,1.5
135.435,-2.99549,-3.01166,1.50347,-3,-3,1.5
135.445,-2.99552,-3.01166,1.50346,-3,-3,1.5
135.455,-2.99555,-3.01165,1.50344,-3,-3,1.5
135.465,-2.99559,-3.01164,1.50343,-3,-3,1.5
135.475,-2.99562,-3.01163,1.50342,-3,-3,1.5
135.485,-2.99566,-3.01162,1.50341,-3,-3,1.5
135.495,-2.9957,-3.01161,1.5034,-3,-3,1.5
135.505,-2.99573,-3.0116,1.50339,-3,-3,1.5
135.515,-2.99577,-3.01159,1.50338,-3,-3,1.5
135.525,-2.99581,-3.01158,1.50337,-3,-3,1.5
135.535,-2.99586,-3.01157,1.50336,-3,-3,1.5
135.545,-2.9959,-3.01156,1.50335,-3,-3,1.5
135.555,-2.99594,-3.01155,1.50334,-3,-3,1.5
135.565,-2.99598,-3.01154,1.50333,-3,-3,1.5
135.575,-2.99603,-3.01152,1.50331,-3,-3,1.5
135.585,-2.99607,-3.01151,1.50331,-3,-3,1.5
135.595,-2.99612,-3.0115,1.50331,-3,-3,1.5
135.605,-2.99616,-3.01148,1.50331,-3,-3,1.5
135.615,-2.99621,-3.01147,1.50331,-3,-3,1.5
135.625,-2.99625,-3.01145,1.50331,-3,-3,1.5
135.635,-2.99629,-3.01144,1.50331,-3,-3,1.5
135.645,-2.99634,-3.01143,1.50332,-3,-3,1.5
135.655,-2.99638,-3.01141,1.50333,-3,-3,1.5
135.665,-2.99642,-3.0114,1.50334,-3,-3,1.5
135.675,-2.99647,-3.01139,1.50334,-3,-3,1.5
135.685,-2.99651,-3.01137,1.50335,-3,-3,1.5
135.695,-2.99655,-3.01136,1.50335,-3,-3,1.5
135.705,-2.99658,-3.01135,1.50335,-3,-3,1.5
135.715,-2.99662,-3.01133,1.50335,-3,-3,1.5
135.725,-2.99665,-3.01132,1.50336,-3,-3,1.5
135.735,-2.99669,-3.01131,1.50337,-3,-3,1.5
135.745,-2.99672,-3.01129,1.50338,-3,-3,1.5
135.755,-2.99675,-3.01128,1.50339,-3,-3,1.5
135.765,-2.99678,-3.01126,1.5034,-3,-3,1.5
135.775,-2.9968,-3.01125,1.50341,-3,-3,1.5
135.785,-2.99683,-3.01123,1.50341,-3,-3,1.5
135.795,-2.99685,-3.01121,1.50341,-3,-3,1.5
135.805,-2.99687,-3.0112,1.5034,-3,-3,1.5
135.815,-2.99689,-3.01118,1.5034,-3,-3,1.5
135.825,-2.99691,-3.01116,1.50339,-3,-3,1.5
135.835,-2.99693,-3.01115,1.50338,-3,-3,1.5
135.845,-2.99695,-3.01113,1.50337,-3,-3,1.5
135.855,-2.99697,-3.01112,1.50336,-3,-3,1.5
135.865,-2.99698,-3.0111,1.50334,-3,-3,1.5
135.875,-2.997,-3.01109,1.50333,-3,-3,1.5
135.885,-2.99702,-3.01108,1.50333,-3,-3,1.5
135.895,-2.99704,-3.01106,1.50334,-3,-3,1.5
135.905,-2.99705,-3.01105,1.50335,-3,-3,1.5
135.915,-2.99707,-3.01104,1.50335,-3,-3,1.5
135.925,-2.99709,-3.01103,1.50336,-3,-3,1.5
135.935,-2.99711,-3.01102,1.50336,-3,-3,1.5
135.945,-2.99712,-3.01102,1.50336,-3,-3,1.5
135.955,-2.99714,-3.01101,1.50336,-3,-3,1.5
135.965,-2.99715,-3.011,1.50335,-3,-3,1.5
135.975,-2.99716,-3.01099,1.50334,-3,-3,1.5
135.985,-2.99717,-3.01098,1.50336,-3,-3,1.5
135.995,-2.99717,-3.01097,1.50338,-3,-3,1.5
136.005,-2.99718,-3.01097,1.50339,-3,-3,1.5
136.015,-2.99718,-3.01096,1.50341,-3,-3,1.5
136.025,-2.99718,-3.01095,1.50343,-3,-3,1.5
136.035,-2.99718,-3.01094,1.50344,-3,-3,1.5
136.045,-2.99718,-3.01093,1.50345,-3,-3,1.5
136.055,-2.99718,-3.01092,1.50346,-3,-3,1.5
136.064,-2.99718,-3.01092,1.50346,-3,-3,1.5
136.074,-2.99718,-3.01091,1.50347,-3,-3,1.5
136.084,-2.99719,-3.0109,1.50348,-3,-3,1.5
136.094,-2.99719,-3.01089,1.50349,-3,-3,1.5
136.104,-2.9972,-3.01088,1.5035,-3,-3,1.5
136.114,-2.99721,-3.01087,1.50351,-3,-3,1.5
136.124,-2.99722,-3.01086,1.5035,-3,-3,1.5
136.134,-2.99723,-3.01085,1.50348,-3,-3,1.5
136.144,-2.99725,-3.01085,1.50348,-3,-3,1.5
136.154,-2.99727,-3.01084,1.50348,-3,-3,1.5
136.164,-2.9973,-3.01082,1.50347,-3,-3,1.5
136.174,-2.99732,-3.01081,1.50348,-3,-3,1.5
136.184,-2.99735,-3.0108,1.5035,-3,-3,1.5
136.194,-2.99739,-3.01079,1.50352,-3,-3,1.5
136.204,-2.99743,-3.01077,1.50355,-3,-3,1.5
136.214,-2.99747,-3.01076,1.50358,-3,-3,1.5
136.224,-2.99751,-3.01074,1.50362,-3,-3,1.5
136.234,-2.99756,-3.01072,1.50366,-3,-3,1.5
136.244,-2.99761,-3.01071,1.50371,-3,-3,1.5
136.254,-2.99766,-3.01069,1.50376,-3,-3,1.5
136.264,-2.99771,-3.01068,1.5038,-3,-3,1.5
136.274,-2.99777,-3.01066,1.50384,-3,-3,1.5
136.284,-2.99783,-3.01065,1.50388,-3,-3,1.5
136.294,-2.99788,-3.01064,1.50392,-3,-3,1.5
136.304,-2.99795,-3.01063,1.50396,-3,-3,1.5
136.314,-2.99801,-3.01063,1.50399,-3,-3,1.5
136.324,-2.99807,-3.01062,1.50403,-3,-3,1.5
136.334,-2.99813,-3.01062,1.50407,-3,-3,1.5
136.344,-2.9982,-3.01061,1.50411,-3,-3,1.5
136.354,-2.99826,-3.01061,1.50414,-3,-3,1.5
136.364,-2.99832,-3.01061,1.50416,-3,-3,1.5
136.374,-2.99839,-3.01061,1.50419,-3,-3,1.5
136.384,-2.99845,-3.01061,1.50421,-3,-3,1.5
136.394,-2.99851,-3.01061,1.50422,-3,-3,1.5
136.404,-2.99856,-3.01061,1.50423,-3,-3,1.5
136.414,-2.99862,-3.01062,1.50423,-3,-3,1.5
136.424,-2.99867,-3.01062,1.50423,-3,-3,1.5
136.434,-2.99872,-3.01062,1.50424,-3,-3,1.5
136.444,-2.99876,-3.01062,1.50428,-3,-3,1.5
136.454,-2.99881,-3.01063,1.5043,-3,-3,1.5
136.464,-2.99885,-3.01063,1.50434,-3,-3,1.5
136.474,-2.99888,-3.01063,1.50439,-3,-3,1.5
136.484,-2.99892,-3.01064,1.50444,-3,-3,1.5
136.494,-2.99896,-3.01064,1.50448,-3,-3,1.5
136.504,-2.999,-3.01065,1.50453,-3,-3,1.5
136.514,-2.99903,-3.01066,1.50458,-3,-3,1.5
136.524,-2.99907,-3.01067,1.50462,-3,-3,1.5
136.534,-2.99911,-3.01068,1.50466,-3,-3,1.5
136.544,-2.99915,-3.01069,1.50469,-3,-3,1.5
136.554,-2.99919,-3.0107,1.50473,-3,-3,1.5
136.564,-2.99923,-3.01072,1.50476,-3,-3,1.5
136.574,-2.99928,-3.01074,1.50479,-3,-3,1.5
136.584,-2.99933,-3.01075,1.50481,-3,-3,1.5
136.594,-2.99938,-3.01077,1.50485,-3,-3,1.5
136.604,-2.99943,-3.01079,1.50489,-3,-3,1.5
136.614,-2.99948,-3.01081,1.50493,-3,-3,1.5
136.624,-2.99954,-3.01083,1.50496,-3,-3,1.5
136.634,-2.9996,-3.01085,1.505,-3,-3,1.5
136.644,-2.99966,-3.01087,1.50504,-3,-3,1.5
136.654,-2.99972,-3.01089,1.50507,-3,-3,1.5
136.664,-2.99979,-3.01091,1.5051,-3,-3,1.5
136.674,-2.99985,-3.01093,1.50513,-3,-3,1.5
136.684,-2.99992,-3.01096,1.50515,-3,-3,1.5
136.694,-2.99999,-3.01098,1.50517,-3,-3,1.5
136.704,-3.00005,-3.01101,1.50519,-3,-3,1.5
136.714,-3.00011,-3.01103,1.5052,-3,-3,1.5
136.724,-3.00018,-3.01106,1.50521,-3,-3,1.5
136.734,-3.00024,-3.01108,1.50521,-3,-3,1.5
136.744,-3.00029,-3.01111,1.50522,-3,-3,1.5
136.754,-3.00035,-3.01114,1.50525,-3,-3,1.5
136.764,-3.0004,-3.01116,1.50527,-3,-3,1.5
136.774,-3.00045,-3.01119,1.5053,-3,-3,1.5
136.784,-3.0005,-3.01122,1.50532,-3,-3,1.5
136.794,-3.00054,-3.01124,1.50534,-3,-3,1.5
136.804,-3.00058,-3.01127,1.50537,-3,-3,1.5
136.814,-3.00062,-3.01129,1.50538,-3,-3,1.5
136.824,-3.00065,-3.01132,1.50538,-3,-3,1.5
136.834,-3.00068,-3.01135,1.50538,-3,-3,1.5
136.844,-3.0007,-3.01137,1.50539,-3,-3,1.5
136.854,-3.00073,-3.01139,1.50539,-3,-3,1.5
136.864,-3.00074,-3.01142,1.50541,-3,-3,1.5
136.874,-3.00076,-3.01144,1.50542,-3,-3,1.5
136.884,-3.00077,-3.01146,1.50542,-3,-3,1.5
136.894,-3.00077,-3.01148,1.50542,-3,-3,1.5
136.904,-3.00078,-3.0115,1.50543,-3,-3,1.5
136.914,-3.00078,-3.01152,1.50544,-3,-3,1.5
136.924,-3.00077,-3.01154,1.50544,-3,-3,1.5
136.934,-3.00077,-3.01155,1.50544,-3,-3,1.5
136.944,-3.00076,-3.01157,1.50544,-3,-3,1.5
136.954,-3.00075,-3.01159,1.50544,-3,-3,1.5
136.964,-3.00073,-3.0116,1.50544,-3,-3,1.5
136.974,-3.00072,-3.01162,1.50543,-3,-3,1.5
136.984,-3.0007,-3.01164,1.50543,-3,-3,1.5
136.994,-3.00068,-3.01165,1.50543,-3,-3,1.5
137.004,-3.00065,-3.01167,1.50544,-3,-3,1.5
137.014,-3.00063,-3.01168,1.50543,-3,-3,1.5
137.024,-3.0006,-3.0117,1.50543,-3,-3,1.5
137.034,-3.00057,-3.01171,1.50543,-3,-3,1.5
137.044,-3.00054,-3.01173,1.50543,-3,-3,1.5
137.054,-3.0005,-3.01174,1.50543,-3,-3,1.5
137.064,-3.00046,-3.01175,1.50543,-3,-3,1.5
137.074,-3.00043,-3.01177,1.50543,-3,-3,1.5
137.084,-3.00039,-3.01178,1.50543,-3,-3,1.5
137.094,-3.00034,-3.01179,1.50544,-3,-3,1.5
137.104,-3.0003,-3.01181,1.50545,-3,-3,1.5
137.114,-3.00026,-3.01182,1.50546,-3,-3,1.5
137.124,-3.00021,-3.01183,1.50547,-3,-3,1.5
137.134,-3.00017,-3.01184,1.50547,-3,-3,1.5
137.144,-3.00012,-3.01185,1.50547,-3,-3,1.5
137.154,-3.00007,-3.01186,1.50547,-3,-3,1.5
137.164,-3.00002,-3.01188,1.50547,-3,-3,1.5
137.174,-2.99998,-3.01189,1.50546,-3,-3,1.5
137.184,-2.99993,-3.0119,1.50546,-3,-3,1.5
137.194,-2.99988,-3.01191,1.50545,-3,-3,1.5
137.204,-2.99983,-3.01192,1.50546,-3,-3,1.5
137.214,-2.99978,-3.01193,1.50546,-3,-3,1.5
137.224,-2.99973,-3.01194,1.50548,-3,-3,1.5
137.234,-2.99968,-3.01195,1.5055,-3,-3,1.5
137.244,-2.99963,-3.01196,1.50552,-3,-3,1.5
137.254,-2.99958,-3.01197,1.50554,-3,-3,1.5
137.264,-2.99952,-3.01198,1.50556,-3,-3,1.5
137.274,-2.99947,-3.01199,1.50559,-3,-3,1.5
137.284,-2.99942,-3.012,1.50563,-3,-3,1.5
137.294,-2.99936,-3.01201,1.50567,-3,-3,1.5
137.304,-2.99931,-3.01203,1.50571,-3,-3,1.5
137.314,-2.99925,-3.01204,1.50574,-3,-3,1.5
137.324,-2.99919,-3.01205,1.50577,-3,-3,1.5
137.334,-2.99913,-3.01206,1.50581,-3,-3,1.5
137.344,-2.99907,-3.01207,1.50583,-3,-3,1.5
137.354,-2.999,-3.01208,1.50585,-3,-3,1.5
137.364,-2.99894,-3.01209,1.50586,-3,-3,1.5
137.374,-2.99887,-3.0121,1.50586,-3,-3,1.5
137.384,-2.99881,-3.01211,1.50587,-3,-3,1.5
137.394,-2.99874,-3.01212,1.50587,-3,-3,1.5
137.404,-2.99867,-3.01212,1.50587,-3,-3,1.5
137.414,-2.9986,-3.01213,1.50588,-3,-3,1.5
137.424,-2.99853,-3.01214,1.50588,-3,-3,1.5
137.434,-2.99846,-3.01214,1.50588,-3,-3,1.5
137.444,-2.99839,-3.01215,1.50588,-3,-3,1.5
137.454,-2.99832,-3.01215,1.5059,-3,-3,1.5
137.464,-2.99825,-3.01216,1.50591,-3,-3,1.5
137.474,-2.99817,-3.01216,1.50592,-3,-3,1.5
137.484,-2.9981,-3.01217,1.50594,-3,-3,1.5
137.494,-2.99803,-3.01217,1.50596,-3,-3,1.5
137.504,-2.99795,-3.01218,1.50599,-3,-3,1.5
137.514,-2.99788,-3.01218,1.50602,-3,-3,1.5
137.524,-2.9978,-3.01218,1.50605,-3,-3,1.5
137.534,-2.99772,-3.01219,1.50607,-3,-3,1.5
137.544,-2.99764,-3.01219,1.50608,-3,-3,1.5
137.554,-2.99756,-3.01219,1.5061,-3,-3,1.5
137.564,-2.99748,-3.01219,1.50612,-3,-3,1.5
137.574,-2.9974,-3.01219,1.50613,-3,-3,1.5
137.584,-2.99731,-3.01219,1.50616,-3,-3,1.5
137.594,-2.99723,-3.01219,1.50621,-3,-3,1.5
137.604,-2.99714,-3.01219,1.50625,-3,-3,1.5
137.614,-2.99705,-3.01219,1.50628,-3,-3,1.5
137.624,-2.99697,-3.01219,1.50631,-3,-3,1.5
137.634,-2.99688,-3.01219,1.50633,-3,-3,1.5
137.644,-2.99679,-3.01219,1.50636,-3,-3,1.5
137.654,-2.9967,-3.01219,1.5064,-3,-3,1.5
137.664,-2.99662,-3.01219,1.50643,-3,-3,1.5
137.674,-2.99653,-3.01219,1.50645,-3,-3,1.5
137.684,-2.99644,-3.01219,1.50647,-3,-3,1.5
137.694,-2.99636,-3.01219,1.50649,-3,-3,1.5
137.704,-2.99627,-3.01219,1.50651,-3,-3,1.5
137.714,-2.99619,-3.01218,1.50654,-3,-3,1.5
137.724,-2.9961,-3.01218,1.50657,-3,-3,1.5
137.734,-2.99602,-3.01217,1.50661,-3,-3,1.5
137.744,-2.99593,-3.01217,1.50664,-3,-3,1.5
137.754,-2.99585,-3.01216,1.50667,-3,-3,1.5
137.764,-2.99577,-3.01215,1.50669,-3,-3,1.5
137.774,-2.99569,-3.01215,1.5067,-3,-3,1.5
137.784,-2.99561,-3.01214,1.50672,-3,-3,1.5
137.794,-2.99552,-3.01213,1.50675,-3,-3,1.5
137.804,-2.99544,-3.01212,1.50677,-3,-3,1.5
137.814,-2.99536,-3.01211,1.5068,-3,-3,1.5
137.824,-2.99528,-3.0121,1.50684,-3,-3,1.5
137.834,-2.99519,-3.01209,1.50687,-3,-3,1.5
137.844,-2.99511,-3.01208,1.5069,-3,-3,1.5
137.854,-2.99502,-3.01206,1.50693,-3,-3,1.5
137.864,-2.99493,-3.01205,1.50697,-3,-3,1.5
137.874,-2.99484,-3.01204,1.507,-3,-3,1.5
137.883,-2.99474,-3.01202,1.50702,-3,-3,1.5
137.893,-2.99465,-3.01201,1.50705,-3,-3,1.5
137.903,-2.99455,-3.01199,1.50707,-3,-3,1.5
137.913,-2.99445,-3.01198,1.50708,-3,-3,1.5
137.923,-2.99435,-3.01196,1.5071,-3,-3,1.5
137.933,-2.99425,-3.01194,1.50714,-3,-3,1.5
137.943,-2.99415,-3.01192,1.50718,-3,-3,1.5
137.953,-2.99404,-3.0119,1.50718,-3,-3,1.5
137.963,-2.99393,-3.01188,1.50713,-3,-3,1.5
137.973,-2.99383,-3.01186,1.50707,-3,-3,1.5
137.983,-2.99372,-3.01184,1.50702,-3,-3,1.5
137.993,-2.99361,-3.01182,1.507,-3,-3,1.5
138.003,-2.99351,-3.0118,1.50702,-3,-3,1.5
138.013,-2.99341,-3.01178,1.50703,-3,-3,1.5
138.023,-2.99332,-3.01175,1.50705,-3,-3,1.5
138.033,-2.99323,-3.01173,1.50709,-3,-3,1.5
138.043,-2.99314,-3.01171,1.50711,-3,-3,1.5
138.053,-2.99306,-3.01168,1.50711,-3,-3,1.5
138.063,-2.99298,-3.01166,1.50711,-3,-3,1.5
138.073,-2.9929,-3.01164,1.50711,-3,-3,1.5
138.083,-2.99283,-3.01162,1.50711,-3,-3,1.5
138.093,-2.99275,-3.0116,1.50711,-3,-3,1.5
138.103,-2.99268,-3.01158,1.50711,-3,-3,1.5
138.113,-2.99261,-3.01156,1.50712,-3,-3,1.5
138.123,-2.99254,-3.01155,1.50712,-3,-3,1.5
138.133,-2.99248,-3.01153,1.50712,-3,-3,1.5
138.143,-2.99241,-3.01152,1.50712,-3,-3,1.5
138.153,-2.99234,-3.0115,1.50712,-3,-3,1.5
138.163,-2.99228,-3.01149,1.50712,-3,-3,1.5
138.173,-2.99222,-3.01148,1.50713,-3,-3,1.5
138.183,-2.99215,-3.01147,1.50716,-3,-3,1.5
138.193,-2.99209,-3.01146,1.50719,-3,-3,1.5
138.203,-2.99203,-3.01145,1.50722,-3,-3,1.5
138.213,-2.99196,-3.01144,1.50725,-3,-3,1.5
138.223,-2.9919,-3.01144,1.50728,-3,-3,1.5
138.233,-2.99183,-3.01143,1.50731,-3,-3,1.5
138.243,-2.99177,-3.01142,1.50734,-3,-3,1.5
138.253,-2.9917,-3.01142,1.50735,-3,-3,1.5
138.263,-2.99163,-3.01141,1.50737,-3,-3,1.5
138.273,-2.99157,-3.01141,1.50739,-3,-3,1.5
138.283,-2.9915,-3.0114,1.50741,-3,-3,1.5
138.293,-2.99143,-3.0114,1.50744,-3,-3,1.5
138.303,-2.99136,-3.01139,1.50748,-3,-3,1.5
138.313,-2.99129,-3.01139,1.50751,-3,-3,1.5
138.323,-2.99122,-3.01138,1.50754,-3,-3,1.5
138.333,-2.99115,-3.01138,1.50756,-3,-3,1.5
138.343,-2.99108,-3.01137,1.50758,-3,-3,1.5
138.353,-2.99101,-3.01136,1.5076,-3,-3,1.5
138.363,-2.99093,-3.01136,1.50763,-3,-3,1.5
138.373,-2.99086,-3.01135,1.50766,-3,-3,1.5
138.383,-2.99078,-3.01134,1.5077,-3,-3,1.5
138.393,-2.99071,-3.01134,1.50772,-3,-3,1.5
138.403,-2.99063,-3.01133,1.50769,-3,-3,1.5
138.413,-2.99054,-3.01132,1.50764,-3,-3,1.5
138.423,-2.99046,-3.01131,1.50763,-3,-3,1.5
138.433,-2.99038,-3.0113,1.50763,-3,-3,1.5
138.443,-2.9903,-3.01128,1.5076,-3,-3,1.5
138.453,-2.99022,-3.01127,1.50756,-3,-3,1.5
138.463,-2.99014,-3.01126,1.50755,-3,-3,1.5
138.473,-2.99007,-3.01124,1.50755,-3,-3,1.5
138.483,-2.98999,-3.01122,1.50756,-3,-3,1.5
138.493,-2.98992,-3.01121,1.50757,-3,-3,1.5
138.503,-2.98984,-3.01119,1.50758,-3,-3,1.5
138.513,-2.98977,-3.01117,1.50761,-3,-3,1.5
138.523,-2.9897,-3.01116,1.50763,-3,-3,1.5
138.533,-2.98962,-3.01114,1.50765,-3,-3,1.5
138.543,-2.98954,-3.01112,1.50766,-3,-3,1.5
138.553,-2.98946,-3.0111,1.50768,-3,-3,1.5
138.563,-2.98939,-3.01108,1.50769,-3,-3,1.5
138.573,-2.98931,-3.01106,1.50771,-3,-3,1.5
138.583,-2.98922,-3.01104,1.50773,-3,-3,1.5
138.593,-2.98914,-3.01102,1.50775,-3,-3,1.5
138.603,-2.98906,-3.011,1.50776,-3,-3,1.5
138.613,-2.98897,-3.01098,1.50778,-3,-3,1.5
138.623,-2.98889,-3.01096,1.5078,-3,-3,1.5
138.633,-2.9888,-3.01094,1.50782,-3,-3,1.5
138.643,-2.98871,-3.01091,1.50784,-3,-3,1.5
138.653,-2.98862,-3.01089,1.50784,-3,-3,1.5
138.663,-2.98852,-3.01087,1.50784,-3,-3,1.5
138.673,-2.98843,-3.01084,1.50785,-3,-3,1.5
138.683,-2.98834,-3.01082,1.50785,-3,-3,1.5
138.693,-2.98824,-3.01079,1.50785,-3,-3,1.5
138.703,-2.98815,-3.01077,1.50786,-3,-3,1.5
138.713,-2.98805,-3.01074,1.50786,-3,-3,1.5
138.723,-2.98796,-3.01072,1.50787,-3,-3,1.5
138.733,-2.98786,-3.01069,1.50787,-3,-3,1.5
138.743,-2.98776,-3.01067,1.50788,-3,-3,1.5
138.753,-2.98767,-3.01064,1.50788,-3,-3,1.5
138.763,-2.98757,-3.01062,1.50788,-3,-3,1.5
138.773,-2.98747,-3.0106,1.5079,-3,-3,1.5
138.783,-2.98737,-3.01057,1.50794,-3,-3,1.5
138.793,-2.98727,-3.01055,1.50797,-3,-3,1.5
138.803,-2.98717,-3.01053,1.50801,-3,-3,1.5
138.813,-2.98707,-3.0105,1.50806,-3,-3,1.5
138.823,-2.98697,-3.01048,1.5081,-3,-3,1.5
138.833,-2.98686,-3.01046,1.50813,-3,-3,1.5
138.843,-2.98676,-3.01044,1.50815,-3,-3,1.5
138.853,-2.98666,-3.01042,1.50818,-3,-3,1.5
138.863,-2.98655,-3.0104,1.50821,-3,-3,1.5
138.873,-2.98645,-3.01038,1.50823,-3,-3,1.5
138.883,-2.98635,-3.01036,1.50826,-3,-3,1.5
138.893,-2.98625,-3.01034,1.50829,-3,-3,1.5
138.903,-2.98615,-3.01032,1.50831,-3,-3,1.5
138.913,-2.98605,-3.0103,1.50833,-3,-3,1.5
138.923,-2.98595,-3.01028,1.50834,-3,-3,1.5
138.933,-2.98585,-3.01027,1.50836,-3,-3,1.5
138.943,-2.98575,-3.01025,1.50837,-3,-3,1.5
138.953,-2.98565,-3.01023,1.5084,-3,-3,1.5
138.963,-2.98556,-3.01022,1.50843,-3,-3,1.5
138.973,-2.98546,-3.0102,1.50846,-3,-3,1.5
138.983,-2.98537,-3.01019,1.50849,-3,-3,1.5
138.993,-2.98527,-3.01017,1.50852,-3,-3,1.5
139.003,-2.98518,-3.01016,1.50854,-3,-3,1.5
139.013,-2.98509,-3.01014,1.50857,-3,-3,1.5
139.023,-2.985,-3.01013,1.50859,-3,-3,1.5
139.033,-2.98491,-3.01011,1.50862,-3,-3,1.5
139.043,-2.98482,-3.0101,1.50864,-3,-3,1.5
139.053,-2.98474,-3.01008,1.50867,-3,-3,1.5
139.063,-2.98465,-3.01007,1.50869,-3,-3,1.5
139.073,-2.98457,-3.01005,1.50871,-3,-3,1.5
139.083,-2.98449,-3.01004,1.50873,-3,-3,1.5
139.093,-2.98441,-3.01002,1.50874,-3,-3,1.5
139.103,-2.98433,-3.01001,1.50874,-3,-3,1.5
139.113,-2.98425,-3.00999,1.50873,-3,-3,1.5
139.123,-2.98417,-3.00998,1.50873,-3,-3,1.5
139.133,-2.9841,-3.00996,1.50873,-3,-3,1.5
139.143,-2.98402,-3.00994,1.50872,-3,-3,1.5
139.153,-2.98395,-3.00993,1.50872,-3,-3,1.5
139.163,-2.98388,-3.00991,1.50871,-3,-3,1.5
139.173,-2.9838,-3.0099,1.50871,-3,-3,1.5
139.183,-2.98373,-3.00988,1.5087,-3,-3,1.5
139.193,-2.98366,-3.00987,1.50869,-3,-3,1.5
139.203,-2.98359,-3.00985,1.50869,-3,-3,1.5
139.213,-2.98352,-3.00984,1.50868,-3,-3,1.5
139.223,-2.98345,-3.00982,1.50868,-3,-3,1.5
139.233,-2.98338,-3.00981,1.50868,-3,-3,1.5
139.243,-2.98331,-3.00979,1.50867,-3,-3,1.5
139.253,-2.98325,-3.00978,1.50866,-3,-3,1.5
139.263,-2.98318,-3.00976,1.50865,-3,-3,1.5
139.273,-2.98311,-3.00975,1.50864,-3,-3,1.5
139.283,-2.98304,-3.00973,1.50864,-3,-3,1.5
139.293,-2.98298,-3.00972,1.50864,-3,-3,1.5
139.303,-2.98291,-3.00971,1.50865,-3,-3,1.5
139.313,-2.98284,-3.00969,1.50865,-3,-3,1.5
139.323,-2.98278,-3.00968,1.50865,-3,-3,1.5
139.333,-2.98271,-3.00966,1.50865,-3,-3,1.5
139.343,-2.98264,-3.00965,1.50865,-3,-3,1.5
139.353,-2.98258,-3.00963,1.50864,-3,-3,1.5
139.363,-2.98251,-3.00962,1.50863,-3,-3,1.5
139.373,-2.98245,-3.0096,1.50862,-3,-3,1.5
139.383,-2.98238,-3.00959,1.50861,-3,-3,1.5
139.393,-2.98232,-3.00957,1.50859,-3,-3,1.5
139.403,-2.98225,-3.00956,1.50857,-3,-3,1.5
139.413,-2.98219,-3.00954,1.50855,-3,-3,1.5
139.423,-2.98212,-3.00953,1.50853,-3,-3,1.5
139.433,-2.98205,-3.00951,1.50852,-3,-3,1.5
139.443,-2.98199,-3.0095,1.50852,-3,-3,1.5
139.453,-2.98192,-3.00948,1.50852,-3,-3,1.5
139.463,-2.98185,-3.00947,1.50851,-3,-3,1.5
139.473,-2.98179,-3.00945,1.5085,-3,-3,1.5
139.483,-2.98172,-3.00944,1.5085,-3,-3,1.5
139.493,-2.98166,-3.00943,1.50849,-3,-3,1.5
139.503,-2.98159,-3.00941,1.50849,-3,-3,1.5
139.513,-2.98153,-3.0094,1.50848,-3,-3,1.5
139.523,-2.98147,-3.00939,1.50847,-3,-3,1.5
139.533,-2.98141,-3.00938,1.50847,-3,-3,1.5
139.543,-2.98135,-3.00937,1.50846,-3,-3,1.5
139.553,-2.9813,-3.00936,1.50846,-3,-3,1.5
139.563,-2.98124,-3.00935,1.50845,-3,-3,1.5
139.573,-2.98119,-3.00934,1.50844,-3,-3,1.5
139.583,-2.98114,-3.00933,1.50843,-3,-3,1.5
139.593,-2.98109,-3.00932,1.50841,-3,-3,1.5
139.603,-2.98104,-3.00931,1.5084,-3,-3,1.5
139.613,-2.981,-3.0093,1.50838,-3,-3,1.5
139.623,-2.98095,-3.00929,1.50837,-3,-3,1.5
139.633,-2.98091,-3.00928,1.50837,-3,-3,1.5
139.643,-2.98086,-3.00927,1.50837,-3,-3,1.5
139.653,-2.98082,-3.00926,1.50836,-3,-3,1.5
139.663,-2.98077,-3.00925,1.50835,-3,-3,1.5
139.673,-2.98073,-3.00925,1.50833,-3,-3,1.5
139.683,-2.98069,-3.00924,1.50832,-3,-3,1.5
139.693,-2.98065,-3.00923,1.5083,-3,-3,1.5
139.702,-2.98061,-3.00923,1.50829,-3,-3,1.5
139.712,-2.98057,-3.00922,1.50828,-3,-3,1.5
139.722,-2.98052,-3.00922,1.50826,-3,-3,1.5
139.732,-2.98048,-3.00922,1.50825,-3,-3,1.5
139.742,-2.98044,-3.00921,1.50823,-3,-3,1.5
139.752,-2.9804,-3.00921,1.50821,-3,-3,1.5
139.762,-2.98036,-3.00921,1.50819,-3,-3,1.5
139.772,-2.98032,-3.0092,1.50817,-3,-3,1.5
139.782,-2.98028,-3.0092,1.50816,-3,-3,1.5
139.792,-2.98024,-3.0092,1.50816,-3,-3,1.5
139.802,-2.9802,-3.0092,1.50815,-3,-3,1.5
139.812,-2.98016,-3.00919,1.50814,-3,-3,1.5
139.822,-2.98012,-3.00919,1.50814,-3,-3,1.5
139.832,-2.98008,-3.00919,1.50814,-3,-3,1.5
139.842,-2.98005,-3.00918,1.50814,-3,-3,1.5
139.852,-2.98001,-3.00918,1.50817,-3,-3,1.5
139.862,-2.97998,-3.00918,1.50819,-3,-3,1.5
139.872,-2.97995,-3.00918,1.50822,-3,-3,1.5
139.882,-2.97992,-3.00918,1.50824,-3,-3,1.5
139.892,-2.9799,-3.00918,1.50826,-3,-3,1.5
139.902,-2.97987,-3.00918,1.50828,-3,-3,1.5
139.912,-2.97985,-3.00918,1.50831,-3,-3,1.5
139.922,-2.97984,-3.00919,1.50833,-3,-3,1.5
139.932,-2.97982,-3.00919,1.50833,-3,-3,1.5
139.942,-2.97981,-3.00921,1.50833,-3,-3,1.5
139.952,-2.9798,-3.00922,1.50831,-3,-3,1.5
139.962,-2.97979,-3.00923,1.50829,-3,-3,1.5
139.972,-2.97979,-3.00925,1.50827,-3,-3,1.5
139.982,-2.97979,-3.00927,1.50825,-3,-3,1.5
139.992,-2.97979,-3.00929,1.50823,-3,-3,1.5
140.002,-2.9798,-3.00931,1.50821,-3,-3,1.5
140.012,-2.97981,-3.00934,1.50819,-3,-3,1.5
140.022,-2.97983,-3.00936,1.50816,-3,-3,1.5
140.032,-2.97985,-3.00939,1.50814,-3,-3,1.5
140.042,-2.97987,-3.00942,1.50813,-3,-3,1.5
140.052,-2.97989,-3.00945,1.50812,-3,-3,1.5
140.062,-2.97992,-3.00948,1.5081,-3,-3,1.5
140.072,-2.97996,-3.00951,1.50808,-3,-3,1.5
140.082,-2.98,-3.00954,1.50806,-3,-3,1.5
140.092,-2.98004,-3.00958,1.50804,-3,-3,1.5
140.102,-2.98008,-3.00961,1.50802,-3,-3,1.5
140.112,-2.98013,-3.00965,1.50799,-3,-3,1.5
140.122,-2.98019,-3.00969,1.508,-3,-3,1.5
140.132,-2.98025,-3.00973,1.50803,-3,-3,1.5
140.142,-2.98031,-3.00977,1.50804,-3,-3,1.5
140.152,-2.98037,-3.00981,1.50805,-3,-3,1.5
140.162,-2.98044,-3.00985,1.50805,-3,-3,1.5
140.172,-2.98051,-3.00989,1.50805,-3,-3,1.5
140.182,-2.98057,-3.00992,1.50805,-3,-3,1.5
140.192,-2.98064,-3.00996,1.50805,-3,-3,1.5
140.202,-2.98071,-3.01,1.50804,-3,-3,1.5
140.212,-2.98077,-3.01004,1.50803,-3,-3,1.5
140.222,-2.98083,-3.01008,1.50802,-3,-3,1.5
140.232,-2.9809,-3.01012,1.508,-3,-3,1.5
140.242,-2.98095,-3.01015,1.50798,-3,-3,1.5
140.252,-2.98101,-3.01019,1.50799,-3,-3,1.5
140.262,-2.98106,-3.01022,1.50801,-3,-3,1.5
140.272,-2.98111,-3.01026,1.50803,-3,-3,1.5
140.282,-2.98116,-3.01029,1.50804,-3,-3,1.5
140.292,-2.98121,-3.01032,1.50807,-3,-3,1.5
140.302,-2.98125,-3.01035,1.50809,-3,-3,1.5
140.312,-2.9813,-3.01038,1.50812,-3,-3,1.5
140.322,-2.98135,-3.01041,1.50814,-3,-3,1.5
140.332,-2.9814,-3.01044,1.50816,-3,-3,1.5
140.342,-2.98145,-3.01047,1.50819,-3,-3,1.5
140.352,-2.9815,-3.0105,1.50821,-3,-3,1.5
140.362,-2.98155,-3.01053,1.50823,-3,-3,1.5
140.372,-2.98161,-3.01056,1.50824,-3,-3,1.5
140.382,-2.98166,-3.01059,1.50825,-3,-3,1.5
140.392,-2.98172,-3.01062,1.50826,-3,-3,1.5
140.402,-2.98178,-3.01066,1.50826,-3,-3,1.5
140.412,-2.98185,-3.01069,1.50826,-3,-3,1.5
140.422,-2.98191,-3.01072,1.50826,-3,-3,1.5
140.432,-2.98198,-3.01075,1.50827,-3,-3,1.5
140.442,-2.98205,-3.01078,1.50827,-3,-3,1.5
140.452,-2.98212,-3.01082,1.50828,-3,-3,1.5
140.462,-2.98219,-3.01085,1.50828,-3,-3,1.5
140.472,-2.98227,-3.01088,1.50829,-3,-3,1.5
140.482,-2.98235,-3.01091,1.5083,-3,-3,1.5
140.492,-2.98243,-3.01094,1.50831,-3,-3,1.5
140.502,-2.98251,-3.01097,1.50831,-3,-3,1.5
140.512,-2.9826,-3.011,1.50831,-3,-3,1.5
140.522,-2.98269,-3.01103,1.50831,-3,-3,1.5
140.532,-2.98278,-3.01106,1.50831,-3,-3,1.5
140.542,-2.98287,-3.01109,1.50832,-3,-3,1.5
140.552,-2.98297,-3.01112,1.50831,-3,-3,1.5
140.562,-2.98307,-3.01115,1.50831,-3,-3,1.5
140.572,-2.98317,-3.01118,1.50831,-3,-3,1.5
140.582,-2.98327,-3.01121,1.50829,-3,-3,1.5
140.592,-2.98338,-3.01124,1.50827,-3,-3,1.5
140.602,-2.98348,-3.01127,1.50825,-3,-3,1.5
140.612,-2.98359,-3.0113,1.50822,-3,-3,1.5
140.622,-2.9837,-3.01133,1.50818,-3,-3,1.5
140.632,-2.98381,-3.01136,1.50814,-3,-3,1.5
140.642,-2.98392,-3.01139,1.50811,-3,-3,1.5
140.652,-2.98403,-3.01142,1.50808,-3,-3,1.5
140.662,-2.98414,-3.01144,1.50805,-3,-3,1.5
140.672,-2.98426,-3.01147,1.50802,-3,-3,1.5
140.682,-2.98437,-3.0115,1.50799,-3,-3,1.5
140.692,-2.98448,-3.01152,1.50796,-3,-3,1.5
140.702,-2.98458,-3.01155,1.50794,-3,-3,1.5
140.712,-2.98469,-3.01157,1.5079,-3,-3,1.5
140.722,-2.9848,-3.01159,1.50787,-3,-3,1.5
140.732,-2.9849,-3.01162,1.50784,-3,-3,1.5
140.742,-2.985,-3.01164,1.50783,-3,-3,1.5
140.752,-2.98509,-3.01166,1.50784,-3,-3,1.5
140.762,-2.98519,-3.01168,1.50783,-3,-3,1.5
140.772,-2.98528,-3.0117,1.50782,-3,-3,1.5
140.782,-2.98538,-3.01171,1.50781,-3,-3,1.5
140.792,-2.98547,-3.01173,1.50781,-3,-3,1.5
140.802,-2.98556,-3.01175,1.50783,-3,-3,1.5
140.812,-2.98565,-3.01176,1.50782,-3,-3,1.5
140.822,-2.98574,-3.01178,1.50781,-3,-3,1.5
140.832,-2.98583,-3.01179,1.50778,-3,-3,1.5
140.842,-2.98592,-3.0118,1.50775,-3,-3,1.5
140.852,-2.98601,-3.01181,1.50772,-3,-3,1.5
140.862,-2.9861,-3.01182,1.50768,-3,-3,1.5
140.872,-2.98618,-3.01183,1.50765,-3,-3,1.5
140.882,-2.98626,-3.01184,1.50762,-3,-3,1.5
140.892,-2.98635,-3.01185,1.50759,-3,-3,1.5
140.902,-2.98643,-3.01186,1.50756,-3,-3,1.5
140.912,-2.98651,-3.01187,1.50754,-3,-3,1.5
140.922,-2.98658,-3.01187,1.50752,-3,-3,1.5
140.932,-2.98666,-3.01188,1.50749,-3,-3,1.5
140.942,-2.98674,-3.01188,1.50747,-3,-3,1.5
140.952,-2.98681,-3.01189,1.50745,-3,-3,1.5
140.962,-2.98688,-3.01189,1.50742,-3,-3,1.5
140.972,-2.98696,-3.0119,1.5074,-3,-3,1.5
140.982,-2.98703,-3.0119,1.50737,-3,-3,1.5
140.992,-2.9871,-3.0119,1.50734,-3,-3,1.5
141.002,-2.98718,-3.0119,1.50729,-3,-3,1.5
141.012,-2.98725,-3.0119,1.50725,-3,-3,1.5
141.022,-2.98732,-3.01189,1.50721,-3,-3,1.5
141.032,-2.98739,-3.01189,1.50717,-3,-3,1.5
141.042,-2.98746,-3.01189,1.50712,-3,-3,1.5
141.052,-2.98753,-3.01188,1.50708,-3,-3,1.5
141.062,-2.9876,-3.01188,1.50704,-3,-3,1.5
141.072,-2.98767,-3.01187,1.507,-3,-3,1.5
141.082,-2.98774,-3.01186,1.50696,-3,-3,1.5
141.092,-2.98781,-3.01186,1.50693,-3,-3,1.5
141.102,-2.98788,-3.01185,1.5069,-3,-3,1.5
141.112,-2.98795,-3.01184,1.50688,-3,-3,1.5
141.122,-2.98802,-3.01183,1.50685,-3,-3,1.5
141.132,-2.98809,-3.01182,1.50682,-3,-3,1.5
141.142,-2.98816,-3.01181,1.50678,-3,-3,1.5
141.152,-2.98822,-3.0118,1.50674,-3,-3,1.5
141.162,-2.98829,-3.01179,1.5067,-3,-3,1.5
141.172,-2.98835,-3.01177,1.50666,-3,-3,1.5
141.182,-2.98841,-3.01176,1.50662,-3,-3,1.5
141.192,-2.98847,-3.01175,1.50658,-3,-3,1.5
141.202,-2.98853,-3.01173,1.50653,-3,-3,1.5
141.212,-2.98859,-3.01172,1.50648,-3,-3,1.5
141.222,-2.98865,-3.0117,1.50644,-3,-3,1.5
141.232,-2.9887,-3.01168,1.50639,-3,-3,1.5
141.242,-2.98875,-3.01167,1.50635,-3,-3,1.5
141.252,-2.9888,-3.01165,1.50631,-3,-3,1.5
141.262,-2.98885,-3.01163,1.50628,-3,-3,1.5
141.272,-2.9889,-3.01161,1.50624,-3,-3,1.5
141.282,-2.98895,-3.0116,1.50619,-3,-3,1.5
141.292,-2.989,-3.01158,1.50614,-3,-3,1.5
141.302,-2.98905,-3.01156,1.5061,-3,-3,1.5
141.312,-2.98911,-3.01154,1.50609,-3,-3,1.5
141.322,-2.98916,-3.01152,1.50612,-3,-3,1.5
141.332,-2.98921,-3.0115,1.50613,-3,-3,1.5
141.342,-2.98927,-3.01148,1.50617,-3,-3,1.5
141.352,-2.98932,-3.01147,1.50623,-3,-3,1.5
141.362,-2.98938,-3.01145,1.50628,-3,-3,1.5
141.372,-2.98944,-3.01143,1.5063,-3,-3,1.5
141.382,-2.9895,-3.01142,1.50631,-3,-3,1.5
141.392,-2.98956,-3.0114,1.50631,-3,-3,1.5
141.402,-2.98962,-3.01139,1.5063,-3,-3,1.5
141.412,-2.98968,-3.01138,1.50629,-3,-3,1.5
141.422,-2.98973,-3.01137,1.50628,-3,-3,1.5
141.432,-2.98979,-3.01136,1.50627,-3,-3,1.5
141.442,-2.98985,-3.01134,1.50625,-3,-3,1.5
141.452,-2.9899,-3.01133,1.50623,-3,-3,1.5
141.462,-2.98995,-3.01132,1.50622,-3,-3,1.5
141.472,-2.99001,-3.01131,1.50621,-3,-3,1.5
141.482,-2.99006,-3.0113,1.50619,-3,-3,1.5
141.492,-2.99011,-3.01129,1.50617,-3,-3,1.5
141.502,-2.99016,-3.01128,1.50614,-3,-3,1.5
141.512,-2.99022,-3.01127,1.5061,-3,-3,1.5
141.521,-2.99027,-3.01126,1.50606,-3,-3,1.5
141.531,-2.99032,-3.01125,1.50605,-3,-3,1.5
141.541,-2.99038,-3.01124,1.50606,-3,-3,1.5
141.551,-2.99043,-3.01123,1.50605,-3,-3,1.5
141.561,-2.99049,-3.01122,1.50602,-3,-3,1.5
141.571,-2.99054,-3.01121,1.506,-3,-3,1.5
141.581,-2.9906,-3.0112,1.50597,-3,-3,1.5
141.591,-2.99066,-3.01119,1.50594,-3,-3,1.5
141.601,-2.99071,-3.01118,1.50591,-3,-3,1.5
141.611,-2.99077,-3.01117,1.50589,-3,-3,1.5
141.621,-2.99083,-3.01115,1.50585,-3,-3,1.5
141.631,-2.99089,-3.01114,1.50582,-3,-3,1.5
141.641,-2.99094,-3.01113,1.50579,-3,-3,1.5
141.651,-2.991,-3.01112,1.50575,-3,-3,1.5
141.661,-2.99105,-3.0111,1.50571,-3,-3,1.5
141.671,-2.99111,-3.01109,1.50568,-3,-3,1.5
141.681,-2.99116,-3.01108,1.50565,-3,-3,1.5
141.691,-2.99122,-3.01106,1.50562,-3,-3,1.5
141.701,-2.99127,-3.01105,1.50559,-3,-3,1.5
141.711,-2.99133,-3.01104,1.50556,-3,-3,1.5
141.721,-2.99138,-3.01102,1.50552,-3,-3,1.5
141.731,-2.99144,-3.01101,1.50549,-3,-3,1.5
141.741,-2.99149,-3.011,1.50545,-3,-3,1.5
141.751,-2.99154,-3.01098,1.50538,-3,-3,1.5
141.761,-2.9916,-3.01097,1.50534,-3,-3,1.5
141.771,-2.99166,-3.01095,1.50534,-3,-3,1.5
141.781,-2.99171,-3.01094,1.50533,-3,-3,1.5
141.791,-2.99177,-3.01092,1.5053,-3,-3,1.5
141.801,-2.99182,-3.01091,1.50528,-3,-3,1.5
141.811,-2.99188,-3.01089,1.50525,-3,-3,1.5
141.821,-2.99194,-3.01088,1.50522,-3,-3,1.5
141.831,-2.992,-3.01086,1.50519,-3,-3,1.5
141.841,-2.99205,-3.01085,1.50517,-3,-3,1.5
141.851,-2.99211,-3.01083,1.50514,-3,-3,1.5
141.861,-2.99217,-3.01082,1.50511,-3,-3,1.5
141.871,-2.99222,-3.0108,1.5051,-3,-3,1.5
141.881,-2.99228,-3.01079,1.50512,-3,-3,1.5
141.891,-2.99233,-3.01077,1.50512,-3,-3,1.5
141.901,-2.99239,-3.01076,1.50515,-3,-3,1.5
141.911,-2.99244,-3.01075,1.50521,-3,-3,1.5
141.921,-2.9925,-3.01074,1.50524,-3,-3,1.5
141.931,-2.99255,-3.01073,1.50527,-3,-3,1.5
141.941,-2.9926,-3.01071,1.50528,-3,-3,1.5
141.951,-2.99266,-3.0107,1.50528,-3,-3,1.5
141.961,-2.99271,-3.01069,1.50527,-3,-3,1.5
141.971,-2.99276,-3.01068,1.50527,-3,-3,1.5
141.981,-2.99281,-3.01067,1.50526,-3,-3,1.5
141.991,-2.99286,-3.01065,1.50525,-3,-3,1.5
142.001,-2.99291,-3.01064,1.50523,-3,-3,1.5
142.011,-2.99295,-3.01063,1.50522,-3,-3,1.5
142.021,-2.993,-3.01062,1.5052,-3,-3,1.5
142.031,-2.99305,-3.01061,1.50518,-3,-3,1.5
142.041,-2.9931,-3.0106,1.50515,-3,-3,1.5
142.051,-2.99314,-3.01059,1.50513,-3,-3,1.5
142.061,-2.99319,-3.01058,1.5051,-3,-3,1.5
142.071,-2.99324,-3.01057,1.50507,-3,-3,1.5
142.081,-2.99329,-3.01056,1.50504,-3,-3,1.5
142.091,-2.99334,-3.01055,1.50503,-3,-3,1.5
142.101,-2.9934,-3.01054,1.50506,-3,-3,1.5
142.111,-2.99345,-3.01053,1.50509,-3,-3,1.5
142.121,-2.9935,-3.01052,1.50511,-3,-3,1.5
142.131,-2.99356,-3.01051,1.50512,-3,-3,1.5
142.141,-2.99361,-3.0105,1.50514,-3,-3,1.5
142.151,-2.99367,-3.01049,1.5052,-3,-3,1.5
142.161,-2.99373,-3.01048,1.50523,-3,-3,1.5
142.171,-2.99378,-3.01048,1.50528,-3,-3,1.5
142.181,-2.99384,-3.01047,1.50534,-3,-3,1.5
142.191,-2.99389,-3.01047,1.50538,-3,-3,1.5
142.201,-2.99395,-3.01046,1.50542,-3,-3,1.5
142.211,-2.994,-3.01046,1.50545,-3,-3,1.5
142.221,-2.99406,-3.01046,1.50546,-3,-3,1.5
142.231,-2.99411,-3.01047,1.50547,-3,-3,1.5
142.241,-2.99417,-3.01047,1.50546,-3,-3,1.5
142.251,-2.99422,-3.01047,1.50545,-3,-3,1.5
142.261,-2.99427,-3.01048,1.50543,-3,-3,1.5
142.271,-2.99432,-3.01049,1.50541,-3,-3,1.5
142.281,-2.99436,-3.01049,1.50539,-3,-3,1.5
142.291,-2.99441,-3.0105,1.50536,-3,-3,1.5
142.301,-2.99446,-3.01051,1.50532,-3,-3,1.5
142.311,-2.99451,-3.01051,1.50529,-3,-3,1.5
142.321,-2.99455,-3.01052,1.50525,-3,-3,1.5
142.331,-2.9946,-3.01053,1.50521,-3,-3,1.5
142.341,-2.99464,-3.01053,1.50518,-3,-3,1.5
142.351,-2.99469,-3.01054,1.50514,-3,-3,1.5
142.361,-2.99473,-3.01055,1.50512,-3,-3,1.5
142.371,-2.99478,-3.01055,1.50509,-3,-3,1.5
142.381,-2.99482,-3.01056,1.50506,-3,-3,1.5
142.391,-2.99486,-3.01056,1.50503,-3,-3,1.5
142.401,-2.99491,-3.01056,1.50499,-3,-3,1.5
142.411,-2.99495,-3.01056,1.50495,-3,-3,1.5
142.421,-2.995,-3.01057,1.50492,-3,-3,1.5
142.431,-2.99504,-3.01057,1.50489,-3,-3,1.5
142.441,-2.99508,-3.01057,1.50486,-3,-3,1.5
142.451,-2.99512,-3.01056,1.50483,-3,-3,1.5
142.461,-2.99516,-3.01056,1.50482,-3,-3,1.5
142.471,-2.99519,-3.01056,1.50482,-3,-3,1.5
142.481,-2.99523,-3.01056,1.50483,-3,-3,1.5
142.491,-2.99527,-3.01055,1.50483,-3,-3,1.5
142.501,-2.9953,-3.01055,1.50484,-3,-3,1.5
142.511,-2.99534,-3.01055,1.50486,-3,-3,1.5
142.521,-2.99537,-3.01054,1.50488,-3,-3,1.5
142.531,-2.99541,-3.01054,1.50491,-3,-3,1.5
142.541,-2.99545,-3.01055,1.50493,-3,-3,1.5
142.551,-2.99549,-3.01055,1.50495,-3,-3,1.5
142.561,-2.99553,-3.01056,1.50496,-3,-3,1.5
142.571,-2.99557,-3.01057,1.50497,-3,-3,1.5
142.581,-2.99561,-3.01058,1.50498,-3,-3,1.5
142.591,-2.99565,-3.01059,1.50498,-3,-3,1.5
142.601,-2.99569,-3.0106,1.50499,-3,-3,1.5
142.611,-2.99574,-3.01062,1.50498,-3,-3,1.5
142.621,-2.99579,-3.01064,1.50496,-3,-3,1.5
142.631,-2.99583,-3.01065,1.50494,-3,-3,1.5
142.641,-2.99588,-3.01067,1.50492,-3,-3,1.5
142.651,-2.99593,-3.01069,1.50491,-3,-3,1.5
142.661,-2.99599,-3.01071,1.50491,-3,-3,1.5
142.671,-2.99604,-3.01073,1.50493,-3,-3,1.5
142.681,-2.99609,-3.01075,1.50496,-3,-3,1.5
142.691,-2.99615,-3.01078,1.50499,-3,-3,1.5
142.701,-2.9962,-3.0108,1.505,-3,-3,1.5
142.711,-2.99626,-3.01082,1.50501,-3,-3,1.5
142.721,-2.99631,-3.01085,1.50501,-3,-3,1.5
142.731,-2.99637,-3.01087,1.50501,-3,-3,1.5
142.741,-2.99643,-3.0109,1.505,-3,-3,1.5
142.751,-2.99648,-3.01093,1.505,-3,-3,1.5
142.761,-2.99654,-3.01095,1.50499,-3,-3,1.5
142.771,-2.9966,-3.01098,1.50498,-3,-3,1.5
142.781,-2.99667,-3.01101,1.50496,-3,-3,1.5
142.791,-2.99673,-3.01104,1.50494,-3,-3,1.5
142.801,-2.99679,-3.01106,1.50493,-3,-3,1.5
142.811,-2.99685,-3.01109,1.50492,-3,-3,1.5
142.821,-2.99692,-3.01112,1.5049,-3,-3,1.5
142.831,-2.99698,-3.01115,1.50489,-3,-3,1.5
142.841,-2.99704,-3.01117,1.50489,-3,-3,1.5
142.851,-2.99711,-3.0112,1.50488,-3,-3,1.5
142.861,-2.99717,-3.01122,1.50487,-3,-3,1.5
142.871,-2.99723,-3.01124,1.50486,-3,-3,1.5
142.881,-2.99729,-3.01127,1.50485,-3,-3,1.5
142.891,-2.99735,-3.01129,1.50484,-3,-3,1.5
142.901,-2.9974,-3.01131,1.50483,-3,-3,1.5
142.911,-2.99746,-3.01133,1.50481,-3,-3,1.5
142.921,-2.99751,-3.01135,1.5048,-3,-3,1.5
142.931,-2.99756,-3.01136,1.50478,-3,-3,1.5
142.941,-2.99761,-3.01138,1.50475,-3,-3,1.5
142.951,-2.99766,-3.0114,1.50472,-3,-3,1.5
142.961,-2.9977,-3.01141,1.50469,-3,-3,1.5
142.971,-2.99774,-3.01143,1.50468,-3,-3,1.5
142.981,-2.99777,-3.01144,1.5047,-3,-3,1.5
142.991,-2.99781,-3.01145,1.50472,-3,-3,1.5
143.001,-2.99784,-3.01146,1.50474,-3,-3,1.5
143.011,-2.99788,-3.01148,1.50476,-3,-3,1.5
143.021,-2.99791,-3.01149,1.50477,-3,-3,1.5
143.031,-2.99794,-3.0115,1.50479,-3,-3,1.5
143.041,-2.99797,-3.01151,1.50481,-3,-3,1.5
143.051,-2.99801,-3.01152,1.50482,-3,-3,1.5
143.061,-2.99804,-3.01153,1.50484,-3,-3,1.5
143.071,-2.99808,-3.01154,1.50486,-3,-3,1.5
143.081,-2.99812,-3.01156,1.50489,-3,-3,1.5
143.091,-2.99816,-3.01157,1.50492,-3,-3,1.5
143.101,-2.9982,-3.01158,1.50494,-3,-3,1.5
143.111,-2.99825,-3.01159,1.50494,-3,-3,1.5
143.121,-2.99829,-3.0116,1.50494,-3,-3,1.5
143.131,-2.99834,-3.01162,1.50494,-3,-3,1.5
143.141,-2.99839,-3.01163,1.50493,-3,-3,1.5
143.151,-2.99843,-3.01164,1.50492,-3,-3,1.5
143.161,-2.99848,-3.01164,1.5049,-3,-3,1.5
143.171,-2.99853,-3.01165,1.50488,-3,-3,1.5
143.181,-2.99858,-3.01166,1.50486,-3,-3,1.5
143.191,-2.99863,-3.01167,1.50485,-3,-3,1.5
143.201,-2.99868,-3.01168,1.50483,-3,-3,1.5
143.211,-2.99874,-3.01168,1.50482,-3,-3,1.5
143.221,-2.99879,-3.01169,1.5048,-3,-3,1.5
143.231,-2.99884,-3.0117,1.50478,-3,-3,1.5
143.241,-2.99889,-3.0117,1.50477,-3,-3,1.5
143.251,-2.99894,-3.01171,1.50475,-3,-3,1.5
143.261,-2.99899,-3.01171,1.50474,-3,-3,1.5
143.271,-2.99904,-3.01172,1.50473,-3,-3,1.5
143.281,-2.99909,-3.01172,1.50473,-3,-3,1.5
143.291,-2.99914,-3.01173,1.50472,-3,-3,1.5
143.301,-2.99919,-3.01173,1.50471,-3,-3,1.5
143.311,-2.99924,-3.01173,1.50471,-3,-3,1.5
143.321,-2.99928,-3.01174,1.5047,-3,-3,1.5
143.331,-2.99933,-3.01174,1.50471,-3,-3,1.5
143.34,-2.99938,-3.01174,1.50473,-3,-3,1.5
143.35,-2.99942,-3.01174,1.50476,-3,-3,1.5
143.36,-2.99947,-3.01175,1.50478,-3,-3,1.5
143.37,-2.99951,-3.01175,1.50479,-3,-3,1.5
143.38,-2.99956,-3.01175,1.50481,-3,-3,1.5
143.39,-2.9996,-3.01176,1.50482,-3,-3,1.5
143.4,-2.99964,-3.01176,1.50482,-3,-3,1.5
143.41,-2.99968,-3.01177,1.50483,-3,-3,1.5
143.42,-2.99972,-3.01177,1.50483,-3,-3,1.5
143.43,-2.99976,-3.01178,1.50483,-3,-3,1.5
143.44,-2.9998,-3.01178,1.50484,-3,-3,1.5
143.45,-2.99983,-3.01178,1.50484,-3,-3,1.5
143.46,-2.99987,-3.01179,1.50484,-3,-3,1.5
143.47,-2.9999,-3.01179,1.50484,-3,-3,1.5
143.48,-2.99993,-3.01179,1.50484,-3,-3,1.5
143.49,-2.99996,-3.0118,1.50483,-3,-3,1.5
143.5,-2.99998,-3.0118,1.50482,-3,-3,1.5
143.51,-3.00001,-3.0118,1.50482,-3,-3,1.5
143.52,-3.00003,-3.0118,1.50481,-3,-3,1.5
143.53,-3.00004,-3.0118,1.5048,-3,-3,1.5
143.54,-3.00006,-3.01181,1.50478,-3,-3,1.5
143.55,-3.00007,-3.01181,1.50477,-3,-3,1.5
143.56,-3.00007,-3.01181,1.50475,-3,-3,1.5
143.57,-3.00008,-3.01181,1.50474,-3,-3,1.5
143.58,-3.00008,-3.01181,1.50472,-3,-3,1.5
143.59,-3.00007,-3.01181,1.5047,-3,-3,1.5
143.6,-3.00007,-3.01181,1.50468,-3,-3,1.5
143.61,-3.00006,-3.01181,1.50467,-3,-3,1.5
143.62,-3.00004,-3.01182,1.50465,-3,-3,1.5
143.63,-3.00002,-3.01182,1.50464,-3,-3,1.5
143.64,-3,-3.01182,1.50463,-3,-3,1.5
143.65,-2.99998,-3.01182,1.50461,-3,-3,1.5
143.66,-2.99995,-3.01182,1.5046,-3,-3,1.5
143.67,-2.99992,-3.01183,1.5046,-3,-3,1.5
143.68,-2.99988,-3.01183,1.50459,-3,-3,1.5
143.69,-2.99984,-3.01183,1.50458,-3,-3,1.5
143.7,-2.9998,-3.01184,1.50457,-3,-3,1.5
143.71,-2.99976,-3.01184,1.50457,-3,-3,1.5
143.72,-2.99971,-3.01184,1.50457,-3,-3,1.5
143.73,-2.99966,-3.01185,1.50457,-3,-3,1.5
143.74,-2.99961,-3.01185,1.50458,-3,-3,1.5
143.75,-2.99955,-3.01185,1.5046,-3,-3,1.5
143.76,-2.9995,-3.01186,1.50462,-3,-3,1.5
143.77,-2.99944,-3.01186,1.50464,-3,-3,1.5
143.78,-2.99938,-3.01186,1.50467,-3,-3,1.5
143.79,-2.99932,-3.01186,1.50468,-3,-3,1.5
143.8,-2.99926,-3.01186,1.50469,-3,-3,1.5
143.81,-2.9992,-3.01186,1.50469,-3,-3,1.5
143.82,-2.99913,-3.01186,1.5047,-3,-3,1.5
143.83,-2.99907,-3.01186,1.50471,-3,-3,1.5
143.84,-2.99901,-3.01186,1.50472,-3,-3,1.5
143.85,-2.99895,-3.01186,1.50473,-3,-3,1.5
143.86,-2.99889,-3.01186,1.50474,-3,-3,1.5
143.87,-2.99883,-3.01186,1.50475,-3,-3,1.5
143.88,-2.99876,-3.01186,1.50476,-3,-3,1.5
143.89,-2.9987,-3.01186,1.50477,-3,-3,1.5
143.9,-2.99864,-3.01185,1.5048,-3,-3,1.5
143.91,-2.99858,-3.01185,1.50482,-3,-3,1.5
143.92,-2.99852,-3.01185,1.50484,-3,-3,1.5
143.93,-2.99846,-3.01185,1.50486,-3,-3,1.5
143.94,-2.99839,-3.01184,1.50488,-3,-3,1.5
143.95,-2.99833,-3.01184,1.50489,-3,-3,1.5
143.96,-2.99827,-3.01183,1.50491,-3,-3,1.5
143.97,-2.9982,-3.01183,1.50492,-3,-3,1.5
143.98,-2.99813,-3.01183,1.50494,-3,-3,1.5
143.99,-2.99806,-3.01182,1.50497,-3,-3,1.5
144,-2.99799,-3.01182,1.505,-3,-3,1.5
144.01,-2.99792,-3.01181,1.50502,-3,-3,1.5
144.02,-2.99785,-3.0118,1.50503,-3,-3,1.5
144.03,-2.99778,-3.0118,1.50504,-3,-3,1.5
144.04,-2.9977,-3.01179,1.50505,-3,-3,1.5
144.05,-2.99762,-3.01178,1.50507,-3,-3,1.5
144.06,-2.99754,-3.01177,1.50508,-3,-3,1.5
144.07,-2.99746,-3.01177,1.5051,-3,-3,1.5
144.08,-2.99738,-3.01176,1.50511,-3,-3,1.5
144.09,-2.99729,-3.01175,1.50513,-3,-3,1.5
144.1,-2.9972,-3.01174,1.50515,-3,-3,1.5
144.11,-2.99711,-3.01174,1.50516,-3,-3,1.5
144.12,-2.99702,-3.01173,1.50517,-3,-3,1.5
144.13,-2.99693,-3.01172,1.50519,-3,-3,1.5
144.14,-2.99683,-3.01171,1.5052,-3,-3,1.5
144.15,-2.99673,-3.0117,1.50521,-3,-3,1.5
144.16,-2.99663,-3.01169,1.50522,-3,-3,1.5
144.17,-2.99653,-3.01168,1.50524,-3,-3,1.5
144.18,-2.99643,-3.01167,1.50526,-3,-3,1.5
144.19,-2.99632,-3.01166,1.50528,-3,-3,1.5
144.2,-2.99622,-3.01165,1.50529,-3,-3,1.5
144.21,-2.99611,-3.01164,1.5053,-3,-3,1.5
144.22,-2.99599,-3.01163,1.50531,-3,-3,1.5
144.23,-2.99588,-3.01162,1.50532,-3,-3,1.5
144.24,-2.99577,-3.01161,1.50532,-3,-3,1.5
144.25,-2.99565,-3.0116,1.50532,-3,-3,1.5
144.26,-2.99553,-3.01159,1.50532,-3,-3,1.5
144.27,-2.99542,-3.01158,1.50533,-3,-3,1.5
144.28,-2.9953,-3.01157,1.50533,-3,-3,1.5
144.29,-2.99518,-3.01156,1.50533,-3,-3,1.5
144.3,-2.99506,-3.01155,1.50534,-3,-3,1.5
144.31,-2.99494,-3.01153,1.50534,-3,-3,1.5
144.32,-2.99482,-3.01152,1.50534,-3,-3,1.5
144.33,-2.9947,-3.01151,1.50534,-3,-3,1.5
144.34,-2.99458,-3.0115,1.50534,-3,-3,1.5
144.35,-2.99446,-3.01149,1.50534,-3,-3,1.5
144.36,-2.99434,-3.01148,1.50534,-3,-3,1.5
144.37,-2.99422,-3.01147,1.50535,-3,-3,1.5
144.38,-2.9941,-3.01146,1.50536,-3,-3,1.5
144.39,-2.99399,-3.01145,1.50538,-3,-3,1.5
144.4,-2.99387,-3.01144,1.50539,-3,-3,1.5
144.41,-2.99375,-3.01143,1.5054,-3,-3,1.5
144.42,-2.99364,-3.01142,1.50541,-3,-3,1.5
144.43,-2.99352,-3.01141,1.50542,-3,-3,1.5
144.44,-2.99341,-3.0114,1.50544,-3,-3,1.5
144.45,-2.99329,-3.0114,1.50546,-3,-3,1.5
144.46,-2.99317,-3.01139,1.50549,-3,-3,1.5
144.47,-2.99306,-3.01138,1.50554,-3,-3,1.5
144.48,-2.99294,-3.01137,1.50559,-3,-3,1.5
144.49,-2.99282,-3.01136,1.50562,-3,-3,1.5
144.5,-2.99271,-3.01135,1.50564,-3,-3,1.5
144.51,-2.99259,-3.01134,1.50567,-3,-3,1.5
144.52,-2.99247,-3.01134,1.50571,-3,-3,1.5
144.53,-2.99236,-3.01133,1.50574,-3,-3,1.5
144.54,-2.99224,-3.01132,1.50577,-3,-3,1.5
144.55,-2.99213,-3.01131,1.5058,-3,-3,1.5
144.56,-2.99202,-3.0113,1.50582,-3,-3,1.5
144.57,-2.9919,-3.0113,1.50583,-3,-3,1.5
144.58,-2.99179,-3.01129,1.50585,-3,-3,1.5
144.59,-2.99168,-3.01128,1.50587,-3,-3,1.5
144.6,-2.99157,-3.01128,1.50589,-3,-3,1.5
144.61,-2.99146,-3.01127,1.50592,-3,-3,1.5
144.62,-2.99135,-3.01126,1.50595,-3,-3,1.5
144.63,-2.99124,-3.01125,1.50597,-3,-3,1.5
144.64,-2.99113,-3.01124,1.50599,-3,-3,1.5
144.65,-2.99101,-3.01123,1.506,-3,-3,1.5
144.66,-2.9909,-3.01122,1.50601,-3,-3,1.5
144.67,-2.99079,-3.01121,1.50602,-3,-3,1.5
144.68,-2.99067,-3.0112,1.50604,-3,-3,1.5
144.69,-2.99056,-3.01119,1.50606,-3,-3,1.5
144.7,-2.99044,-3.01118,1.5061,-3,-3,1.5
144.71,-2.99033,-3.01117,1.50614,-3,-3,1.5
144.72,-2.99021,-3.01116,1.50618,-3,-3,1.5
144.73,-2.99009,-3.01115,1.50621,-3,-3,1.5
144.74,-2.98997,-3.01113,1.50624,-3,-3,1.5
144.75,-2.98985,-3.01112,1.50627,-3,-3,1.5
144.76,-2.98973,-3.01111,1.50629,-3,-3,1.5
144.77,-2.9896,-3.01109,1.50633,-3,-3,1.5
144.78,-2.98948,-3.01108,1.50635,-3,-3,1.5
144.79,-2.98936,-3.01106,1.50637,-3,-3,1.5
144.8,-2.98924,-3.01104,1.50638,-3,-3,1.5
144.81,-2.98912,-3.01103,1.50641,-3,-3,1.5
144.82,-2.98899,-3.01101,1.50645,-3,-3,1.5
144.83,-2.98887,-3.01099,1.50649,-3,-3,1.5
144.84,-2.98875,-3.01098,1.50653,-3,-3,1.5
144.85,-2.98863,-3.01096,1.50656,-3,-3,1.5
144.86,-2.9885,-3.01094,1.5066,-3,-3,1.5
144.87,-2.98838,-3.01092,1.50663,-3,-3,1.5
144.88,-2.98826,-3.0109,1.50666,-3,-3,1.5
144.89,-2.98814,-3.01088,1.50668,-3,-3,1.5
144.9,-2.98801,-3.01086,1.50671,-3,-3,1.5
144.91,-2.98789,-3.01084,1.50674,-3,-3,1.5
144.92,-2.98777,-3.01082,1.50676,-3,-3,1.5
144.93,-2.98764,-3.0108,1.50679,-3,-3,1.5
144.94,-2.98752,-3.01078,1.5068,-3,-3,1.5
144.95,-2.9874,-3.01076,1.50681,-3,-3,1.5
144.96,-2.98728,-3.01073,1.50684,-3,-3,1.5
144.97,-2.98716,-3.01071,1.50687,-3,-3,1.5
144.98,-2.98703,-3.01069,1.5069,-3,-3,1.5
144.99,-2.98691,-3.01067,1.50694,-3,-3,1.5
145,-2.98679,-3.01065,1.50697,-3,-3,1.5
145.01,-2.98667,-3.01062,1.50699,-3,-3,1.5
145.02,-2.98655,-3.0106,1.50703,-3,-3,1.5
145.03,-2.98643,-3.01058,1.50708,-3,-3,1.5
145.04,-2.98631,-3.01056,1.50713,-3,-3,1.5
145.05,-2.98619,-3.01054,1.50717,-3,-3,1.5
145.06,-2.98607,-3.01052,1.50721,-3,-3,1.5
145.07,-2.98596,-3.0105,1.50725,-3,-3,1.5
145.08,-2.98584,-3.01048,1.50728,-3,-3,1.5
145.09,-2.98573,-3.01046,1.50732,-3,-3,1.5
145.1,-2.98561,-3.01044,1.50736,-3,-3,1.5
145.11,-2.9855,-3.01042,1.50737,-3,-3,1.5
145.12,-2.98539,-3.0104,1.50735,-3,-3,1.5
145.13,-2.98528,-3.01038,1.50734,-3,-3,1.5
145.14,-2.98517,-3.01037,1.50736,-3,-3,1.5
145.15,-2.98506,-3.01035,1.50736,-3,-3,1.5
145.16,-2.98495,-3.01034,1.50737,-3,-3,1.5
145.169,-2.98484,-3.01033,1.50741,-3,-3,1.5
145.179,-2.98474,-3.01033,1.50741,-3,-3,1.5
145.189,-2.98463,-3.01032,1.50738,-3,-3,1.5
145.199,-2.98453,-3.01032,1.50734,-3,-3,1.5
145.209,-2.98442,-3.01031,1.50728,-3,-3,1.5
145.219,-2.98432,-3.01031,1.50722,-3,-3,1.5
145.229,-2.98422,-3.01031,1.50718,-3,-3,1.5
145.239,-2.98411,-3.0103,1.50713,-3,-3,1.5
145.249,-2.98401,-3.0103,1.50709,-3,-3,1.5
145.259,-2.98392,-3.0103,1.50705,-3,-3,1.5
145.269,-2.98382,-3.0103,1.50702,-3,-3,1.5
145.279,-2.98372,-3.0103,1.50705,-3,-3,1.5
145.289,-2.98363,-3.01029,1.50711,-3,-3,1.5
145.299,-2.98355,-3.01029,1.50716,-3,-3,1.5
145.309,-2.98346,-3.01029,1.50721,-3,-3,1.5
145.319,-2.98338,-3.01028,1.50724,-3,-3,1.5
145.329,-2.98331,-3.01028,1.50724,-3,-3,1.5
145.339,-2.98323,-3.01028,1.50725,-3,-3,1.5
145.349,-2.98316,-3.01027,1.50726,-3,-3,1.5
145.359,-2.9831,-3.01027,1.50728,-3,-3,1.5
145.369,-2.98303,-3.01027,1.5073,-3,-3,1.5
145.379,-2.98297,-3.01027,1.50732,-3,-3,1.5
145.389,-2.9829,-3.01027,1.50736,-3,-3,1.5
145.399,-2.98284,-3.01026,1.50739,-3,-3,1.5
145.409,-2.98278,-3.01026,1.5074,-3,-3,1.5
145.419,-2.98273,-3.01026,1.50742,-3,-3,1.5
145.429,-2.98267,-3.01026,1.50744,-3,-3,1.5
145.439,-2.98261,-3.01025,1.50747,-3,-3,1.5
145.449,-2.98256,-3.01025,1.50751,-3,-3,1.5
145.459,-2.9825,-3.01025,1.50754,-3,-3,1.5
145.469,-2.98245,-3.01025,1.50758,-3,-3,1.5
145.479,-2.98239,-3.01024,1.50761,-3,-3,1.5
145.489,-2.98234,-3.01024,1.50764,-3,-3,1.5
145.499,-2.98228,-3.01024,1.50765,-3,-3,1.5
145.509,-2.98222,-3.01023,1.50768,-3,-3,1.5
145.519,-2.98217,-3.01023,1.5077,-3,-3,1.5
145.529,-2.98211,-3.01022,1.50771,-3,-3,1.5
145.539,-2.98205,-3.01022,1.50773,-3,-3,1.5
145.549,-2.98199,-3.01021,1.50774,-3,-3,1.5
145.559,-2.98193,-3.01021,1.50776,-3,-3,1.5
145.569,-2.98187,-3.0102,1.50777,-3,-3,1.5
145.579,-2.9818,-3.01019,1.5078,-3,-3,1.5
145.589,-2.98174,-3.01019,1.50782,-3,-3,1.5
145.599,-2.98168,-3.01018,1.50784,-3,-3,1.5
145.609,-2.98161,-3.01017,1.50786,-3,-3,1.5
145.619,-2.98155,-3.01016,1.50788,-3,-3,1.5
145.629,-2.98148,-3.01015,1.5079,-3,-3,1.5
145.639,-2.98142,-3.01014,1.50794,-3,-3,1.5
145.649,-2.98135,-3.01013,1.50795,-3,-3,1.5
145.659,-2.98128,-3.01012,1.50791,-3,-3,1.5
145.669,-2.98122,-3.01011,1.50785,-3,-3,1.5
145.679,-2.98115,-3.0101,1.50781,-3,-3,1.5
145.689,-2.98108,-3.01009,1.50776,-3,-3,1.5
145.699,-2.98102,-3.01008,1.50772,-3,-3,1.5
145.709,-2.98095,-3.01007,1.50769,-3,-3,1.5
145.719,-2.98088,-3.01006,1.50764,-3,-3,1.5
145.729,-2.98082,-3.01004,1.5076,-3,-3,1.5
145.739,-2.98075,-3.01003,1.50758,-3,-3,1.5
145.749,-2.98069,-3.01002,1.50759,-3,-3,1.5
145.759,-2.98063,-3.01001,1.5076,-3,-3,1.5
145.769,-2.98056,-3.01001,1.50762,-3,-3,1.5
145.779,-2.9805,-3.01,1.50763,-3,-3,1.5
145.789,-2.98044,-3.01,1.50765,-3,-3,1.5
145.799,-2.98037,-3.01,1.50768,-3,-3,1.5
145.809,-2.98031,-3.01,1.5077,-3,-3,1.5
145.819,-2.98025,-3.01,1.50773,-3,-3,1.5
145.829,-2.98018,-3.01,1.50776,-3,-3,1.5
145.839,-2.98012,-3.01001,1.50777,-3,-3,1.5
145.849,-2.98005,-3.01001,1.50778,-3,-3,1.5
145.859,-2.97998,-3.01002,1.50779,-3,-3,1.5
145.869,-2.97991,-3.01003,1.50779,-3,-3,1.5
145.879,-2.97985,-3.01003,1.50781,-3,-3,1.5
145.889,-2.97978,-3.01004,1.50786,-3,-3,1.5
145.899,-2.97971,-3.01005,1.5079,-3,-3,1.5
145.909,-2.97963,-3.01006,1.50794,-3,-3,1.5
145.919,-2.97956,-3.01006,1.50797,-3,-3,1.5
145.929,-2.97949,-3.01007,1.50799,-3,-3,1.5
145.939,-2.97941,-3.01008,1.50801,-3,-3,1.5
145.949,-2.97933,-3.01009,1.50803,-3,-3,1.5
145.959,-2.97926,-3.01009,1.50805,-3,-3,1.5
145.969,-2.97918,-3.0101,1.50807,-3,-3,1.5
145.979,-2.9791,-3.01011,1.50812,-3,-3,1.5
145.989,-2.97902,-3.01012,1.50815,-3,-3,1.5
145.999,-2.97895,-3.01012,1.50819,-3,-3,1.5
146.009,-2.97887,-3.01013,1.50823,-3,-3,1.5
146.019,-2.97879,-3.01014,1.50826,-3,-3,1.5
146.029,-2.97871,-3.01014,1.50829,-3,-3,1.5
146.039,-2.97863,-3.01015,1.50833,-3,-3,1.5
146.049,-2.97856,-3.01016,1.50836,-3,-3,1.5
146.059,-2.97848,-3.01017,1.5084,-3,-3,1.5
146.069,-2.97841,-3.01017,1.50843,-3,-3,1.5
146.079,-2.97834,-3.01018,1.50846,-3,-3,1.5
146.089,-2.97826,-3.01019,1.50847,-3,-3,1.5
146.099,-2.9782,-3.0102,1.50847,-3,-3,1.5
146.109,-2.97813,-3.01021,1.50847,-3,-3,1.5
146.119,-2.97806,-3.01021,1.50847,-3,-3,1.5
146.129,-2.978,-3.01022,1.50846,-3,-3,1.5
146.139,-2.97794,-3.01023,1.50845,-3,-3,1.5
146.149,-2.97787,-3.01024,1.50844,-3,-3,1.5
146.159,-2.97781,-3.01025,1.50843,-3,-3,1.5
146.169,-2.97775,-3.01026,1.50841,-3,-3,1.5
146.179,-2.97769,-3.01027,1.50839,-3,-3,1.5
146.189,-2.97763,-3.01028,1.50838,-3,-3,1.5
146.199,-2.97757,-3.01028,1.50836,-3,-3,1.5
146.209,-2.97751,-3.01029,1.50835,-3,-3,1.5
146.219,-2.97745,-3.0103,1.50833,-3,-3,1.5
146.229,-2.97739,-3.01031,1.50831,-3,-3,1.5
146.239,-2.97733,-3.01032,1.50829,-3,-3,1.5
146.249,-2.97727,-3.01033,1.50827,-3,-3,1.5
146.259,-2.97721,-3.01034,1.50825,-3,-3,1.5
146.269,-2.97715,-3.01035,1.50823,-3,-3,1.5
146.279,-2.97709,-3.01036,1.50823,-3,-3,1.5
146.289,-2.97703,-3.01037,1.50822,-3,-3,1.5
146.299,-2.97698,-3.01038,1.50821,-3,-3,1.5
146.309,-2.97692,-3.01039,1.5082,-3,-3,1.5
146.319,-2.97687,-3.01039,1.50819,-3,-3,1.5
146.329,-2.97682,-3.0104,1.50818,-3,-3,1.5
146.339,-2.97677,-3.01041,1.50817,-3,-3,1.5
146.349,-2.97672,-3.01042,1.50816,-3,-3,1.5
146.359,-2.97668,-3.01043,1.50815,-3,-3,1.5
146.369,-2.97663,-3.01043,1.50814,-3,-3,1.5
146.379,-2.97659,-3.01044,1.50812,-3,-3,1.5
146.389,-2.97656,-3.01045,1.5081,-3,-3,1.5
146.399,-2.97653,-3.01045,1.50809,-3,-3,1.5
146.409,-2.9765,-3.01046,1.50807,-3,-3,1.5
146.419,-2.97647,-3.01046,1.50806,-3,-3,1.5
146.429,-2.97646,-3.01047,1.50806,-3,-3,1.5
146.439,-2.97644,-3.01048,1.50805,-3,-3,1.5
146.449,-2.97643,-3.01048,1.50807,-3,-3,1.5
146.459,-2.97642,-3.01049,1.50812,-3,-3,1.5
146.469,-2.97642,-3.01049,1.50815,-3,-3,1.5
146.479,-2.97643,-3.0105,1.50817,-3,-3,1.5
146.489,-2.97643,-3.0105,1.50819,-3,-3,1.5
146.499,-2.97644,-3.01051,1.50821,-3,-3,1.5
146.509,-2.97645,-3.01051,1.50822,-3,-3,1.5
146.519,-2.97647,-3.01052,1.50824,-3,-3,1.5
146.529,-2.97648,-3.01052,1.50824,-3,-3,1.5
146.539,-2.9765,-3.01053,1.50824,-3,-3,1.5
146.549,-2.97651,-3.01053,1.50824,-3,-3,1.5
146.559,-2.97653,-3.01054,1.50823,-3,-3,1.5
146.569,-2.97654,-3.01054,1.50822,-3,-3,1.5
146.579,-2.97655,-3.01055,1.50821,-3,-3,1.5
146.589,-2.97657,-3.01055,1.5082,-3,-3,1.5
146.599,-2.97658,-3.01056,1.50819,-3,-3,1.5
146.609,-2.97658,-3.01057,1.5082,-3,-3,1.5
146.619,-2.97659,-3.01057,1.50822,-3,-3,1.5
146.629,-2.9766,-3.01058,1.50823,-3,-3,1.5
146.639,-2.9766,-3.01058,1.50823,-3,-3,1.5
146.649,-2.97661,-3.01059,1.50822,-3,-3,1.5
146.659,-2.97661,-3.0106,1.5082,-3,-3,1.5
146.669,-2.97662,-3.0106,1.50819,-3,-3,1.5
146.679,-2.97663,-3.01061,1.50817,-3,-3,1.5
146.689,-2.97664,-3.01062,1.50815,-3,-3,1.5
146.699,-2.97665,-3.01063,1.50815,-3,-3,1.5
146.709,-2.97667,-3.01064,1.50816,-3,-3,1.5
146.719,-2.97669,-3.01065,1.50817,-3,-3,1.5
146.729,-2.97671,-3.01066,1.50818,-3,-3,1.5
146.739,-2.97673,-3.01068,1.50818,-3,-3,1.5
146.749,-2.97675,-3.0107,1.5082,-3,-3,1.5
146.759,-2.97677,-3.01071,1.50823,-3,-3,1.5
146.769,-2.97679,-3.01074,1.50824,-3,-3,1.5
146.779,-2.97681,-3.01076,1.50824,-3,-3,1.5
146.789,-2.97683,-3.01078,1.50825,-3,-3,1.5
146.799,-2.97685,-3.0108,1.50824,-3,-3,1.5
146.809,-2.97688,-3.01083,1.50823,-3,-3,1.5
146.819,-2.9769,-3.01085,1.50821,-3,-3,1.5
146.829,-2.97692,-3.01088,1.50819,-3,-3,1.5
146.839,-2.97695,-3.0109,1.50816,-3,-3,1.5
146.849,-2.97697,-3.01093,1.50813,-3,-3,1.5
146.859,-2.977,-3.01096,1.5081,-3,-3,1.5
146.869,-2.97703,-3.01098,1.50807,-3,-3,1.5
146.879,-2.97707,-3.01101,1.50805,-3,-3,1.5
146.889,-2.9771,-3.01103,1.50803,-3,-3,1.5
146.899,-2.97714,-3.01106,1.50801,-3,-3,1.5
146.909,-2.97718,-3.01108,1.50798,-3,-3,1.5
146.919,-2.97723,-3.01111,1.50796,-3,-3,1.5
146.929,-2.97727,-3.01113,1.50793,-3,-3,1.5
146.939,-2.97732,-3.01115,1.50789,-3,-3,1.5
146.949,-2.97737,-3.01118,1.50785,-3,-3,1.5
146.959,-2.97742,-3.0112,1.50782,-3,-3,1.5
146.969,-2.97748,-3.01122,1.50779,-3,-3,1.5
146.979,-2.97754,-3.01124,1.50776,-3,-3,1.5
146.988,-2.9776,-3.01126,1.50773,-3,-3,1.5
146.998,-2.97766,-3.01128,1.5077,-3,-3,1.5
147.008,-2.97772,-3.0113,1.50767,-3,-3,1.5
147.018,-2.97778,-3.01132,1.50764,-3,-3,1.5
147.028,-2.97785,-3.01134,1.50761,-3,-3,1.5
147.038,-2.97792,-3.01137,1.50757,-3,-3,1.5
147.048,-2.97798,-3.01139,1.50754,-3,-3,1.5
147.058,-2.97805,-3.01141,1.50751,-3,-3,1.5
147.068,-2.97812,-3.01143,1.50748,-3,-3,1.5
147.078,-2.97819,-3.01145,1.50745,-3,-3,1.5
147.088,-2.97826,-3.01147,1.50742,-3,-3,1.5
147.098,-2.97834,-3.01149,1.50739,-3,-3,1.5
147.108,-2.97841,-3.01151,1.50736,-3,-3,1.5
147.118,-2.97848,-3.01153,1.50733,-3,-3,1.5
147.128,-2.97855,-3.01155,1.50731,-3,-3,1.5
147.138,-2.97863,-3.01157,1.50728,-3,-3,1.5
147.148,-2.9787,-3.01158,1.50726,-3,-3,1.5
147.158,-2.97877,-3.0116,1.50723,-3,-3,1.5
147.168,-2.97885,-3.01161,1.50721,-3,-3,1.5
147.178,-2.97892,-3.01162,1.50718,-3,-3,1.5
147.188,-2.97899,-3.01164,1.50715,-3,-3,1.5
147.198,-2.97906,-3.01165,1.50711,-3,-3,1.5
147.208,-2.97913,-3.01166,1.50707,-3,-3,1.5
147.218,-2.97921,-3.01166,1.50703,-3,-3,1.5
147.228,-2.97928,-3.01167,1.50699,-3,-3,1.5
147.238,-2.97935,-3.01168,1.50695,-3,-3,1.5
147.248,-2.97942,-3.01168,1.50692,-3,-3,1.5
147.258,-2.97949,-3.01169,1.50688,-3,-3,1.5
147.268,-2.97955,-3.01169,1.50684,-3,-3,1.5
147.278,-2.97962,-3.0117,1.50681,-3,-3,1.5
147.288,-2.97969,-3.0117,1.50678,-3,-3,1.5
147.298,-2.97976,-3.0117,1.50674,-3,-3,1.5
147.308,-2.97983,-3.0117,1.50671,-3,-3,1.5
147.318,-2.9799,-3.0117,1.50668,-3,-3,1.5
147.328,-2.97996,-3.0117,1.50665,-3,-3,1.5
147.338,-2.98003,-3.0117,1.50661,-3,-3,1.5
147.348,-2.9801,-3.0117,1.50658,-3,-3,1.5
147.358,-2.98017,-3.0117,1.50656,-3,-3,1.5
147.368,-2.98024,-3.01169,1.50653,-3,-3,1.5
147.378,-2.98031,-3.01169,1.5065,-3,-3,1.5
147.388,-2.98038,-3.01168,1.50646,-3,-3,1.5
147.398,-2.98045,-3.01168,1.5064,-3,-3,1.5
147.408,-2.98052,-3.01167,1.50636,-3,-3,1.5
147.418,-2.98059,-3.01166,1.50636,-3,-3,1.5
147.428,-2.98066,-3.01165,1.50635,-3,-3,1.5
147.438,-2.98073,-3.01163,1.50633,-3,-3,1.5
147.448,-2.98081,-3.01162,1.50629,-3,-3,1.5
147.458,-2.98088,-3.0116,1.50626,-3,-3,1.5
147.468,-2.98095,-3.01159,1.50623,-3,-3,1.5
147.478,-2.98102,-3.01157,1.50621,-3,-3,1.5
147.488,-2.98109,-3.01155,1.50617,-3,-3,1.5
147.498,-2.98117,-3.01153,1.50614,-3,-3,1.5
147.508,-2.98124,-3.0115,1.50611,-3,-3,1.5
147.518,-2.98131,-3.01148,1.50608,-3,-3,1.5
147.528,-2.98138,-3.01146,1.50605,-3,-3,1.5
147.538,-2.98146,-3.01143,1.50603,-3,-3,1.5
147.548,-2.98153,-3.01141,1.50602,-3,-3,1.5
147.558,-2.9816,-3.01138,1.50599,-3,-3,1.5
147.568,-2.98167,-3.01136,1.50596,-3,-3,1.5
147.578,-2.98174,-3.01133,1.50592,-3,-3,1.5
147.588,-2.98181,-3.0113,1.50589,-3,-3,1.5
147.598,-2.98188,-3.01128,1.50584,-3,-3,1.5
147.608,-2.98195,-3.01125,1.50579,-3,-3,1.5
147.618,-2.98202,-3.01122,1.50573,-3,-3,1.5
147.628,-2.98209,-3.01119,1.50568,-3,-3,1.5
147.638,-2.98216,-3.01116,1.50564,-3,-3,1.5
147.648,-2.98222,-3.01113,1.5056,-3,-3,1.5
147.658,-2.98229,-3.0111,1.50557,-3,-3,1.5
147.668,-2.98236,-3.01107,1.50554,-3,-3,1.5
147.678,-2.98243,-3.01104,1.50551,-3,-3,1.5
147.688,-2.9825,-3.011,1.50548,-3,-3,1.5
147.698,-2.98256,-3.01097,1.50547,-3,-3,1.5
147.708,-2.98263,-3.01094,1.50548,-3,-3,1.5
147.718,-2.9827,-3.0109,1.5055,-3,-3,1.5
147.728,-2.98277,-3.01087,1.50554,-3,-3,1.5
147.738,-2.98284,-3.01083,1.5056,-3,-3,1.5
147.748,-2.98291,-3.0108,1.50569,-3,-3,1.5
147.758,-2.98299,-3.01076,1.50576,-3,-3,1.5
147.768,-2.98306,-3.01073,1.50581,-3,-3,1.5
147.778,-2.98314,-3.01069,1.50584,-3,-3,1.5
147.788,-2.98322,-3.01065,1.50585,-3,-3,1.5
147.798,-2.9833,-3.01062,1.50585,-3,-3,1.5
147.808,-2.98337,-3.01059,1.50583,-3,-3,1.5
147.818,-2.98345,-3.01055,1.5058,-3,-3,1.5
147.828,-2.98353,-3.01052,1.50576,-3,-3,1.5
147.838,-2.9836,-3.01048,1.50574,-3,-3,1.5
147.848,-2.98367,-3.01045,1.50574,-3,-3,1.5
147.858,-2.98375,-3.01042,1.50578,-3,-3,1.5
147.868,-2.98382,-3.01039,1.50584,-3,-3,1.5
147.878,-2.98389,-3.01036,1.50586,-3,-3,1.5
147.888,-2.98396,-3.01033,1.50587,-3,-3,1.5
147.898,-2.98403,-3.0103,1.50586,-3,-3,1.5
147.908,-2.9841,-3.01027,1.50582,-3,-3,1.5
147.918,-2.98417,-3.01024,1.50581,-3,-3,1.5
147.928,-2.98424,-3.01022,1.50582,-3,-3,1.5
147.938,-2.98431,-3.01019,1.50583,-3,-3,1.5
147.948,-2.98438,-3.01016,1.50581,-3,-3,1.5
147.958,-2.98445,-3.01013,1.50578,-3,-3,1.5
147.968,-2.98452,-3.0101,1.50574,-3,-3,1.5
147.978,-2.98459,-3.01008,1.5057,-3,-3,1.5
147.988,-2.98466,-3.01005,1.50567,-3,-3,1.5
147.998,-2.98473,-3.01002,1.50563,-3,-3,1.5
148.008,-2.9848,-3.00999,1.5056,-3,-3,1.5
148.018,-2.98487,-3.00996,1.50557,-3,-3,1.5
148.028,-2.98494,-3.00992,1.50554,-3,-3,1.5
148.038,-2.98501,-3.00989,1.50551,-3,-3,1.5
148.048,-2.98508,-3.00986,1.5055,-3,-3,1.5
148.058,-2.98515,-3.00983,1.50547,-3,-3,1.5
148.068,-2.98522,-3.0098,1.50545,-3,-3,1.5
148.078,-2.98529,-3.00977,1.50542,-3,-3,1.5
148.088,-2.98536,-3.00974,1.5054,-3,-3,1.5
148.098,-2.98543,-3.0097,1.50537,-3,-3,1.5
148.108,-2.9855,-3.00967,1.50534,-3,-3,1.5
148.118,-2.98557,-3.00964,1.50531,-3,-3,1.5
148.128,-2.98563,-3.0096,1.50528,-3,-3,1.5
148.138,-2.9857,-3.00957,1.50527,-3,-3,1.5
148.148,-2.98577,-3.00954,1.50527,-3,-3,1.5
148.158,-2.98583,-3.0095,1.50527,-3,-3,1.5
148.168,-2.9859,-3.00947,1.50527,-3,-3,1.5
148.178,-2.98596,-3.00943,1.50526,-3,-3,1.5
148.188,-2.98603,-3.0094,1.50526,-3,-3,1.5
148.198,-2.9861,-3.00937,1.50526,-3,-3,1.5
148.208,-2.98617,-3.00934,1.50526,-3,-3,1.5
148.218,-2.98624,-3.00931,1.50529,-3,-3,1.5
148.228,-2.98631,-3.00928,1.50534,-3,-3,1.5
148.238,-2.98638,-3.00925,1.5054,-3,-3,1.5
148.248,-2.98645,-3.00922,1.50545,-3,-3,1.5
148.258,-2.98652,-3.0092,1.5055,-3,-3,1.5
148.268,-2.9866,-3.00918,1.50553,-3,-3,1.5
148.278,-2.98667,-3.00915,1.50553,-3,-3,1.5
148.288,-2.98675,-3.00913,1.50552,-3,-3,1.5
148.298,-2.98682,-3.00911,1.50551,-3,-3,1.5
148.308,-2.98689,-3.00909,1.50549,-3,-3,1.5
148.318,-2.98697,-3.00908,1.50548,-3,-3,1.5
148.328,-2.98704,-3.00906,1.50546,-3,-3,1.5
148.338,-2.98711,-3.00905,1.50545,-3,-3,1.5
148.348,-2.98718,-3.00903,1.50544,-3,-3,1.5
148.358,-2.98725,-3.00902,1.50543,-3,-3,1.5
148.368,-2.98732,-3.00901,1.50541,-3,-3,1.5
148.378,-2.98739,-3.00899,1.5054,-3,-3,1.5
148.388,-2.98746,-3.00898,1.5054,-3,-3,1.5
148.398,-2.98753,-3.00897,1.50539,-3,-3,1.5
148.408,-2.9876,-3.00896,1.50536,-3,-3,1.5
148.418,-2.98768,-3.00895,1.50533,-3,-3,1.5
148.428,-2.98775,-3.00894,1.50528,-3,-3,1.5
148.438,-2.98782,-3.00892,1.50523,-3,-3,1.5
148.448,-2.98789,-3.00891,1.50519,-3,-3,1.5
148.458,-2.98796,-3.0089,1.50515,-3,-3,1.5
148.468,-2.98803,-3.00889,1.50511,-3,-3,1.5
148.478,-2.9881,-3.00887,1.50507,-3,-3,1.5
148.488,-2.98817,-3.00886,1.50504,-3,-3,1.5
148.498,-2.98824,-3.00885,1.505,-3,-3,1.5
148.508,-2.98831,-3.00883,1.50497,-3,-3,1.5
148.518,-2.98838,-3.00882,1.50495,-3,-3,1.5
148.528,-2.98846,-3.0088,1.50493,-3,-3,1.5
148.538,-2.98853,-3.00878,1.50492,-3,-3,1.5
148.548,-2.9886,-3.00877,1.5049,-3,-3,1.5
148.558,-2.98867,-3.00875,1.50488,-3,-3,1.5
148.568,-2.98874,-3.00873,1.50486,-3,-3,1.5
148.578,-2.98882,-3.00871,1.50484,-3,-3,1.5
148.588,-2.98889,-3.0087,1.50482,-3,-3,1.5
148.598,-2.98896,-3.00868,1.5048,-3,-3,1.5
148.608,-2.98903,-3.00866,1.50477,-3,-3,1.5
148.618,-2.9891,-3.00864,1.50474,-3,-3,1.5
148.628,-2.98917,-3.00862,1.50471,-3,-3,1.5
148.638,-2.98923,-3.0086,1.50468,-3,-3,1.5
148.648,-2.9893,-3.00858,1.50464,-3,-3,1.5
148.658,-2.98936,-3.00855,1.50462,-3,-3,1.5
148.668,-2.98943,-3.00853,1.50462,-3,-3,1.5
148.678,-2.98949,-3.00851,1.50461,-3,-3,1.5
148.688,-2.98955,-3.00849,1.5046,-3,-3,1.5
148.698,-2.98961,-3.00847,1.50459,-3,-3,1.5
148.708,-2.98967,-3.00845,1.50457,-3,-3,1.5
148.718,-2.98973,-3.00843,1.50455,-3,-3,1.5
148.728,-2.98979,-3.00841,1.50453,-3,-3,1.5
148.738,-2.98985,-3.00839,1.50451,-3,-3,1.5
148.748,-2.98991,-3.00837,1.50448,-3,-3,1.5
148.758,-2.98997,-3.00835,1.50446,-3,-3,1.5
148.768,-2.99003,-3.00833,1.50444,-3,-3,1.5
148.778,-2.99009,-3.00831,1.50442,-3,-3,1.5
148.788,-2.99015,-3.00829,1.5044,-3,-3,1.5
148.798,-2.99021,-3.00827,1.50437,-3,-3,1.5
148.807,-2.99027,-3.00825,1.50435,-3,-3,1.5
148.817,-2.99034,-3.00823,1.50432,-3,-3,1.5
148.827,-2.9904,-3.00821,1.50429,-3,-3,1.5
148.837,-2.99047,-3.00819,1.50425,-3,-3,1.5
148.847,-2.99053,-3.00816,1.50419,-3,-3,1.5
148.857,-2.9906,-3.00814,1.50413,-3,-3,1.5
148.867,-2.99067,-3.00812,1.50409,-3,-3,1.5
148.877,-2.99073,-3.00809,1.50405,-3,-3,1.5
148.887,-2.9908,-3.00807,1.504,-3,-3,1.5
148.897,-2.99087,-3.00804,1.50397,-3,-3,1.5
148.907,-2.99094,-3.00802,1.50395,-3,-3,1.5
148.917,-2.99101,-3.00799,1.50393,-3,-3,1.5
148.927,-2.99108,-3.00797,1.50391,-3,-3,1.5
148.937,-2.99115,-3.00795,1.50389,-3,-3,1.5
148.947,-2.99122,-3.00792,1.50387,-3,-3,1.5
148.957,-2.99129,-3.0079,1.50385,-3,-3,1.5
148.967,-2.99136,-3.00788,1.50385,-3,-3,1.5
148.977,-2.99142,-3.00785,1.50386,-3,-3,1.5
148.987,-2.99149,-3.00783,1.50386,-3,-3,1.5
148.997,-2.99155,-3.00781,1.50386,-3,-3,1.5
149.007,-2.99162,-3.00779,1.50386,-3,-3,1.5
149.017,-2.99168,-3.00776,1.50384,-3,-3,1.5
149.027,-2.99174,-3.00774,1.50383,-3,-3,1.5
149.037,-2.99181,-3.00771,1.50382,-3,-3,1.5
149.047,-2.99187,-3.00769,1.50381,-3,-3,1.5
149.057,-2.99194,-3.00767,1.50379,-3,-3,1.5
149.067,-2.992,-3.00764,1.50378,-3,-3,1.5
149.077,-2.99207,-3.00762,1.50377,-3,-3,1.5
149.087,-2.99214,-3.00759,1.50376,-3,-3,1.5
149.097,-2.99221,-3.00756,1.50376,-3,-3,1.5
149.107,-2.99228,-3.00754,1.50375,-3,-3,1.5
149.117,-2.99235,-3.00751,1.50374,-3,-3,1.5
149.127,-2.99243,-3.00748,1.50372,-3,-3,1.5
149.137,-2.9925,-3.00746,1.5037,-3,-3,1.5
149.147,-2.99258,-3.00743,1.50368,-3,-3,1.5
149.157,-2.99266,-3.0074,1.50366,-3,-3,1.5
149.167,-2.99274,-3.00737,1.50364,-3,-3,1.5
149.177,-2.99282,-3.00734,1.50361,-3,-3,1.5
149.187,-2.9929,-3.00732,1.50359,-3,-3,1.5
149.197,-2.99299,-3.00729,1.50356,-3,-3,1.5
149.207,-2.99308,-3.00727,1.50353,-3,-3,1.5
149.217,-2.99316,-3.00724,1.50351,-3,-3,1.5
149.227,-2.99325,-3.00722,1.5035,-3,-3,1.5
149.237,-2.99334,-3.00719,1.50351,-3,-3,1.5
149.247,-2.99344,-3.00717,1.50353,-3,-3,1.5
149.257,-2.99353,-3.00715,1.50356,-3,-3,1.5
149.267,-2.99362,-3.00712,1.50358,-3,-3,1.5
149.277,-2.99371,-3.0071,1.5036,-3,-3,1.5
149.287,-2.9938,-3.00708,1.5036,-3,-3,1.5
149.297,-2.99389,-3.00706,1.50361,-3,-3,1.5
149.307,-2.99398,-3.00704,1.50362,-3,-3,1.5
149.317,-2.99407,-3.00703,1.50363,-3,-3,1.5
149.327,-2.99416,-3.00701,1.50363,-3,-3,1.5
149.337,-2.99425,-3.00699,1.50364,-3,-3,1.5
149.347,-2.99434,-3.00697,1.50364,-3,-3,1.5
149.357,-2.99443,-3.00696,1.50364,-3,-3,1.5
149.367,-2.99451,-3.00694,1.50364,-3,-3,1.5
149.377,-2.9946,-3.00693,1.50363,-3,-3,1.5
149.387,-2.99468,-3.00691,1.50362,-3,-3,1.5
149.397,-2.99476,-3.0069,1.5036,-3,-3,1.5
149.407,-2.99484,-3.00688,1.50358,-3,-3,1.5
149.417,-2.99492,-3.00687,1.50356,-3,-3,1.5
149.427,-2.995,-3.00685,1.50354,-3,-3,1.5
149.437,-2.99508,-3.00684,1.50352,-3,-3,1.5
149.447,-2.99515,-3.00683,1.5035,-3,-3,1.5
149.457,-2.99523,-3.00681,1.50347,-3,-3,1.5
149.467,-2.9953,-3.0068,1.50345,-3,-3,1.5
149.477,-2.99537,-3.00679,1.50343,-3,-3,1.5
149.487,-2.99545,-3.00678,1.5034,-3,-3,1.5
149.497,-2.99552,-3.00677,1.50338,-3,-3,1.5
149.507,-2.99559,-3.00676,1.50336,-3,-3,1.5
149.517,-2.99566,-3.00675,1.50334,-3,-3,1.5
149.527,-2.99572,-3.00674,1.50332,-3,-3,1.5
149.537,-2.99579,-3.00673,1.50331,-3,-3,1.5
149.547,-2.99586,-3.00672,1.5033,-3,-3,1.5
149.557,-2.99592,-3.00672,1.50328,-3,-3,1.5
149.567,-2.99599,-3.00671,1.50326,-3,-3,1.5
149.577,-2.99605,-3.00671,1.50325,-3,-3,1.5
149.587,-2.99611,-3.0067,1.50324,-3,-3,1.5
149.597,-2.99618,-3.0067,1.50322,-3,-3,1.5
149.607,-2.99624,-3.0067,1.50321,-3,-3,1.5
149.617,-2.9963,-3.0067,1.50319,-3,-3,1.5
149.627,-2.99637,-3.0067,1.50317,-3,-3,1.5
149.637,-2.99643,-3.0067,1.50315,-3,-3,1.5
149.647,-2.9965,-3.00671,1.50317,-3,-3,1.5
149.657,-2.99656,-3.00671,1.50322,-3,-3,1.5
149.667,-2.99663,-3.00671,1.50325,-3,-3,1.5
149.677,-2.9967,-3.00672,1.50326,-3,-3,1.5
149.687,-2.99677,-3.00672,1.50328,-3,-3,1.5
149.697,-2.99683,-3.00673,1.50329,-3,-3,1.5
149.707,-2.9969,-3.00673,1.50331,-3,-3,1.5
149.717,-2.99697,-3.00674,1.50332,-3,-3,1.5
149.727,-2.99703,-3.00674,1.50332,-3,-3,1.5
149.737,-2.99709,-3.00675,1.50333,-3,-3,1.5
149.747,-2.99716,-3.00675,1.50334,-3,-3,1.5
149.757,-2.99722,-3.00676,1.50335,-3,-3,1.5
149.767,-2.99727,-3.00676,1.50335,-3,-3,1.5
149.777,-2.99733,-3.00676,1.50336,-3,-3,1.5
149.787,-2.99738,-3.00677,1.50337,-3,-3,1.5
149.797,-2.99743,-3.00677,1.50338,-3,-3,1.5
149.807,-2.99748,-3.00677,1.50338,-3,-3,1.5
149.817,-2.99752,-3.00678,1.50339,-3,-3,1.5
149.827,-2.99756,-3.00678,1.50338,-3,-3,1.5
149.837,-2.9976,-3.00678,1.50337,-3,-3,1.5
149.847,-2.99763,-3.00678,1.50336,-3,-3,1.5
149.857,-2.99767,-3.00678,1.50336,-3,-3,1.5
149.867,-2.99769,-3.00678,1.50335,-3,-3,1.5
149.877,-2.99772,-3.00678,1.50334,-3,-3,1.5
149.887,-2.99774,-3.00678,1.50333,-3,-3,1.5
149.897,-2.99776,-3.00678,1.50332,-3,-3,1.5
149.907,-2.99777,-3.00679,1.5033,-3,-3,1.5
149.917,-2.99778,-3.00679,1.50327,-3,-3,1.5
149.927,-2.99779,-3.00679,1.50325,-3,-3,1.5
149.937,-2.99779,-3.00679,1.50324,-3,-3,1.5
149.947,-2.99779,-3.00679,1.50326,-3,-3,1.5
149.957,-2.99779,-3.00679,1.50327,-3,-3,1.5
149.967,-2.99778,-3.00679,1.50328,-3,-3,1.5
149.977,-2.99778,-3.00679,1.50328,-3,-3,1.5
149.987,-2.99777,-3.00679,1.50328,-3,-3,1.5
149.997,-2.99776,-3.00679,1.50327,-3,-3,1.5
150.007,-2.99776,-3.00679,1.50326,-3,-3,1.5
150.017,-2.99776,-3.00678,1.50325,-3,-3,1.5
150.027,-2.99776,-3.00678,1.50327,-3,-3,1.5
150.037,-2.99776,-3.00678,1.50331,-3,-3,1.5
150.047,-2.99776,-3.00678,1.50334,-3,-3,1.5
150.057,-2.99776,-3.00678,1.50336,-3,-3,1.5
150.067,-2.99776,-3.00678,1.50338,-3,-3,1.5
150.077,-2.99777,-3.00678,1.5034,-3,-3,1.5
150.087,-2.99778,-3.00677,1.50342,-3,-3,1.5
150.097,-2.99778,-3.00677,1.50344,-3,-3,1.5
150.107,-2.99779,-3.00677,1.50345,-3,-3,1.5
150.117,-2.9978,-3.00677,1.50346,-3,-3,1.5
150.127,-2.99781,-3.00677,1.50348,-3,-3,1.5
150.137,-2.99781,-3.00676,1.5035,-3,-3,1.5
150.147,-2.99782,-3.00676,1.50351,-3,-3,1.5
150.157,-2.99782,-3.00676,1.50352,-3,-3,1.5
150.167,-2.99782,-3.00676,1.50354,-3,-3,1.5
150.177,-2.99782,-3.00675,1.50357,-3,-3,1.5
150.187,-2.99781,-3.00675,1.50361,-3,-3,1.5
150.197,-2.99781,-3.00674,1.50366,-3,-3,1.5
150.207,-2.9978,-3.00674,1.50371,-3,-3,1.5
150.217,-2.99779,-3.00674,1.50375,-3,-3,1.5
150.227,-2.99778,-3.00674,1.50379,-3,-3,1.5
150.237,-2.99777,-3.00674,1.50385,-3,-3,1.5
150.247,-2.99776,-3.00674,1.50389,-3,-3,1.5
150.257,-2.99775,-3.00674,1.50389,-3,-3,1.5
150.267,-2.99774,-3.00674,1.5039,-3,-3,1.5
150.277,-2.99774,-3.00675,1.5039,-3,-3,1.5
150.287,-2.99773,-3.00676,1.50389,-3,-3,1.5
150.297,-2.99773,-3.00677,1.50388,-3,-3,1.5
150.307,-2.99773,-3.00678,1.50388,-3,-3,1.5
150.317,-2.99774,-3.00679,1.50387,-3,-3,1.5
150.327,-2.99774,-3.0068,1.50386,-3,-3,1.5
150.337,-2.99775,-3.00682,1.50385,-3,-3,1.5
150.347,-2.99777,-3.00683,1.50384,-3,-3,1.5
150.357,-2.99778,-3.00685,1.50383,-3,-3,1.5
150.367,-2.9978,-3.00686,1.50382,-3,-3,1.5
150.377,-2.99782,-3.00688,1.5038,-3,-3,1.5
150.387,-2.99785,-3.0069,1.50378,-3,-3,1.5
150.397,-2.99788,-3.00692,1.50375,-3,-3,1.5
150.407,-2.99791,-3.00694,1.50373,-3,-3,1.5
150.417,-2.99795,-3.00696,1.50371,-3,-3,1.5
150.427,-2.99799,-3.00698,1.50369,-3,-3,1.5
150.437,-2.99803,-3.007,1.50367,-3,-3,1.5
150.447,-2.99807,-3.00702,1.50365,-3,-3,1.5
150.457,-2.99812,-3.00704,1.50364,-3,-3,1.5
150.467,-2.99816,-3.00707,1.50363,-3,-3,1.5
150.477,-2.99821,-3.00709,1.50363,-3,-3,1.5
150.487,-2.99826,-3.00712,1.50364,-3,-3,1.5
150.497,-2.99831,-3.00714,1.50365,-3,-3,1.5
150.507,-2.99836,-3.00717,1.50366,-3,-3,1.5
150.517,-2.99841,-3.0072,1.50366,-3,-3,1.5
150.527,-2.99846,-3.00723,1.50367,-3,-3,1.5
150.537,-2.9985,-3.00726,1.50368,-3,-3,1.5
150.547,-2.99855,-3.00729,1.50371,-3,-3,1.5
150.557,-2.99859,-3.00732,1.50374,-3,-3,1.5
150.567,-2.99862,-3.00735,1.50376,-3,-3,1.5
150.577,-2.99866,-3.00738,1.50377,-3,-3,1.5
150.587,-2.99869,-3.00741,1.50379,-3,-3,1.5
150.597,-2.99871,-3.00744,1.5038,-3,-3,1.5
150.607,-2.99873,-3.00747,1.50384,-3,-3,1.5
150.617,-2.99875,-3.0075,1.50389,-3,-3,1.5
150.626,-2.99876,-3.00753,1.50392,-3,-3,1.5
150.636,-2.99877,-3.00757,1.50395,-3,-3,1.5
150.646,-2.99878,-3.0076,1.50398,-3,-3,1.5
150.656,-2.99879,-3.00763,1.50401,-3,-3,1.5
150.666,-2.99879,-3.00766,1.50405,-3,-3,1.5
150.676,-2.99879,-3.00769,1.50409,-3,-3,1.5
150.686,-2.9988,-3.00772,1.50412,-3,-3,1.5
150.696,-2.9988,-3.00774,1.50415,-3,-3,1.5
150.706,-2.9988,-3.00777,1.50416,-3,-3,1.5
150.716,-2.9988,-3.0078,1.50418,-3,-3,1.5
150.726,-2.9988,-3.00783,1.5042,-3,-3,1.5
150.736,-2.9988,-3.00786,1.50422,-3,-3,1.5
150.746,-2.9988,-3.00788,1.50425,-3,-3,1.5
150.756,-2.99879,-3.00791,1.50426,-3,-3,1.5
150.766,-2.99879,-3.00793,1.50428,-3,-3,1.5
150.776,-2.99878,-3.00796,1.5043,-3,-3,1.5
150.786,-2.99877,-3.00798,1.50432,-3,-3,1.5
150.796,-2.99876,-3.008,1.50434,-3,-3,1.5
150.806,-2.99874,-3.00803,1.50437,-3,-3,1.5
150.816,-2.99873,-3.00805,1.5044,-3,-3,1.5
150.826,-2.99871,-3.00807,1.50443,-3,-3,1.5
150.836,-2.99868,-3.00809,1.50445,-3,-3,1.5
150.846,-2.99866,-3.00811,1.50448,-3,-3,1.5
150.856,-2.99863,-3.00813,1.5045,-3,-3,1.5
150.866,-2.9986,-3.00814,1.50455,-3,-3,1.5
150.876,-2.99856,-3.00816,1.50461,-3,-3,1.5
150.886,-2.99852,-3.00818,1.50466,-3,-3,1.5
150.896,-2.99848,-3.00819,1.50471,-3,-3,1.5
150.906,-2.99843,-3.0082,1.50474,-3,-3,1.5
150.916,-2.99839,-3.00822,1.50477,-3,-3,1.5
150.926,-2.99834,-3.00823,1.50479,-3,-3,1.5
150.936,-2.99829,-3.00824,1.50481,-3,-3,1.5
150.946,-2.99824,-3.00826,1.50483,-3,-3,1.5
150.956,-2.99819,-3.00827,1.50485,-3,-3,1.5
150.966,-2.99814,-3.00828,1.50486,-3,-3,1.5
150.976,-2.99809,-3.0083,1.50488,-3,-3,1.5
150.986,-2.99804,-3.00831,1.50489,-3,-3,1.5
150.996,-2.99798,-3.00832,1.50491,-3,-3,1.5
151.006,-2.99793,-3.00833,1.50493,-3,-3,1.5
151.016,-2.99787,-3.00835,1.50497,-3,-3,1.5
151.026,-2.99781,-3.00836,1.505,-3,-3,1.5
151.036,-2.99775,-3.00837,1.50503,-3,-3,1.5
151.046,-2.99769,-3.00838,1.50505,-3,-3,1.5
151.056,-2.99763,-3.00839,1.50507,-3,-3,1.5
151.066,-2.99756,-3.0084,1.50508,-3,-3,1.5
151.076,-2.99749,-3.00841,1.50509,-3,-3,1.5
151.086,-2.99742,-3.00842,1.50512,-3,-3,1.5
151.096,-2.99735,-3.00843,1.50516,-3,-3,1.5
151.106,-2.99727,-3.00844,1.50519,-3,-3,1.5
151.116,-2.9972,-3.00845,1.50522,-3,-3,1.5
151.126,-2.99712,-3.00846,1.50526,-3,-3,1.5
151.136,-2.99704,-3.00846,1.5053,-3,-3,1.5
151.146,-2.99696,-3.00847,1.50535,-3,-3,1.5
151.156,-2.99688,-3.00848,1.50539,-3,-3,1.5
151.166,-2.9968,-3.00848,1.50542,-3,-3,1.5
151.176,-2.99672,-3.00849,1.50544,-3,-3,1.5
151.186,-2.99664,-3.0085,1.50545,-3,-3,1.5
151.196,-2.99656,-3.0085,1.50548,-3,-3,1.5
151.206,-2.99648,-3.00851,1.50552,-3,-3,1.5
151.216,-2.9964,-3.00851,1.50556,-3,-3,1.5
151.226,-2.99632,-3.00851,1.5056,-3,-3,1.5
151.236,-2.99624,-3.00852,1.50563,-3,-3,1.5
151.246,-2.99616,-3.00852,1.50566,-3,-3,1.5
151.256,-2.99608,-3.00853,1.50569,-3,-3,1.5
151.266,-2.996,-3.00853,1.50573,-3,-3,1.5
151.276,-2.99591,-3.00853,1.50577,-3,-3,1.5
151.286,-2.99583,-3.00853,1.5058,-3,-3,1.5
151.296,-2.99574,-3.00853,1.50583,-3,-3,1.5
151.306,-2.99565,-3.00853,1.50587,-3,-3,1.5
151.316,-2.99556,-3.00853,1.50591,-3,-3,1.5
151.326,-2.99547,-3.00853,1.50595,-3,-3,1.5
151.336,-2.99537,-3.00853,1.50598,-3,-3,1.5
151.346,-2.99528,-3.00853,1.50601,-3,-3,1.5
151.356,-2.99518,-3.00852,1.50604,-3,-3,1.5
151.366,-2.99508,-3.00852,1.50608,-3,-3,1.5
151.376,-2.99498,-3.00851,1.50612,-3,-3,1.5
151.386,-2.99488,-3.00851,1.50613,-3,-3,1.5
151.396,-2.99478,-3.0085,1.50608,-3,-3,1.5
151.406,-2.99467,-3.00849,1.50603,-3,-3,1.5
151.416,-2.99457,-3.00848,1.50599,-3,-3,1.5
151.426,-2.99447,-3.00848,1.50597,-3,-3,1.5
151.436,-2.99437,-3.00847,1.50597,-3,-3,1.5
151.446,-2.99427,-3.00845,1.50597,-3,-3,1.5
151.456,-2.99417,-3.00844,1.50598,-3,-3,1.5
151.466,-2.99408,-3.00843,1.50598,-3,-3,1.5
151.476,-2.99399,-3.00842,1.50597,-3,-3,1.5
151.486,-2.9939,-3.00841,1.50596,-3,-3,1.5
151.496,-2.99381,-3.0084,1.50594,-3,-3,1.5
151.506,-2.99372,-3.0084,1.50592,-3,-3,1.5
151.516,-2.99363,-3.0084,1.5059,-3,-3,1.5
151.526,-2.99355,-3.00841,1.50591,-3,-3,1.5
151.536,-2.99346,-3.00841,1.50593,-3,-3,1.5
151.546,-2.99338,-3.00843,1.50594,-3,-3,1.5
151.556,-2.99329,-3.00844,1.50595,-3,-3,1.5
151.566,-2.99321,-3.00846,1.50594,-3,-3,1.5
151.576,-2.99312,-3.00848,1.50588,-3,-3,1.5
151.586,-2.99304,-3.0085,1.50583,-3,-3,1.5
151.596,-2.99296,-3.00853,1.50579,-3,-3,1.5
151.606,-2.99289,-3.00856,1.50575,-3,-3,1.5
151.616,-2.99282,-3.0086,1.50572,-3,-3,1.5
151.626,-2.99275,-3.00863,1.50571,-3,-3,1.5
151.636,-2.99268,-3.00867,1.50567,-3,-3,1.5
151.646,-2.99261,-3.00871,1.50561,-3,-3,1.5
151.656,-2.99255,-3.00875,1.50556,-3,-3,1.5
151.666,-2.99249,-3.00878,1.50552,-3,-3,1.5
151.676,-2.99244,-3.00882,1.50548,-3,-3,1.5
151.686,-2.99238,-3.00886,1.50544,-3,-3,1.5
151.696,-2.99233,-3.00889,1.5054,-3,-3,1.5
151.706,-2.99228,-3.00893,1.50538,-3,-3,1.5
151.716,-2.99222,-3.00896,1.50538,-3,-3,1.5
151.726,-2.99217,-3.00899,1.5054,-3,-3,1.5
151.736,-2.99212,-3.00902,1.50542,-3,-3,1.5
151.746,-2.99206,-3.00905,1.50543,-3,-3,1.5
151.756,-2.99201,-3.00908,1.50545,-3,-3,1.5
151.766,-2.99195,-3.00911,1.50547,-3,-3,1.5
151.776,-2.9919,-3.00914,1.50548,-3,-3,1.5
151.786,-2.99184,-3.00916,1.50551,-3,-3,1.5
151.796,-2.99178,-3.00919,1.50556,-3,-3,1.5
151.806,-2.99173,-3.00921,1.5056,-3,-3,1.5
151.816,-2.99167,-3.00923,1.50565,-3,-3,1.5
151.826,-2.99161,-3.00926,1.50569,-3,-3,1.5
151.836,-2.99155,-3.00928,1.50573,-3,-3,1.5
151.846,-2.99149,-3.0093,1.50575,-3,-3,1.5
151.856,-2.99142,-3.00932,1.50578,-3,-3,1.5
151.866,-2.99136,-3.00934,1.50582,-3,-3,1.5
151.876,-2.99129,-3.00936,1.50588,-3,-3,1.5
151.886,-2.99123,-3.00938,1.50593,-3,-3,1.5
151.896,-2.99116,-3.00939,1.50598,-3,-3,1.5
151.906,-2.99108,-3.00941,1.50602,-3,-3,1.5
151.916,-2.99101,-3.00943,1.50606,-3,-3,1.5
151.926,-2.99093,-3.00944,1.5061,-3,-3,1.5
151.936,-2.99086,-3.00945,1.50613,-3,-3,1.5
151.946,-2.99078,-3.00947,1.50616,-3,-3,1.5
151.956,-2.9907,-3.00948,1.50618,-3,-3,1.5
151.966,-2.99062,-3.00949,1.50621,-3,-3,1.5
151.976,-2.99054,-3.0095,1.50622,-3,-3,1.5
151.986,-2.99045,-3.00951,1.50624,-3,-3,1.5
151.996,-2.99037,-3.00952,1.50626,-3,-3,1.5
152.006,-2.99029,-3.00953,1.50628,-3,-3,1.5
152.016,-2.9902,-3.00954,1.5063,-3,-3,1.5
152.026,-2.99012,-3.00954,1.50633,-3,-3,1.5
152.036,-2.99003,-3.00955,1.50638,-3,-3,1.5
152.046,-2.98994,-3.00956,1.50642,-3,-3,1.5
152.056,-2.98985,-3.00956,1.50646,-3,-3,1.5
152.066,-2.98976,-3.00957,1.50649,-3,-3,1.5
152.076,-2.98967,-3.00957,1.50652,-3,-3,1.5
152.086,-2.98958,-3.00957,1.50655,-3,-3,1.5
152.096,-2.98949,-3.00958,1.50657,-3,-3,1.5
152.106,-2.9894,-3.00958,1.50659,-3,-3,1.5
152.116,-2.98931,-3.00958,1.50661,-3,-3,1.5
152.126,-2.98922,-3.00958,1.50663,-3,-3,1.5
152.136,-2.98912,-3.00958,1.50665,-3,-3,1.5
152.146,-2.98903,-3.00958,1.50668,-3,-3,1.5
152.156,-2.98894,-3.00958,1.5067,-3,-3,1.5
152.166,-2.98885,-3.00958,1.50672,-3,-3,1.5
152.176,-2.98876,-3.00958,1.50674,-3,-3,1.5
152.186,-2.98867,-3.00957,1.50675,-3,-3,1.5
152.196,-2.98858,-3.00957,1.50675,-3,-3,1.5
152.206,-2.98849,-3.00957,1.50678,-3,-3,1.5
152.216,-2.9884,-3.00957,1.50682,-3,-3,1.5
152.226,-2.98831,-3.00956,1.50687,-3,-3,1.5
152.236,-2.98822,-3.00956,1.50692,-3,-3,1.5
152.246,-2.98812,-3.00956,1.50696,-3,-3,1.5
152.256,-2.98803,-3.00955,1.507,-3,-3,1.5
152.266,-2.98793,-3.00955,1.50704,-3,-3,1.5
152.276,-2.98784,-3.00955,1.50708,-3,-3,1.5
152.286,-2.98774,-3.00955,1.50712,-3,-3,1.5
152.296,-2.98764,-3.00955,1.50714,-3,-3,1.5
152.306,-2.98754,-3.00955,1.50716,-3,-3,1.5
152.316,-2.98744,-3.00955,1.50718,-3,-3,1.5
152.326,-2.98733,-3.00956,1.5072,-3,-3,1.5
152.336,-2.98723,-3.00956,1.50722,-3,-3,1.5
152.346,-2.98712,-3.00956,1.50723,-3,-3,1.5
152.356,-2.98702,-3.00956,1.50725,-3,-3,1.5
152.366,-2.98691,-3.00956,1.50727,-3,-3,1.5
152.376,-2.9868,-3.00957,1.50728,-3,-3,1.5
152.386,-2.98669,-3.00957,1.50729,-3,-3,1.5
152.396,-2.98659,-3.00957,1.5073,-3,-3,1.5
152.406,-2.98647,-3.00957,1.50732,-3,-3,1.5
152.416,-2.98636,-3.00957,1.50734,-3,-3,1.5
152.426,-2.98625,-3.00957,1.50735,-3,-3,1.5
152.436,-2.98614,-3.00957,1.50737,-3,-3,1.5
152.445,-2.98602,-3.00956,1.50738,-3,-3,1.5
152.455,-2.9859,-3.00956,1.50738,-3,-3,1.5
152.465,-2.98579,-3.00956,1.50739,-3,-3,1.5
152.475,-2.98567,-3.00955,1.50741,-3,-3,1.5
152.485,-2.98555,-3.00955,1.50744,-3,-3,1.5
152.495,-2.98543,-3.00954,1.50745,-3,-3,1.5
152.505,-2.9853,-3.00954,1.50746,-3,-3,1.5
152.515,-2.98518,-3.00953,1.50746,-3,-3,1.5
152.525,-2.98505,-3.00952,1.50747,-3,-3,1.5
152.535,-2.98493,-3.00952,1.50747,-3,-3,1.5
152.545,-2.9848,-3.00951,1.50748,-3,-3,1.5
152.555,-2.98467,-3.0095,1.50749,-3,-3,1.5
152.565,-2.98454,-3.00949,1.50751,-3,-3,1.5
152.575,-2.9844,-3.00948,1.50752,-3,-3,1.5
152.585,-2.98427,-3.00947,1.50752,-3,-3,1.5
152.595,-2.98413,-3.00946,1.50753,-3,-3,1.5
152.605,-2.984,-3.00945,1.50753,-3,-3,1.5
152.615,-2.98386,-3.00943,1.50752,-3,-3,1.5
152.625,-2.98373,-3.00942,1.50751,-3,-3,1.5
152.635,-2.98359,-3.00941,1.50751,-3,-3,1.5
152.645,-2.98345,-3.0094,1.5075,-3,-3,1.5
152.655,-2.98332,-3.00938,1.50749,-3,-3,1.5
152.665,-2.98318,-3.00937,1.50748,-3,-3,1.5
152.675,-2.98305,-3.00936,1.50747,-3,-3,1.5
152.685,-2.98291,-3.00934,1.50748,-3,-3,1.5
152.695,-2.98278,-3.00933,1.50749,-3,-3,1.5
152.705,-2.98265,-3.00932,1.50752,-3,-3,1.5
152.715,-2.98252,-3.0093,1.50754,-3,-3,1.5
152.725,-2.9824,-3.00929,1.50756,-3,-3,1.5
152.735,-2.98227,-3.00928,1.50757,-3,-3,1.5
152.745,-2.98215,-3.00928,1.5076,-3,-3,1.5
152.755,-2.98204,-3.00927,1.50766,-3,-3,1.5
152.765,-2.98193,-3.00927,1.5077,-3,-3,1.5
152.775,-2.98182,-3.00927,1.50774,-3,-3,1.5
152.785,-2.98172,-3.00927,1.50776,-3,-3,1.5
152.795,-2.98162,-3.00927,1.50779,-3,-3,1.5
152.805,-2.98152,-3.00927,1.50781,-3,-3,1.5
152.815,-2.98143,-3.00928,1.50783,-3,-3,1.5
152.825,-2.98133,-3.00928,1.50784,-3,-3,1.5
152.835,-2.98124,-3.00929,1.50784,-3,-3,1.5
152.845,-2.98115,-3.00929,1.50784,-3,-3,1.5
152.855,-2.98107,-3.0093,1.50784,-3,-3,1.5
152.865,-2.98098,-3.00931,1.50783,-3,-3,1.5
152.875,-2.9809,-3.00932,1.50783,-3,-3,1.5
152.885,-2.98081,-3.00933,1.50782,-3,-3,1.5
152.895,-2.98073,-3.00934,1.50782,-3,-3,1.5
152.905,-2.98064,-3.00934,1.50782,-3,-3,1.5
152.915,-2.98056,-3.00935,1.50782,-3,-3,1.5
152.925,-2.98048,-3.00936,1.50782,-3,-3,1.5
152.935,-2.9804,-3.00937,1.50783,-3,-3,1.5
152.945,-2.98031,-3.00938,1.50783,-3,-3,1.5
152.955,-2.98023,-3.00938,1.50783,-3,-3,1.5
152.965,-2.98015,-3.00939,1.50784,-3,-3,1.5
152.975,-2.98007,-3.0094,1.50785,-3,-3,1.5
152.985,-2.97999,-3.0094,1.50786,-3,-3,1.5
152.995,-2.97991,-3.00941,1.50786,-3,-3,1.5
153.005,-2.97983,-3.00941,1.50787,-3,-3,1.5
153.015,-2.97975,-3.00942,1.50787,-3,-3,1.5
153.025,-2.97967,-3.00942,1.50787,-3,-3,1.5
153.035,-2.97959,-3.00942,1.50787,-3,-3,1.5
153.045,-2.97951,-3.00943,1.50787,-3,-3,1.5
153.055,-2.97944,-3.00943,1.50786,-3,-3,1.5
153.065,-2.97936,-3.00943,1.50786,-3,-3,1.5
153.075,-2.97928,-3.00943,1.50786,-3,-3,1.5
153.085,-2.97921,-3.00943,1.50786,-3,-3,1.5
153.095,-2.97913,-3.00943,1.50786,-3,-3,1.5
153.105,-2.97906,-3.00943,1.50786,-3,-3,1.5
153.115,-2.97898,-3.00942,1.50785,-3,-3,1.5
153.125,-2.97891,-3.00942,1.50785,-3,-3,1.5
153.135,-2.97883,-3.00942,1.50785,-3,-3,1.5
153.145,-2.97876,-3.00941,1.50784,-3,-3,1.5
153.155,-2.97869,-3.00941,1.50783,-3,-3,1.5
153.165,-2.97861,-3.00941,1.50781,-3,-3,1.5
153.175,-2.97854,-3.0094,1.5078,-3,-3,1.5
153.185,-2.97846,-3.00939,1.50778,-3,-3,1.5
153.195,-2.97839,-3.00939,1.50777,-3,-3,1.5
153.205,-2.97832,-3.00938,1.50775,-3,-3,1.5
153.215,-2.97824,-3.00937,1.50774,-3,-3,1.5
153.225,-2.97817,-3.00937,1.50772,-3,-3,1.5
153.235,-2.9781,-3.00936,1.50772,-3,-3,1.5
153.245,-2.97803,-3.00935,1.50771,-3,-3,1.5
153.255,-2.97796,-3.00935,1.5077,-3,-3,1.5
153.265,-2.97789,-3.00934,1.50769,-3,-3,1.5
153.275,-2.97782,-3.00933,1.50768,-3,-3,1.5
153.285,-2.97776,-3.00932,1.50767,-3,-3,1.5
153.295,-2.9777,-3.00931,1.50766,-3,-3,1.5
153.305,-2.97764,-3.0093,1.50765,-3,-3,1.5
153.315,-2.97758,-3.00929,1.50763,-3,-3,1.5
153.325,-2.97753,-3.00929,1.50761,-3,-3,1.5
153.335,-2.97748,-3.00928,1.50758,-3,-3,1.5
153.345,-2.97743,-3.00927,1.50756,-3,-3,1.5
153.355,-2.97739,-3.00926,1.50754,-3,-3,1.5
153.365,-2.97735,-3.00925,1.50755,-3,-3,1.5
153.375,-2.97732,-3.00924,1.50759,-3,-3,1.5
153.385,-2.97729,-3.00923,1.50762,-3,-3,1.5
153.395,-2.97727,-3.00922,1.50764,-3,-3,1.5
153.405,-2.97725,-3.00921,1.50766,-3,-3,1.5
153.415,-2.97723,-3.0092,1.50767,-3,-3,1.5
153.425,-2.97721,-3.0092,1.50768,-3,-3,1.5
153.435,-2.9772,-3.00919,1.50769,-3,-3,1.5
153.445,-2.97718,-3.00918,1.50769,-3,-3,1.5
153.455,-2.97717,-3.00917,1.50769,-3,-3,1.5
153.465,-2.97716,-3.00916,1.50769,-3,-3,1.5
153.475,-2.97715,-3.00915,1.50768,-3,-3,1.5
153.485,-2.97714,-3.00915,1.50767,-3,-3,1.5
153.495,-2.97713,-3.00914,1.50766,-3,-3,1.5
153.505,-2.97712,-3.00913,1.50765,-3,-3,1.5
153.515,-2.97711,-3.00912,1.50764,-3,-3,1.5
153.525,-2.9771,-3.00911,1.50764,-3,-3,1.5
153.535,-2.97709,-3.00911,1.50763,-3,-3,1.5
153.545,-2.97708,-3.0091,1.50762,-3,-3,1.5
153.555,-2.97706,-3.00909,1.5076,-3,-3,1.5
153.565,-2.97705,-3.00908,1.50759,-3,-3,1.5
153.575,-2.97703,-3.00907,1.50759,-3,-3,1.5
153.585,-2.97702,-3.00906,1.50759,-3,-3,1.5
153.595,-2.977,-3.00905,1.50758,-3,-3,1.5
153.605,-2.97698,-3.00904,1.50757,-3,-3,1.5
153.615,-2.97696,-3.00903,1.50755,-3,-3,1.5
153.625,-2.97694,-3.00902,1.50754,-3,-3,1.5
153.635,-2.97692,-3.00901,1.50752,-3,-3,1.5
153.645,-2.9769,-3.009,1.5075,-3,-3,1.5
153.655,-2.97688,-3.00899,1.50748,-3,-3,1.5
153.665,-2.97686,-3.00898,1.50745,-3,-3,1.5
153.675,-2.97685,-3.00897,1.50743,-3,-3,1.5
153.685,-2.97683,-3.00896,1.5074,-3,-3,1.5
153.695,-2.97682,-3.00895,1.50738,-3,-3,1.5
153.705,-2.97681,-3.00894,1.50736,-3,-3,1.5
153.715,-2.9768,-3.00893,1.50736,-3,-3,1.5
153.725,-2.9768,-3.00893,1.5074,-3,-3,1.5
153.735,-2.9768,-3.00892,1.50742,-3,-3,1.5
153.745,-2.9768,-3.00891,1.50743,-3,-3,1.5
153.755,-2.97681,-3.0089,1.50744,-3,-3,1.5
153.765,-2.97682,-3.00889,1.50742,-3,-3,1.5
153.775,-2.97683,-3.00889,1.50741,-3,-3,1.5
153.785,-2.97684,-3.00888,1.50739,-3,-3,1.5
153.795,-2.97685,-3.00887,1.50737,-3,-3,1.5
153.805,-2.97686,-3.00887,1.50735,-3,-3,1.5
153.815,-2.97687,-3.00886,1.50733,-3,-3,1.5
153.825,-2.97689,-3.00886,1.50731,-3,-3,1.5
153.835,-2.9769,-3.00885,1.50728,-3,-3,1.5
153.845,-2.97691,-3.00885,1.50725,-3,-3,1.5
153.855,-2.97692,-3.00884,1.50723,-3,-3,1.5
153.865,-2.97694,-3.00884,1.50721,-3,-3,1.5
153.875,-2.97695,-3.00883,1.50718,-3,-3,1.5
153.885,-2.97696,-3.00883,1.50716,-3,-3,1.5
153.895,-2.97697,-3.00882,1.50713,-3,-3,1.5
153.905,-2.97698,-3.00882,1.50711,-3,-3,1.5
153.915,-2.97698,-3.00882,1.50708,-3,-3,1.5
153.925,-2.97699,-3.00882,1.50705,-3,-3,1.5
153.935,-2.977,-3.00881,1.50702,-3,-3,1.5
153.945,-2.977,-3.00881,1.507,-3,-3,1.5
153.955,-2.977,-3.00881,1.50697,-3,-3,1.5
153.965,-2.97701,-3.00881,1.50694,-3,-3,1.5
153.975,-2.97701,-3.00881,1.50691,-3,-3,1.5
153.985,-2.97701,-3.00881,1.50688,-3,-3,1.5
153.995,-2.97701,-3.00881,1.50684,-3,-3,1.5
154.005,-2.977,-3.00881,1.50681,-3,-3,1.5
154.015,-2.977,-3.00881,1.50678,-3,-3,1.5
154.025,-2.977,-3.00881,1.50675,-3,-3,1.5
154.035,-2.97699,-3.00882,1.50672,-3,-3,1.5
154.045,-2.97698,-3.00882,1.50668,-3,-3,1.5
154.055,-2.97698,-3.00882,1.50665,-3,-3,1.5
154.065,-2.97697,-3.00882,1.50661,-3,-3,1.5
154.075,-2.97696,-3.00883,1.50658,-3,-3,1.5
154.085,-2.97695,-3.00883,1.50655,-3,-3,1.5
154.095,-2.97694,-3.00883,1.50652,-3,-3,1.5
154.105,-2.97693,-3.00884,1.50649,-3,-3,1.5
154.115,-2.97692,-3.00884,1.50647,-3,-3,1.5
154.125,-2.97691,-3.00884,1.50645,-3,-3,1.5
154.135,-2.97691,-3.00885,1.50642,-3,-3,1.5
154.145,-2.9769,-3.00885,1.50639,-3,-3,1.5
154.155,-2.9769,-3.00886,1.50636,-3,-3,1.5
154.165,-2.97689,-3.00886,1.50633,-3,-3,1.5
154.175,-2.97689,-3.00887,1.50631,-3,-3,1.5
154.185,-2.97689,-3.00887,1.5063,-3,-3,1.5
154.195,-2.9769,-3.00888,1.5063,-3,-3,1.5
154.205,-2.9769,-3.00888,1.5063,-3,-3,1.5
154.215,-2.97691,-3.00889,1.50629,-3,-3,1.5
154.225,-2.97692,-3.00889,1.50629,-3,-3,1.5
154.235,-2.97693,-3.00889,1.50629,-3,-3,1.5
154.245,-2.97694,-3.0089,1.50631,-3,-3,1.5
154.255,-2.97694,-3.0089,1.50631,-3,-3,1.5
154.264,-2.97695,-3.0089,1.50631,-3,-3,1.5
154.274,-2.97696,-3.00891,1.50633,-3,-3,1.5
154.284,-2.97698,-3.00891,1.50637,-3,-3,1.5
154.294,-2.97699,-3.00892,1.50638,-3,-3,1.5
154.304,-2.97701,-3.00893,1.50638,-3,-3,1.5
154.314,-2.97702,-3.00893,1.50637,-3,-3,1.5
154.324,-2.97704,-3.00894,1.50636,-3,-3,1.5
154.334,-2.97706,-3.00895,1.50634,-3,-3,1.5
154.344,-2.97708,-3.00895,1.50633,-3,-3,1.5
154.354,-2.9771,-3.00896,1.50631,-3,-3,1.5
154.364,-2.97712,-3.00897,1.5063,-3,-3,1.5
154.374,-2.97714,-3.00898,1.50628,-3,-3,1.5
154.384,-2.97716,-3.00898,1.50627,-3,-3,1.5
154.394,-2.97718,-3.00899,1.50624,-3,-3,1.5
154.404,-2.97721,-3.009,1.50621,-3,-3,1.5
154.414,-2.97723,-3.009,1.50618,-3,-3,1.5
154.424,-2.97725,-3.00901,1.50614,-3,-3,1.5
154.434,-2.97727,-3.00901,1.5061,-3,-3,1.5
154.444,-2.9773,-3.00902,1.50606,-3,-3,1.5
154.454,-2.97732,-3.00902,1.50603,-3,-3,1.5
154.464,-2.97734,-3.00903,1.50599,-3,-3,1.5
154.474,-2.97737,-3.00903,1.50596,-3,-3,1.5
154.484,-2.97739,-3.00904,1.50593,-3,-3,1.5
154.494,-2.97742,-3.00904,1.50589,-3,-3,1.5
154.504,-2.97744,-3.00905,1.50586,-3,-3,1.5
154.514,-2.97747,-3.00905,1.50584,-3,-3,1.5
154.524,-2.97749,-3.00905,1.50581,-3,-3,1.5
154.534,-2.97752,-3.00906,1.50578,-3,-3,1.5
154.544,-2.97755,-3.00906,1.50576,-3,-3,1.5
154.554,-2.97758,-3.00906,1.50573,-3,-3,1.5
154.564,-2.97762,-3.00907,1.50569,-3,-3,1.5
154.574,-2.97765,-3.00907,1.50562,-3,-3,1.5
154.584,-2.97769,-3.00907,1.50556,-3,-3,1.5
154.594,-2.97773,-3.00907,1.50551,-3,-3,1.5
154.604,-2.97777,-3.00907,1.50547,-3,-3,1.5
154.614,-2.97781,-3.00907,1.50544,-3,-3,1.5
154.624,-2.97785,-3.00907,1.50541,-3,-3,1.5
154.634,-2.97789,-3.00907,1.50537,-3,-3,1.5
154.644,-2.97794,-3.00907,1.50534,-3,-3,1.5
154.654,-2.97798,-3.00906,1.50531,-3,-3,1.5
154.664,-2.97803,-3.00906,1.50528,-3,-3,1.5
154.674,-2.97808,-3.00905,1.50526,-3,-3,1.5
154.684,-2.97812,-3.00905,1.50524,-3,-3,1.5
154.694,-2.97817,-3.00904,1.50521,-3,-3,1.5
154.704,-2.97822,-3.00904,1.50518,-3,-3,1.5
154.714,-2.97826,-3.00903,1.50516,-3,-3,1.5
154.724,-2.97831,-3.00903,1.50513,-3,-3,1.5
154.734,-2.97835,-3.00902,1.50509,-3,-3,1.5
154.744,-2.9784,-3.00901,1.50506,-3,-3,1.5
154.754,-2.97844,-3.009,1.50503,-3,-3,1.5
154.764,-2.97848,-3.009,1.505,-3,-3,1.5
154.774,-2.97852,-3.00899,1.50497,-3,-3,1.5
154.784,-2.97856,-3.00898,1.50495,-3,-3,1.5
154.794,-2.9786,-3.00897,1.50493,-3,-3,1.5
154.804,-2.97864,-3.00896,1.5049,-3,-3,1.5
154.814,-2.97868,-3.00895,1.50488,-3,-3,1.5
154.824,-2.97871,-3.00894,1.50485,-3,-3,1.5
154.834,-2.97875,-3.00893,1.50483,-3,-3,1.5
154.844,-2.97878,-3.00892,1.50481,-3,-3,1.5
154.854,-2.97881,-3.00891,1.50478,-3,-3,1.5
154.864,-2.97884,-3.0089,1.50474,-3,-3,1.5
154.874,-2.97887,-3.00889,1.5047,-3,-3,1.5
154.884,-2.9789,-3.00888,1.50466,-3,-3,1.5
154.894,-2.97893,-3.00886,1.50463,-3,-3,1.5
154.904,-2.97896,-3.00885,1.50459,-3,-3,1.5
154.914,-2.97899,-3.00884,1.50456,-3,-3,1.5
154.924,-2.97902,-3.00882,1.50453,-3,-3,1.5
154.934,-2.97905,-3.00881,1.5045,-3,-3,1.5
154.944,-2.97908,-3.0088,1.50447,-3,-3,1.5
154.954,-2.97911,-3.00878,1.50445,-3,-3,1.5
154.964,-2.97914,-3.00876,1.50443,-3,-3,1.5
154.974,-2.97917,-3.00875,1.50442,-3,-3,1.5
154.984,-2.97921,-3.00873,1.50441,-3,-3,1.5
154.994,-2.97924,-3.00871,1.5044,-3,-3,1.5
155.004,-2.97928,-3.0087,1.50439,-3,-3,1.5
155.014,-2.97933,-3.00868,1.50438,-3,-3,1.5
155.024,-2.97937,-3.00866,1.5044,-3,-3,1.5
155.034,-2.97941,-3.00865,1.50445,-3,-3,1.5
155.044,-2.97946,-3.00863,1.50447,-3,-3,1.5
155.054,-2.97951,-3.00862,1.50452,-3,-3,1.5
155.064,-2.97956,-3.0086,1.5046,-3,-3,1.5
155.074,-2.97961,-3.00859,1.50465,-3,-3,1.5
155.084,-2.97966,-3.00857,1.5047,-3,-3,1.5
155.094,-2.9797,-3.00856,1.50473,-3,-3,1.5
155.104,-2.97975,-3.00855,1.50474,-3,-3,1.5
155.114,-2.9798,-3.00855,1.50475,-3,-3,1.5
155.124,-2.97985,-3.00854,1.50474,-3,-3,1.5
155.134,-2.9799,-3.00853,1.50472,-3,-3,1.5
155.144,-2.97994,-3.00853,1.50469,-3,-3,1.5
155.154,-2.97999,-3.00853,1.50466,-3,-3,1.5
155.164,-2.98004,-3.00852,1.50463,-3,-3,1.5
155.174,-2.98008,-3.00852,1.5046,-3,-3,1.5
155.184,-2.98013,-3.00852,1.50458,-3,-3,1.5
155.194,-2.98017,-3.00852,1.50455,-3,-3,1.5
155.204,-2.98022,-3.00852,1.50452,-3,-3,1.5
155.214,-2.98026,-3.00852,1.50449,-3,-3,1.5
155.224,-2.9803,-3.00852,1.50446,-3,-3,1.5
155.234,-2.98035,-3.00852,1.50443,-3,-3,1.5
155.244,-2.98039,-3.00852,1.5044,-3,-3,1.5
155.254,-2.98043,-3.00851,1.50436,-3,-3,1.5
155.264,-2.98047,-3.00851,1.50434,-3,-3,1.5
155.274,-2.98052,-3.00851,1.5043,-3,-3,1.5
155.284,-2.98056,-3.00851,1.50428,-3,-3,1.5
155.294,-2.9806,-3.0085,1.50427,-3,-3,1.5
155.304,-2.98064,-3.0085,1.50426,-3,-3,1.5
155.314,-2.98068,-3.0085,1.50425,-3,-3,1.5
155.324,-2.98073,-3.00849,1.50424,-3,-3,1.5
155.334,-2.98077,-3.00849,1.50422,-3,-3,1.5
155.344,-2.98081,-3.00849,1.50419,-3,-3,1.5
155.354,-2.98086,-3.00849,1.50416,-3,-3,1.5
155.364,-2.9809,-3.00849,1.50413,-3,-3,1.5
155.374,-2.98095,-3.00848,1.5041,-3,-3,1.5
155.384,-2.98099,-3.00848,1.50407,-3,-3,1.5
155.394,-2.98104,-3.00848,1.50404,-3,-3,1.5
155.404,-2.98109,-3.00848,1.50401,-3,-3,1.5
155.414,-2.98114,-3.00847,1.50403,-3,-3,1.5
155.424,-2.98118,-3.00847,1.50407,-3,-3,1.5
155.434,-2.98124,-3.00847,1.50409,-3,-3,1.5
155.444,-2.98129,-3.00846,1.50411,-3,-3,1.5
155.454,-2.98134,-3.00846,1.50412,-3,-3,1.5
155.464,-2.9814,-3.00846,1.50417,-3,-3,1.5
155.474,-2.98145,-3.00845,1.50424,-3,-3,1.5
155.484,-2.98151,-3.00846,1.50429,-3,-3,1.5
155.494,-2.98157,-3.00846,1.50433,-3,-3,1.5
155.504,-2.98163,-3.00846,1.50439,-3,-3,1.5
155.514,-2.98169,-3.00847,1.50448,-3,-3,1.5
155.524,-2.98175,-3.00848,1.50455,-3,-3,1.5
155.534,-2.9818,-3.00849,1.50461,-3,-3,1.5
155.544,-2.98186,-3.0085,1.50466,-3,-3,1.5
155.554,-2.98191,-3.00851,1.50469,-3,-3,1.5
155.564,-2.98197,-3.00853,1.50471,-3,-3,1.5
155.574,-2.98202,-3.00854,1.50472,-3,-3,1.5
155.584,-2.98207,-3.00856,1.50475,-3,-3,1.5
155.594,-2.98212,-3.00858,1.50481,-3,-3,1.5
155.604,-2.98217,-3.00861,1.50485,-3,-3,1.5
155.614,-2.98222,-3.00863,1.50489,-3,-3,1.5
155.624,-2.98227,-3.00866,1.50494,-3,-3,1.5
155.634,-2.98232,-3.00869,1.50499,-3,-3,1.5
155.644,-2.98237,-3.00872,1.50503,-3,-3,1.5
155.654,-2.98242,-3.00874,1.50506,-3,-3,1.5
155.664,-2.98248,-3.00877,1.50509,-3,-3,1.5
155.674,-2.98254,-3.00881,1.50511,-3,-3,1.5
155.684,-2.9826,-3.00884,1.50512,-3,-3,1.5
155.694,-2.98266,-3.00887,1.50512,-3,-3,1.5
155.704,-2.98273,-3.0089,1.50512,-3,-3,1.5
155.714,-2.98279,-3.00893,1.5051,-3,-3,1.5
155.724,-2.98286,-3.00897,1.50508,-3,-3,1.5
155.734,-2.98293,-3.009,1.50506,-3,-3,1.5
155.744,-2.983,-3.00903,1.50504,-3,-3,1.5
155.754,-2.98307,-3.00907,1.50502,-3,-3,1.5
155.764,-2.98314,-3.0091,1.50499,-3,-3,1.5
155.774,-2.98321,-3.00913,1.50496,-3,-3,1.5
155.784,-2.98328,-3.00916,1.50493,-3,-3,1.5
155.794,-2.98335,-3.00919,1.5049,-3,-3,1.5
155.804,-2.98342,-3.00922,1.50487,-3,-3,1.5
155.814,-2.9835,-3.00925,1.50484,-3,-3,1.5
155.824,-2.98357,-3.00928,1.50482,-3,-3,1.5
155.834,-2.98363,-3.00931,1.5048,-3,-3,1.5
155.844,-2.9837,-3.00933,1.50477,-3,-3,1.5
155.854,-2.98377,-3.00936,1.50475,-3,-3,1.5
155.864,-2.98384,-3.00938,1.50471,-3,-3,1.5
155.874,-2.98391,-3.00941,1.50468,-3,-3,1.5
155.884,-2.98397,-3.00943,1.50466,-3,-3,1.5
155.894,-2.98404,-3.00945,1.50463,-3,-3,1.5
155.904,-2.98411,-3.00947,1.50462,-3,-3,1.5
155.914,-2.98417,-3.00949,1.5046,-3,-3,1.5
155.924,-2.98423,-3.00951,1.50457,-3,-3,1.5
155.934,-2.9843,-3.00953,1.50453,-3,-3,1.5
155.944,-2.98436,-3.00955,1.5045,-3,-3,1.5
155.954,-2.98442,-3.00957,1.50447,-3,-3,1.5
155.964,-2.98448,-3.00958,1.50445,-3,-3,1.5
155.974,-2.98454,-3.0096,1.50443,-3,-3,1.5
155.984,-2.9846,-3.00961,1.50441,-3,-3,1.5
155.994,-2.98465,-3.00962,1.50438,-3,-3,1.5
156.004,-2.98471,-3.00964,1.50436,-3,-3,1.5
156.014,-2.98476,-3.00965,1.50433,-3,-3,1.5
156.024,-2.98481,-3.00966,1.50429,-3,-3,1.5
156.034,-2.98487,-3.00967,1.50426,-3,-3,1.5
156.044,-2.98492,-3.00968,1.50422,-3,-3,1.5
156.054,-2.98497,-3.00969,1.50419,-3,-3,1.5
156.064,-2.98501,-3.0097,1.50416,-3,-3,1.5
156.074,-2.98506,-3.00971,1.50414,-3,-3,1.5
156.083,-2.98511,-3.00972,1.50411,-3,-3,1.5
156.093,-2.98516,-3.00972,1.50408,-3,-3,1.5
156.103,-2.9852,-3.00973,1.50405,-3,-3,1.5
156.113,-2.98525,-3.00974,1.50402,-3,-3,1.5
156.123,-2.98529,-3.00975,1.50399,-3,-3,1.5
156.133,-2.98534,-3.00975,1.50396,-3,-3,1.5
156.143,-2.98539,-3.00976,1.50393,-3,-3,1.5
156.153,-2.98543,-3.00976,1.50391,-3,-3,1.5
156.163,-2.98548,-3.00977,1.50388,-3,-3,1.5
156.173,-2.98553,-3.00977,1.50386,-3,-3,1.5
156.183,-2.98558,-3.00978,1.50383,-3,-3,1.5
156.193,-2.98563,-3.00978,1.5038,-3,-3,1.5
156.203,-2.98568,-3.00978,1.50378,-3,-3,1.5
156.213,-2.98573,-3.00978,1.50378,-3,-3,1.5
156.223,-2.98579,-3.00978,1.50379,-3,-3,1.5
156.233,-2.98585,-3.00979,1.50381,-3,-3,1.5
156.243,-2.9859,-3.00979,1.50385,-3,-3,1.5
156.253,-2.98596,-3.00979,1.50389,-3,-3,1.5
156.263,-2.98602,-3.00979,1.50393,-3,-3,1.5
156.273,-2.98607,-3.00979,1.50397,-3,-3,1.5
156.283,-2.98613,-3.00979,1.50401,-3,-3,1.5
156.293,-2.98619,-3.0098,1.50406,-3,-3,1.5
156.303,-2.98625,-3.0098,1.50408,-3,-3,1.5
156.313,-2.98631,-3.00981,1.50409,-3,-3,1.5
156.323,-2.98637,-3.00982,1.50408,-3,-3,1.5
156.333,-2.98642,-3.00982,1.50407,-3,-3,1.5
156.343,-2.98648,-3.00983,1.50405,-3,-3,1.5
156.353,-2.98654,-3.00984,1.50402,-3,-3,1.5
156.363,-2.9866,-3.00985,1.504,-3,-3,1.5
156.373,-2.98665,-3.00986,1.50398,-3,-3,1.5
156.383,-2.98671,-3.00986,1.50396,-3,-3,1.5
156.393,-2.98676,-3.00987,1.50394,-3,-3,1.5
156.403,-2.98682,-3.00988,1.50392,-3,-3,1.5
156.413,-2.98687,-3.00989,1.5039,-3,-3,1.5
156.423,-2.98692,-3.0099,1.50388,-3,-3,1.5
156.433,-2.98697,-3.00991,1.50385,-3,-3,1.5
156.443,-2.98702,-3.00991,1.50382,-3,-3,1.5
156.453,-2.98707,-3.00992,1.50379,-3,-3,1.5
156.463,-2.98711,-3.00993,1.50377,-3,-3,1.5
156.473,-2.98716,-3.00993,1.50374,-3,-3,1.5
156.483,-2.9872,-3.00994,1.50372,-3,-3,1.5
156.493,-2.98725,-3.00994,1.5037,-3,-3,1.5
156.503,-2.98729,-3.00995,1.50367,-3,-3,1.5
156.513,-2.98733,-3.00995,1.50365,-3,-3,1.5
156.523,-2.98737,-3.00995,1.50363,-3,-3,1.5
156.533,-2.9874,-3.00996,1.50361,-3,-3,1.5
156.543,-2.98744,-3.00996,1.50359,-3,-3,1.5
156.553,-2.98748,-3.00996,1.50357,-3,-3,1.5
156.563,-2.98751,-3.00996,1.50354,-3,-3,1.5
156.573,-2.98754,-3.00997,1.50352,-3,-3,1.5
156.583,-2.98758,-3.00997,1.5035,-3,-3,1.5
156.593,-2.98761,-3.00997,1.50348,-3,-3,1.5
156.603,-2.98764,-3.00997,1.50345,-3,-3,1.5
156.613,-2.98767,-3.00997,1.50343,-3,-3,1.5
156.623,-2.9877,-3.00997,1.50341,-3,-3,1.5
156.633,-2.98773,-3.00997,1.50339,-3,-3,1.5
156.643,-2.98776,-3.00997,1.50338,-3,-3,1.5
156.653,-2.98779,-3.00997,1.50336,-3,-3,1.5
156.663,-2.98782,-3.00997,1.50334,-3,-3,1.5
156.673,-2.98785,-3.00997,1.50332,-3,-3,1.5
156.683,-2.98788,-3.00997,1.50331,-3,-3,1.5
156.693,-2.98791,-3.00997,1.50329,-3,-3,1.5
156.703,-2.98794,-3.00997,1.50327,-3,-3,1.5
156.713,-2.98797,-3.00997,1.50326,-3,-3,1.5
156.723,-2.98801,-3.00996,1.50324,-3,-3,1.5
156.733,-2.98804,-3.00996,1.50323,-3,-3,1.5
156.743,-2.98807,-3.00996,1.50321,-3,-3,1.5
156.753,-2.98811,-3.00996,1.5032,-3,-3,1.5
156.763,-2.98814,-3.00995,1.50318,-3,-3,1.5
156.773,-2.98818,-3.00995,1.50317,-3,-3,1.5
156.783,-2.98821,-3.00994,1.50316,-3,-3,1.5
156.793,-2.98825,-3.00994,1.50315,-3,-3,1.5
156.803,-2.98829,-3.00993,1.50314,-3,-3,1.5
156.813,-2.98833,-3.00993,1.50313,-3,-3,1.5
156.823,-2.98838,-3.00992,1.50313,-3,-3,1.5
156.833,-2.98842,-3.00991,1.50312,-3,-3,1.5
156.843,-2.98846,-3.00991,1.50311,-3,-3,1.5
156.853,-2.98851,-3.0099,1.50311,-3,-3,1.5
156.863,-2.98856,-3.00989,1.5031,-3,-3,1.5
156.873,-2.98861,-3.00988,1.50309,-3,-3,1.5
156.883,-2.98866,-3.00987,1.50308,-3,-3,1.5
156.893,-2.98871,-3.00986,1.50308,-3,-3,1.5
156.903,-2.98876,-3.00985,1.50306,-3,-3,1.5
156.913,-2.98881,-3.00984,1.50305,-3,-3,1.5
156.923,-2.98886,-3.00983,1.50304,-3,-3,1.5
156.933,-2.98891,-3.00982,1.50303,-3,-3,1.5
156.943,-2.98897,-3.00981,1.50302,-3,-3,1.5
156.953,-2.98902,-3.0098,1.50301,-3,-3,1.5
156.963,-2.98907,-3.00978,1.503,-3,-3,1.5
156.973,-2.98913,-3.00977,1.50299,-3,-3,1.5
156.983,-2.98918,-3.00976,1.50298,-3,-3,1.5
156.993,-2.98924,-3.00975,1.50297,-3,-3,1.5
157.003,-2.98929,-3.00974,1.50295,-3,-3,1.5
157.013,-2.98935,-3.00973,1.50294,-3,-3,1.5
157.023,-2.9894,-3.00972,1.50293,-3,-3,1.5
157.033,-2.98945,-3.00971,1.50292,-3,-3,1.5
157.043,-2.98951,-3.0097,1.5029,-3,-3,1.5
157.053,-2.98956,-3.00968,1.50289,-3,-3,1.5
157.063,-2.98962,-3.00967,1.50287,-3,-3,1.5
157.073,-2.98967,-3.00966,1.50286,-3,-3,1.5
157.083,-2.98973,-3.00965,1.50286,-3,-3,1.5
157.093,-2.98978,-3.00964,1.50286,-3,-3,1.5
157.103,-2.98983,-3.00963,1.50285,-3,-3,1.5
157.113,-2.98988,-3.00962,1.50285,-3,-3,1.5
157.123,-2.98993,-3.00961,1.50285,-3,-3,1.5
157.133,-2.98998,-3.0096,1.50285,-3,-3,1.5
157.143,-2.99002,-3.00959,1.50285,-3,-3,1.5
157.153,-2.99007,-3.00958,1.50287,-3,-3,1.5
157.163,-2.99011,-3.00957,1.50289,-3,-3,1.5
157.173,-2.99016,-3.00956,1.5029,-3,-3,1.5
157.183,-2.9902,-3.00955,1.50291,-3,-3,1.5
157.193,-2.99024,-3.00954,1.50293,-3,-3,1.5
157.203,-2.99027,-3.00953,1.50295,-3,-3,1.5
157.213,-2.99031,-3.00952,1.50297,-3,-3,1.5
157.223,-2.99035,-3.00951,1.50299,-3,-3,1.5
157.233,-2.99038,-3.0095,1.50301,-3,-3,1.5
157.243,-2.99041,-3.00949,1.50302,-3,-3,1.5
157.253,-2.99044,-3.00948,1.50302,-3,-3,1.5
157.263,-2.99047,-3.00946,1.50302,-3,-3,1.5
157.273,-2.99049,-3.00945,1.50302,-3,-3,1.5
157.283,-2.99052,-3.00944,1.50303,-3,-3,1.5
157.293,-2.99054,-3.00943,1.50303,-3,-3,1.5
157.303,-2.99056,-3.00942,1.50303,-3,-3,1.5
157.313,-2.99059,-3.00941,1.50304,-3,-3,1.5
157.323,-2.99061,-3.0094,1.50303,-3,-3,1.5
157.333,-2.99063,-3.00939,1.50302,-3,-3,1.5
157.343,-2.99065,-3.00938,1.50302,-3,-3,1.5
157.353,-2.99068,-3.00937,1.50301,-3,-3,1.5
157.363,-2.9907,-3.00936,1.50301,-3,-3,1.5
157.373,-2.99072,-3.00935,1.503,-3,-3,1.5
157.383,-2.99075,-3.00934,1.50299,-3,-3,1.5
157.393,-2.99077,-3.00934,1.50299,-3,-3,1.5
157.403,-2.9908,-3.00933,1.50298,-3,-3,1.5
157.413,-2.99083,-3.00932,1.50298,-3,-3,1.5
157.423,-2.99086,-3.00931,1.50297,-3,-3,1.5
157.433,-2.9909,-3.00931,1.50296,-3,-3,1.5
157.443,-2.99093,-3.0093,1.50295,-3,-3,1.5
157.453,-2.99097,-3.00929,1.50294,-3,-3,1.5
157.463,-2.99101,-3.00928,1.50292,-3,-3,1.5
157.473,-2.99105,-3.00928,1.50291,-3,-3,1.5
157.483,-2.9911,-3.00927,1.5029,-3,-3,1.5
157.493,-2.99115,-3.00926,1.50288,-3,-3,1.5
157.503,-2.9912,-3.00926,1.50286,-3,-3,1.5
157.513,-2.99126,-3.00925,1.50284,-3,-3,1.5
157.523,-2.99131,-3.00925,1.50282,-3,-3,1.5
157.533,-2.99137,-3.00925,1.5028,-3,-3,1.5
157.543,-2.99143,-3.00924,1.50278,-3,-3,1.5
157.553,-2.9915,-3.00924,1.50276,-3,-3,1.5
157.563,-2.99157,-3.00924,1.50275,-3,-3,1.5
157.573,-2.99164,-3.00924,1.50273,-3,-3,1.5
157.583,-2.99171,-3.00924,1.50271,-3,-3,1.5
157.593,-2.99178,-3.00924,1.50269,-3,-3,1.5
157.603,-2.99186,-3.00924,1.50268,-3,-3,1.5
157.613,-2.99194,-3.00925,1.50267,-3,-3,1.5
157.623,-2.99202,-3.00925,1.50266,-3,-3,1.5
157.633,-2.9921,-3.00926,1.50265,-3,-3,1.5
157.643,-2.99219,-3.00926,1.50265,-3,-3,1.5
157.653,-2.99228,-3.00927,1.50264,-3,-3,1.5
157.663,-2.99237,-3.00927,1.50263,-3,-3,1.5
157.673,-2.99246,-3.00928,1.50263,-3,-3,1.5
157.683,-2.99255,-3.00929,1.50263,-3,-3,1.5
157.693,-2.99265,-3.00929,1.50264,-3,-3,1.5
157.703,-2.99275,-3.0093,1.50264,-3,-3,1.5
157.713,-2.99285,-3.00931,1.50265,-3,-3,1.5
157.723,-2.99295,-3.00932,1.50268,-3,-3,1.5
157.733,-2.99306,-3.00932,1.5027,-3,-3,1.5
157.743,-2.99317,-3.00933,1.50273,-3,-3,1.5
157.753,-2.99328,-3.00934,1.50277,-3,-3,1.5
157.763,-2.99339,-3.00934,1.5028,-3,-3,1.5
157.773,-2.9935,-3.00935,1.50284,-3,-3,1.5
157.783,-2.99361,-3.00936,1.50287,-3,-3,1.5
157.793,-2.99372,-3.00936,1.5029,-3,-3,1.5
157.803,-2.99384,-3.00937,1.50294,-3,-3,1.5
157.813,-2.99396,-3.00938,1.50298,-3,-3,1.5
157.823,-2.99407,-3.00939,1.50302,-3,-3,1.5
157.833,-2.99419,-3.0094,1.50306,-3,-3,1.5
157.843,-2.99431,-3.00941,1.50308,-3,-3,1.5
157.853,-2.99442,-3.00942,1.5031,-3,-3,1.5
157.863,-2.99454,-3.00944,1.50313,-3,-3,1.5
157.873,-2.99465,-3.00945,1.50315,-3,-3,1.5
157.883,-2.99476,-3.00947,1.50318,-3,-3,1.5
157.893,-2.99487,-3.00949,1.5032,-3,-3,1.5
157.902,-2.99498,-3.00951,1.50322,-3,-3,1.5
157.912,-2.99508,-3.00953,1.50326,-3,-3,1.5
157.922,-2.99518,-3.00955,1.5033,-3,-3,1.5
157.932,-2.99527,-3.00957,1.50334,-3,-3,1.5
157.942,-2.99536,-3.00959,1.50339,-3,-3,1.5
157.952,-2.99545,-3.00961,1.50343,-3,-3,1.5
157.962,-2.99554,-3.00963,1.50346,-3,-3,1.5
157.972,-2.99562,-3.00966,1.50348,-3,-3,1.5
157.982,-2.9957,-3.00968,1.5035,-3,-3,1.5
157.992,-2.99579,-3.0097,1.50353,-3,-3,1.5
158.002,-2.99586,-3.00972,1.50356,-3,-3,1.5
158.012,-2.99594,-3.00975,1.50359,-3,-3,1.5
158.022,-2.99602,-3.00977,1.50361,-3,-3,1.5
158.032,-2.99609,-3.00979,1.50363,-3,-3,1.5
158.042,-2.99616,-3.00981,1.50365,-3,-3,1.5
158.052,-2.99623,-3.00984,1.50367,-3,-3,1.5
158.062,-2.99629,-3.00986,1.50368,-3,-3,1.5
158.072,-2.99635,-3.00988,1.5037,-3,-3,1.5
158.082,-2.99641,-3.0099,1.50372,-3,-3,1.5
158.092,-2.99647,-3.00992,1.50374,-3,-3,1.5
158.102,-2.99652,-3.00994,1.50375,-3,-3,1.5
158.112,-2.99657,-3.00996,1.50377,-3,-3,1.5
158.122,-2.99662,-3.00998,1.50379,-3,-3,1.5
158.132,-2.99666,-3.01,1.50382,-3,-3,1.5
158.142,-2.99669,-3.01002,1.50386,-3,-3,1.5
158.152,-2.99672,-3.01003,1.50391,-3,-3,1.5
158.162,-2.99675,-3.01005,1.50395,-3,-3,1.5
158.172,-2.99678,-3.01007,1.50399,-3,-3,1.5
158.182,-2.9968,-3.01008,1.50402,-3,-3,1.5
158.192,-2.99682,-3.01009,1.50406,-3,-3,1.5
158.202,-2.99684,-3.01011,1.50409,-3,-3,1.5
158.212,-2.99685,-3.01012,1.50412,-3,-3,1.5
158.222,-2.99687,-3.01014,1.50415,-3,-3,1.5
158.232,-2.99688,-3.01015,1.50418,-3,-3,1.5
158.242,-2.99689,-3.01017,1.50421,-3,-3,1.5
158.252,-2.99691,-3.01018,1.50424,-3,-3,1.5
158.262,-2.99692,-3.0102,1.50426,-3,-3,1.5
158.272,-2.99693,-3.01021,1.50429,-3,-3,1.5
158.282,-2.99694,-3.01023,1.50431,-3,-3,1.5
158.292,-2.99694,-3.01024,1.50433,-3,-3,1.5
158.302,-2.99695,-3.01025,1.50435,-3,-3,1.5
158.312,-2.99696,-3.01027,1.50436,-3,-3,1.5
158.322,-2.99696,-3.01028,1.50438,-3,-3,1.5
158.332,-2.99696,-3.01029,1.50439,-3,-3,1.5
158.342,-2.99696,-3.0103,1.50441,-3,-3,1.5
158.352,-2.99696,-3.01031,1.50442,-3,-3,1.5
158.362,-2.99696,-3.01032,1.50444,-3,-3,1.5
158.372,-2.99696,-3.01034,1.50445,-3,-3,1.5
158.382,-2.99695,-3.01034,1.50446,-3,-3,1.5
158.392,-2.99694,-3.01035,1.50447,-3,-3,1.5
158.402,-2.99693,-3.01036,1.50448,-3,-3,1.5
158.412,-2.99692,-3.01037,1.5045,-3,-3,1.5
158.422,-2.99691,-3.01038,1.5045,-3,-3,1.5
158.432,-2.99689,-3.01039,1.50451,-3,-3,1.5
158.442,-2.99687,-3.01039,1.50452,-3,-3,1.5
158.452,-2.99685,-3.0104,1.50453,-3,-3,1.5
158.462,-2.99683,-3.01041,1.50456,-3,-3,1.5
158.472,-2.9968,-3.01041,1.5046,-3,-3,1.5
158.482,-2.99677,-3.01042,1.50463,-3,-3,1.5
158.492,-2.99673,-3.01042,1.50465,-3,-3,1.5
158.502,-2.9967,-3.01043,1.50467,-3,-3,1.5
158.512,-2.99666,-3.01044,1.50469,-3,-3,1.5
158.522,-2.99662,-3.01044,1.50471,-3,-3,1.5
158.532,-2.99659,-3.01045,1.50472,-3,-3,1.5
158.542,-2.99655,-3.01045,1.50474,-3,-3,1.5
158.552,-2.99651,-3.01046,1.50476,-3,-3,1.5
158.562,-2.99647,-3.01046,1.50477,-3,-3,1.5
158.572,-2.99643,-3.01047,1.50479,-3,-3,1.5
158.582,-2.99639,-3.01047,1.50481,-3,-3,1.5
158.592,-2.99635,-3.01048,1.50483,-3,-3,1.5
158.602,-2.99631,-3.01048,1.50485,-3,-3,1.5
158.612,-2.99627,-3.01048,1.50486,-3,-3,1.5
158.622,-2.99623,-3.01049,1.50488,-3,-3,1.5
158.632,-2.9962,-3.01049,1.5049,-3,-3,1.5
158.642,-2.99616,-3.01049,1.50492,-3,-3,1.5
158.652,-2.99612,-3.01049,1.50494,-3,-3,1.5
158.662,-2.99608,-3.01049,1.50496,-3,-3,1.5
158.672,-2.99604,-3.0105,1.50498,-3,-3,1.5
158.682,-2.99599,-3.0105,1.505,-3,-3,1.5
158.692,-2.99595,-3.0105,1.50503,-3,-3,1.5
158.702,-2.99591,-3.0105,1.50505,-3,-3,1.5
158.712,-2.99586,-3.0105,1.50507,-3,-3,1.5
158.722,-2.99582,-3.0105,1.50507,-3,-3,1.5
158.732,-2.99577,-3.0105,1.50508,-3,-3,1.5
158.742,-2.99572,-3.01049,1.50509,-3,-3,1.5
158.752,-2.99567,-3.01049,1.50512,-3,-3,1.5
158.762,-2.99561,-3.01049,1.50514,-3,-3,1.5
158.772,-2.99556,-3.01049,1.50516,-3,-3,1.5
158.782,-2.9955,-3.01048,1.50519,-3,-3,1.5
158.792,-2.99544,-3.01048,1.50522,-3,-3,1.5
158.802,-2.99538,-3.01048,1.50524,-3,-3,1.5
158.812,-2.99531,-3.01047,1.50526,-3,-3,1.5
158.822,-2.99525,-3.01047,1.50527,-3,-3,1.5
158.832,-2.99518,-3.01046,1.50529,-3,-3,1.5
158.842,-2.99511,-3.01046,1.5053,-3,-3,1.5
158.852,-2.99504,-3.01045,1.50532,-3,-3,1.5
158.862,-2.99496,-3.01044,1.50534,-3,-3,1.5
158.872,-2.99489,-3.01043,1.50536,-3,-3,1.5
158.882,-2.99481,-3.01043,1.50539,-3,-3,1.5
158.892,-2.99473,-3.01042,1.50541,-3,-3,1.5
158.902,-2.99465,-3.01041,1.50543,-3,-3,1.5
158.912,-2.99457,-3.01041,1.50546,-3,-3,1.5
158.922,-2.99449,-3.0104,1.50548,-3,-3,1.5
158.932,-2.99441,-3.01039,1.50551,-3,-3,1.5
158.942,-2.99432,-3.01038,1.50553,-3,-3,1.5
158.952,-2.99424,-3.01037,1.50556,-3,-3,1.5
158.962,-2.99415,-3.01036,1.50558,-3,-3,1.5
158.972,-2.99407,-3.01035,1.50559,-3,-3,1.5
158.982,-2.99398,-3.01034,1.50562,-3,-3,1.5
158.992,-2.99389,-3.01033,1.50566,-3,-3,1.5
159.002,-2.9938,-3.01032,1.5057,-3,-3,1.5
159.012,-2.99371,-3.01031,1.50573,-3,-3,1.5
159.022,-2.99362,-3.0103,1.50576,-3,-3,1.5
159.032,-2.99353,-3.01029,1.50578,-3,-3,1.5
159.042,-2.99344,-3.01028,1.5058,-3,-3,1.5
159.052,-2.99335,-3.01026,1.50582,-3,-3,1.5
159.062,-2.99325,-3.01025,1.50583,-3,-3,1.5
159.072,-2.99315,-3.01024,1.50585,-3,-3,1.5
159.082,-2.99305,-3.01022,1.50587,-3,-3,1.5
159.092,-2.99295,-3.0102,1.50589,-3,-3,1.5
159.102,-2.99285,-3.01019,1.50592,-3,-3,1.5
159.112,-2.99275,-3.01017,1.50595,-3,-3,1.5
159.122,-2.99264,-3.01016,1.50596,-3,-3,1.5
159.132,-2.99253,-3.01014,1.50597,-3,-3,1.5
159.142,-2.99243,-3.01012,1.50598,-3,-3,1.5
159.152,-2.99232,-3.0101,1.50598,-3,-3,1.5
159.162,-2.9922,-3.01009,1.506,-3,-3,1.5
159.172,-2.99209,-3.01007,1.50602,-3,-3,1.5
159.182,-2.99198,-3.01005,1.50605,-3,-3,1.5
159.192,-2.99187,-3.01003,1.50607,-3,-3,1.5
159.202,-2.99176,-3.01002,1.50611,-3,-3,1.5
159.212,-2.99164,-3.01,1.50617,-3,-3,1.5
159.222,-2.99153,-3.00999,1.50622,-3,-3,1.5
159.232,-2.99141,-3.00998,1.50626,-3,-3,1.5
159.242,-2.9913,-3.00998,1.5063,-3,-3,1.5
159.252,-2.99118,-3.00997,1.50635,-3,-3,1.5
159.262,-2.99106,-3.00997,1.50639,-3,-3,1.5
159.272,-2.99094,-3.00997,1.50643,-3,-3,1.5
159.282,-2.99082,-3.00997,1.50646,-3,-3,1.5
159.292,-2.9907,-3.00996,1.50649,-3,-3,1.5
159.302,-2.99058,-3.00996,1.5065,-3,-3,1.5
159.312,-2.99046,-3.00996,1.50652,-3,-3,1.5
159.322,-2.99034,-3.00996,1.50653,-3,-3,1.5
159.332,-2.99022,-3.00996,1.50654,-3,-3,1.5
159.342,-2.9901,-3.00996,1.50655,-3,-3,1.5
159.352,-2.98998,-3.00996,1.50656,-3,-3,1.5
159.362,-2.98986,-3.00996,1.50657,-3,-3,1.5
159.372,-2.98974,-3.00996,1.50659,-3,-3,1.5
159.382,-2.98962,-3.00996,1.50661,-3,-3,1.5
159.392,-2.9895,-3.00996,1.50663,-3,-3,1.5
159.402,-2.98938,-3.00996,1.50665,-3,-3,1.5
159.412,-2.98926,-3.00995,1.50669,-3,-3,1.5
159.422,-2.98914,-3.00995,1.50671,-3,-3,1.5
159.432,-2.98902,-3.00995,1.50673,-3,-3,1.5
159.442,-2.98891,-3.00995,1.50674,-3,-3,1.5
159.452,-2.98879,-3.00995,1.50675,-3,-3,1.5
159.462,-2.98867,-3.00994,1.50677,-3,-3,1.5
159.472,-2.98855,-3.00994,1.50679,-3,-3,1.5
159.482,-2.98843,-3.00993,1.50682,-3,-3,1.5
159.492,-2.98831,-3.00993,1.50684,-3,-3,1.5
159.502,-2.98819,-3.00993,1.50687,-3,-3,1.5
159.512,-2.98807,-3.00992,1.50691,-3,-3,1.5
159.522,-2.98795,-3.00991,1.50694,-3,-3,1.5
159.532,-2.98783,-3.00991,1.50697,-3,-3,1.5
159.542,-2.98771,-3.0099,1.50698,-3,-3,1.5
159.552,-2.98759,-3.00989,1.507,-3,-3,1.5
159.562,-2.98747,-3.00989,1.50704,-3,-3,1.5
159.572,-2.98735,-3.00988,1.50707,-3,-3,1.5
159.582,-2.98723,-3.00987,1.50707,-3,-3,1.5
159.592,-2.98711,-3.00986,1.50706,-3,-3,1.5
159.602,-2.98699,-3.00985,1.50705,-3,-3,1.5
159.612,-2.98688,-3.00984,1.50703,-3,-3,1.5
159.622,-2.98677,-3.00984,1.50703,-3,-3,1.5
159.632,-2.98666,-3.00983,1.50701,-3,-3,1.5
159.642,-2.98656,-3.00983,1.50698,-3,-3,1.5
159.652,-2.98645,-3.00983,1.50693,-3,-3,1.5
159.662,-2.98636,-3.00983,1.50687,-3,-3,1.5
159.672,-2.98626,-3.00983,1.50681,-3,-3,1.5
159.682,-2.98617,-3.00983,1.50673,-3,-3,1.5
159.692,-2.98608,-3.00983,1.50658,-3,-3,1.5
159.702,-2.986,-3.00984,1.50647,-3,-3,1.5
159.712,-2.98592,-3.00984,1.50652,-3,-3,1.5
159.721,-2.98584,-3.00984,1.50662,-3,-3,1.5
159.731,-2.98577,-3.00984,1.50667,-3,-3,1.5
159.741,-2.98569,-3.00983,1.5067,-3,-3,1.5
159.751,-2.98562,-3.00982,1.50673,-3,-3,1.5
159.761,-2.98555,-3.00981,1.50676,-3,-3,1.5
159.771,-2.98548,-3.0098,1.50678,-3,-3,1.5
159.781,-2.98541,-3.00979,1.5068,-3,-3,1.5
159.791,-2.98533,-3.00977,1.50683,-3,-3,1.5
159.801,-2.98526,-3.00976,1.50685,-3,-3,1.5
159.811,-2.98519,-3.00974,1.50688,-3,-3,1.5
159.821,-2.98512,-3.00972,1.50691,-3,-3,1.5
159.831,-2.98505,-3.0097,1.50692,-3,-3,1.5
159.841,-2.98497,-3.00968,1.50694,-3,-3,1.5
159.851,-2.9849,-3.00966,1.50696,-3,-3,1.5
159.861,-2.98482,-3.00964,1.50698,-3,-3,1.5
159.871,-2.98474,-3.00962,1.50702,-3,-3,1.5
159.881,-2.98466,-3.0096,1.50707,-3,-3,1.5
159.891,-2.98458,-3.00957,1.50712,-3,-3,1.5
159.901,-2.9845,-3.00955,1.50717,-3,-3,1.5
159.911,-2.98442,-3.00953,1.50721,-3,-3,1.5
159.921,-2.98433,-3.00951,1.50724,-3,-3,1.5
159.931,-2.98424,-3.00948,1.50726,-3,-3,1.5
159.941,-2.98415,-3.00946,1.50728,-3,-3,1.5
159.951,-2.98406,-3.00944,1.5073,-3,-3,1.5
159.961,-2.98397,-3.00942,1.50731,-3,-3,1.5
159.971,-2.98388,-3.00939,1.50733,-3,-3,1.5
159.981,-2.98379,-3.00937,1.50734,-3,-3,1.5
159.991,-2.98369,-3.00935,1.50735,-3,-3,1.5
160.001,-2.9836,-3.00933,1.50738,-3,-3,1.5
160.011,-2.9835,-3.00931,1.5074,-3,-3,1.5
160.021,-2.9834,-3.00929,1.50744,-3,-3,1.5
160.031,-2.9833,-3.00927,1.50747,-3,-3,1.5
160.041,-2.9832,-3.00925,1.50749,-3,-3,1.5
160.051,-2.9831,-3.00923,1.5075,-3,-3,1.5
160.061,-2.983,-3.00921,1.50752,-3,-3,1.5
160.071,-2.9829,-3.00919,1.50753,-3,-3,1.5
160.081,-2.9828,-3.00917,1.50754,-3,-3,1.5
160.091,-2.98269,-3.00915,1.50757,-3,-3,1.5
160.101,-2.98259,-3.00913,1.5076,-3,-3,1.5
160.111,-2.98248,-3.00911,1.50764,-3,-3,1.5
160.121,-2.98238,-3.00909,1.50767,-3,-3,1.5
160.131,-2.98227,-3.00907,1.5077,-3,-3,1.5
160.141,-2.98217,-3.00905,1.50772,-3,-3,1.5
160.151,-2.98206,-3.00903,1.50775,-3,-3,1.5
160.161,-2.98196,-3.00901,1.50777,-3,-3,1.5
160.171,-2.98185,-3.00899,1.50778,-3,-3,1.5
160.181,-2.98175,-3.00897,1.50779,-3,-3,1.5
160.191,-2.98165,-3.00896,1.5078,-3,-3,1.5
160.201,-2.98154,-3.00894,1.5078,-3,-3,1.5
160.211,-2.98144,-3.00892,1.50781,-3,-3,1.5
160.221,-2.98134,-3.0089,1.50782,-3,-3,1.5
160.231,-2.98124,-3.00888,1.50783,-3,-3,1.5
160.241,-2.98114,-3.00886,1.50784,-3,-3,1.5
160.251,-2.98103,-3.00884,1.50785,-3,-3,1.5
160.261,-2.98093,-3.00883,1.50784,-3,-3,1.5
160.271,-2.98083,-3.00881,1.50785,-3,-3,1.5
160.281,-2.98073,-3.00879,1.50785,-3,-3,1.5
160.291,-2.98063,-3.00877,1.50785,-3,-3,1.5
160.301,-2.98052,-3.00875,1.50785,-3,-3,1.5
160.311,-2.98042,-3.00874,1.50785,-3,-3,1.5
160.321,-2.98032,-3.00872,1.50785,-3,-3,1.5
160.331,-2.98021,-3.0087,1.50785,-3,-3,1.5
160.341,-2.98011,-3.00869,1.50784,-3,-3,1.5
160.351,-2.98001,-3.00867,1.50784,-3,-3,1.5
160.361,-2.9799,-3.00865,1.50783,-3,-3,1.5
160.371,-2.9798,-3.00864,1.50782,-3,-3,1.5
160.381,-2.9797,-3.00862,1.50781,-3,-3,1.5
160.391,-2.9796,-3.00861,1.5078,-3,-3,1.5
160.401,-2.9795,-3.00859,1.50779,-3,-3,1.5
160.411,-2.97941,-3.00858,1.50778,-3,-3,1.5
160.421,-2.97931,-3.00856,1.50778,-3,-3,1.5
160.431,-2.97922,-3.00855,1.50778,-3,-3,1.5
160.441,-2.97913,-3.00853,1.50777,-3,-3,1.5
160.451,-2.97904,-3.00852,1.50777,-3,-3,1.5
160.461,-2.97895,-3.00851,1.50776,-3,-3,1.5
160.471,-2.97887,-3.0085,1.50776,-3,-3,1.5
160.481,-2.97879,-3.00849,1.50776,-3,-3,1.5
160.491,-2.97871,-3.00848,1.50776,-3,-3,1.5
160.501,-2.97863,-3.00847,1.50776,-3,-3,1.5
160.511,-2.97856,-3.00846,1.50777,-3,-3,1.5
160.521,-2.97848,-3.00845,1.50778,-3,-3,1.5
160.531,-2.97841,-3.00844,1.50779,-3,-3,1.5
160.541,-2.97834,-3.00844,1.5078,-3,-3,1.5
160.551,-2.97828,-3.00843,1.50781,-3,-3,1.5
160.561,-2.97821,-3.00842,1.50782,-3,-3,1.5
160.571,-2.97815,-3.00842,1.50783,-3,-3,1.5
160.581,-2.97808,-3.00841,1.50784,-3,-3,1.5
160.591,-2.97802,-3.00841,1.50785,-3,-3,1.5
160.601,-2.97795,-3.0084,1.50786,-3,-3,1.5
160.611,-2.97788,-3.0084,1.50786,-3,-3,1.5
160.621,-2.97782,-3.00839,1.50785,-3,-3,1.5
160.631,-2.97775,-3.00838,1.50786,-3,-3,1.5
160.641,-2.97768,-3.00838,1.50789,-3,-3,1.5
160.651,-2.97761,-3.00837,1.50791,-3,-3,1.5
160.661,-2.97754,-3.00837,1.50792,-3,-3,1.5
160.671,-2.97747,-3.00836,1.50794,-3,-3,1.5
160.681,-2.9774,-3.00836,1.50795,-3,-3,1.5
160.691,-2.97734,-3.00835,1.50797,-3,-3,1.5
160.701,-2.97727,-3.00835,1.50798,-3,-3,1.5
160.711,-2.9772,-3.00835,1.50799,-3,-3,1.5
160.721,-2.97713,-3.00834,1.50801,-3,-3,1.5
160.731,-2.97707,-3.00834,1.50802,-3,-3,1.5
160.741,-2.977,-3.00833,1.50803,-3,-3,1.5
160.751,-2.97694,-3.00833,1.50804,-3,-3,1.5
160.761,-2.97687,-3.00832,1.50805,-3,-3,1.5
160.771,-2.97681,-3.00832,1.50806,-3,-3,1.5
160.781,-2.97675,-3.00831,1.50807,-3,-3,1.5
160.791,-2.97668,-3.0083,1.50808,-3,-3,1.5
160.801,-2.97662,-3.00829,1.5081,-3,-3,1.5
160.811,-2.97655,-3.00829,1.50812,-3,-3,1.5
160.821,-2.97649,-3.00828,1.50813,-3,-3,1.5
160.831,-2.97642,-3.00827,1.50814,-3,-3,1.5
160.841,-2.97635,-3.00826,1.50814,-3,-3,1.5
160.851,-2.97629,-3.00825,1.50814,-3,-3,1.5
160.861,-2.97622,-3.00824,1.50814,-3,-3,1.5
160.871,-2.97615,-3.00823,1.50813,-3,-3,1.5
160.881,-2.97608,-3.00822,1.50813,-3,-3,1.5
160.891,-2.97601,-3.00821,1.50813,-3,-3,1.5
160.901,-2.97594,-3.0082,1.50812,-3,-3,1.5
160.911,-2.97587,-3.00819,1.50811,-3,-3,1.5
160.921,-2.9758,-3.00818,1.5081,-3,-3,1.5
160.931,-2.97573,-3.00816,1.50809,-3,-3,1.5
160.941,-2.97567,-3.00815,1.50808,-3,-3,1.5
160.951,-2.9756,-3.00814,1.50807,-3,-3,1.5
160.961,-2.97553,-3.00813,1.50806,-3,-3,1.5
160.971,-2.97546,-3.00812,1.50807,-3,-3,1.5
160.981,-2.97539,-3.0081,1.50807,-3,-3,1.5
160.991,-2.97533,-3.00809,1.50807,-3,-3,1.5
161.001,-2.97527,-3.00808,1.50806,-3,-3,1.5
161.011,-2.97521,-3.00806,1.50806,-3,-3,1.5
161.021,-2.97515,-3.00805,1.50805,-3,-3,1.5
161.031,-2.9751,-3.00804,1.50804,-3,-3,1.5
161.041,-2.97505,-3.00803,1.50806,-3,-3,1.5
161.051,-2.97501,-3.00801,1.50809,-3,-3,1.5
161.061,-2.97497,-3.008,1.50813,-3,-3,1.5
161.071,-2.97494,-3.00799,1.50815,-3,-3,1.5
161.081,-2.97491,-3.00798,1.50818,-3,-3,1.5
161.091,-2.97488,-3.00797,1.50821,-3,-3,1.5
161.101,-2.97486,-3.00796,1.50824,-3,-3,1.5
161.111,-2.97484,-3.00795,1.50826,-3,-3,1.5
161.121,-2.97482,-3.00794,1.50827,-3,-3,1.5
161.131,-2.9748,-3.00793,1.50827,-3,-3,1.5
161.141,-2.97479,-3.00792,1.50827,-3,-3,1.5
161.151,-2.97478,-3.00791,1.50827,-3,-3,1.5
161.161,-2.97476,-3.0079,1.50827,-3,-3,1.5
161.171,-2.97475,-3.0079,1.50826,-3,-3,1.5
161.181,-2.97474,-3.00789,1.50826,-3,-3,1.5
161.191,-2.97473,-3.00789,1.50825,-3,-3,1.5
161.201,-2.97471,-3.00788,1.50824,-3,-3,1.5
161.211,-2.9747,-3.00788,1.50824,-3,-3,1.5
161.221,-2.97469,-3.00787,1.50824,-3,-3,1.5
161.231,-2.97467,-3.00787,1.50824,-3,-3,1.5
161.241,-2.97466,-3.00786,1.50824,-3,-3,1.5
161.251,-2.97464,-3.00786,1.50823,-3,-3,1.5
161.261,-2.97462,-3.00785,1.50823,-3,-3,1.5
161.271,-2.97461,-3.00785,1.50822,-3,-3,1.5
161.281,-2.97459,-3.00784,1.50822,-3,-3,1.5
161.291,-2.97457,-3.00784,1.50822,-3,-3,1.5
161.301,-2.97455,-3.00783,1.50822,-3,-3,1.5
161.311,-2.97453,-3.00782,1.50821,-3,-3,1.5
161.321,-2.97451,-3.00782,1.50821,-3,-3,1.5
161.331,-2.97449,-3.00781,1.5082,-3,-3,1.5
161.341,-2.97447,-3.0078,1.50818,-3,-3,1.5
161.351,-2.97445,-3.00779,1.50817,-3,-3,1.5
161.361,-2.97443,-3.00778,1.50816,-3,-3,1.5
161.371,-2.97441,-3.00777,1.50815,-3,-3,1.5
161.381,-2.97439,-3.00776,1.50813,-3,-3,1.5
161.391,-2.97437,-3.00775,1.50811,-3,-3,1.5
161.401,-2.97435,-3.00774,1.50811,-3,-3,1.5
161.411,-2.97433,-3.00773,1.50812,-3,-3,1.5
161.421,-2.97431,-3.00772,1.50813,-3,-3,1.5
161.431,-2.97429,-3.00771,1.50815,-3,-3,1.5
161.441,-2.97427,-3.0077,1.50817,-3,-3,1.5
161.451,-2.97426,-3.00769,1.50818,-3,-3,1.5
161.461,-2.97424,-3.00768,1.50818,-3,-3,1.5
161.471,-2.97423,-3.00767,1.50818,-3,-3,1.5
161.481,-2.97422,-3.00766,1.50817,-3,-3,1.5
161.491,-2.97422,-3.00766,1.50816,-3,-3,1.5
161.501,-2.97421,-3.00766,1.50816,-3,-3,1.5
161.511,-2.97422,-3.00765,1.50818,-3,-3,1.5
161.521,-2.97422,-3.00765,1.50822,-3,-3,1.5
161.531,-2.97423,-3.00766,1.50824,-3,-3,1.5
161.54,-2.97424,-3.00766,1.50826,-3,-3,1.5
161.55,-2.97426,-3.00767,1.50828,-3,-3,1.5
161.56,-2.97428,-3.00768,1.5083,-3,-3,1.5
161.57,-2.9743,-3.00769,1.50832,-3,-3,1.5
161.58,-2.97432,-3.0077,1.50833,-3,-3,1.5
161.59,-2.97435,-3.00772,1.50834,-3,-3,1.5
161.6,-2.97438,-3.00774,1.50833,-3,-3,1.5
161.61,-2.97441,-3.00776,1.50832,-3,-3,1.5
161.62,-2.97444,-3.00778,1.5083,-3,-3,1.5
161.63,-2.97447,-3.00781,1.50829,-3,-3,1.5
161.64,-2.9745,-3.00784,1.50827,-3,-3,1.5
161.65,-2.97454,-3.00787,1.50826,-3,-3,1.5
161.66,-2.97457,-3.00789,1.50824,-3,-3,1.5
161.67,-2.97461,-3.00792,1.50823,-3,-3,1.5
161.68,-2.97464,-3.00795,1.50822,-3,-3,1.5
161.69,-2.97468,-3.00799,1.5082,-3,-3,1.5
161.7,-2.97471,-3.00802,1.50819,-3,-3,1.5
161.71,-2.97475,-3.00805,1.50818,-3,-3,1.5
161.72,-2.97479,-3.00808,1.50816,-3,-3,1.5
161.73,-2.97482,-3.00811,1.50815,-3,-3,1.5
161.74,-2.97486,-3.00814,1.50815,-3,-3,1.5
161.75,-2.97489,-3.00816,1.50815,-3,-3,1.5
161.76,-2.97493,-3.00819,1.50814,-3,-3,1.5
161.77,-2.97496,-3.00822,1.50813,-3,-3,1.5
161.78,-2.975,-3.00825,1.50812,-3,-3,1.5
161.79,-2.97503,-3.00828,1.50811,-3,-3,1.5
161.8,-2.97507,-3.00832,1.50809,-3,-3,1.5
161.81,-2.97511,-3.00835,1.50807,-3,-3,1.5
161.82,-2.97515,-3.00838,1.50804,-3,-3,1.5
161.83,-2.97519,-3.00841,1.50802,-3,-3,1.5
161.84,-2.97523,-3.00844,1.508,-3,-3,1.5
161.85,-2.97527,-3.00847,1.50799,-3,-3,1.5
161.86,-2.97531,-3.00851,1.50797,-3,-3,1.5
161.87,-2.97535,-3.00854,1.50794,-3,-3,1.5
161.88,-2.9754,-3.00857,1.50792,-3,-3,1.5
161.89,-2.97545,-3.00859,1.5079,-3,-3,1.5
161.9,-2.97549,-3.00862,1.50788,-3,-3,1.5
161.91,-2.97554,-3.00865,1.50786,-3,-3,1.5
161.92,-2.97559,-3.00868,1.50782,-3,-3,1.5
161.93,-2.97564,-3.0087,1.5078,-3,-3,1.5
161.94,-2.97569,-3.00873,1.50778,-3,-3,1.5
161.95,-2.97575,-3.00875,1.50776,-3,-3,1.5
161.96,-2.9758,-3.00877,1.50775,-3,-3,1.5
161.97,-2.97585,-3.0088,1.50773,-3,-3,1.5
161.98,-2.97591,-3.00882,1.50771,-3,-3,1.5
161.99,-2.97596,-3.00884,1.50769,-3,-3,1.5
162,-2.97602,-3.00886,1.50767,-3,-3,1.5
162.01,-2.97607,-3.00888,1.50766,-3,-3,1.5
162.02,-2.97613,-3.0089,1.50765,-3,-3,1.5
162.03,-2.97619,-3.00892,1.50765,-3,-3,1.5
162.04,-2.97625,-3.00894,1.50764,-3,-3,1.5
162.05,-2.97632,-3.00895,1.50765,-3,-3,1.5
162.06,-2.97638,-3.00897,1.50765,-3,-3,1.5
162.07,-2.97645,-3.00899,1.50765,-3,-3,1.5
162.08,-2.97652,-3.009,1.50764,-3,-3,1.5
162.09,-2.97659,-3.00902,1.50763,-3,-3,1.5
162.1,-2.97666,-3.00903,1.50761,-3,-3,1.5
162.11,-2.97673,-3.00905,1.50759,-3,-3,1.5
162.12,-2.9768,-3.00906,1.50757,-3,-3,1.5
162.13,-2.97688,-3.00908,1.50754,-3,-3,1.5
162.14,-2.97696,-3.00909,1.50751,-3,-3,1.5
162.15,-2.97703,-3.0091,1.50748,-3,-3,1.5
162.16,-2.97711,-3.00912,1.50745,-3,-3,1.5
162.17,-2.97719,-3.00913,1.50742,-3,-3,1.5
162.18,-2.97728,-3.00914,1.5074,-3,-3,1.5
162.19,-2.97736,-3.00915,1.50739,-3,-3,1.5
162.2,-2.97744,-3.00916,1.50736,-3,-3,1.5
162.21,-2.97753,-3.00916,1.50733,-3,-3,1.5
162.22,-2.97761,-3.00917,1.5073,-3,-3,1.5
162.23,-2.9777,-3.00918,1.50727,-3,-3,1.5
162.24,-2.97779,-3.00918,1.50724,-3,-3,1.5
162.25,-2.97787,-3.00918,1.50721,-3,-3,1.5
162.26,-2.97796,-3.00919,1.50718,-3,-3,1.5
162.27,-2.97805,-3.00919,1.50715,-3,-3,1.5
162.28,-2.97814,-3.00919,1.50712,-3,-3,1.5
162.29,-2.97823,-3.0092,1.50709,-3,-3,1.5
162.3,-2.97831,-3.0092,1.50707,-3,-3,1.5
162.31,-2.9784,-3.0092,1.50705,-3,-3,1.5
162.32,-2.97849,-3.0092,1.50703,-3,-3,1.5
162.33,-2.97858,-3.0092,1.507,-3,-3,1.5
162.34,-2.97867,-3.0092,1.50698,-3,-3,1.5
162.35,-2.97876,-3.0092,1.50696,-3,-3,1.5
162.36,-2.97885,-3.0092,1.50694,-3,-3,1.5
162.37,-2.97894,-3.0092,1.50691,-3,-3,1.5
162.38,-2.97903,-3.0092,1.50689,-3,-3,1.5
162.39,-2.97912,-3.0092,1.50687,-3,-3,1.5
162.4,-2.9792,-3.0092,1.50684,-3,-3,1.5
162.41,-2.97929,-3.0092,1.50682,-3,-3,1.5
162.42,-2.97938,-3.00919,1.5068,-3,-3,1.5
162.43,-2.97947,-3.00919,1.50677,-3,-3,1.5
162.44,-2.97956,-3.00918,1.50675,-3,-3,1.5
162.45,-2.97965,-3.00918,1.50672,-3,-3,1.5
162.46,-2.97973,-3.00917,1.5067,-3,-3,1.5
162.47,-2.97982,-3.00917,1.50667,-3,-3,1.5
162.48,-2.9799,-3.00916,1.50665,-3,-3,1.5
162.49,-2.97999,-3.00916,1.50663,-3,-3,1.5
162.5,-2.98007,-3.00915,1.5066,-3,-3,1.5
162.51,-2.98016,-3.00914,1.50658,-3,-3,1.5
162.52,-2.98024,-3.00913,1.50656,-3,-3,1.5
162.53,-2.98033,-3.00912,1.50653,-3,-3,1.5
162.54,-2.98041,-3.00911,1.50651,-3,-3,1.5
162.55,-2.98049,-3.0091,1.50649,-3,-3,1.5
162.56,-2.98057,-3.00909,1.50646,-3,-3,1.5
162.57,-2.98065,-3.00908,1.50644,-3,-3,1.5
162.58,-2.98073,-3.00907,1.50642,-3,-3,1.5
162.59,-2.98081,-3.00906,1.50639,-3,-3,1.5
162.6,-2.98089,-3.00905,1.50637,-3,-3,1.5
162.61,-2.98097,-3.00904,1.50635,-3,-3,1.5
162.62,-2.98104,-3.00902,1.50633,-3,-3,1.5
162.63,-2.98112,-3.00901,1.5063,-3,-3,1.5
162.64,-2.98119,-3.009,1.50628,-3,-3,1.5
162.65,-2.98127,-3.00898,1.50625,-3,-3,1.5
162.66,-2.98134,-3.00897,1.50623,-3,-3,1.5
162.67,-2.98142,-3.00895,1.50621,-3,-3,1.5
162.68,-2.98149,-3.00894,1.50618,-3,-3,1.5
162.69,-2.98156,-3.00892,1.50615,-3,-3,1.5
162.7,-2.98163,-3.0089,1.50613,-3,-3,1.5
162.71,-2.98171,-3.00889,1.5061,-3,-3,1.5
162.72,-2.98178,-3.00887,1.50608,-3,-3,1.5
162.73,-2.98184,-3.00885,1.50605,-3,-3,1.5
162.74,-2.98191,-3.00883,1.50602,-3,-3,1.5
162.75,-2.98198,-3.00881,1.506,-3,-3,1.5
162.76,-2.98205,-3.00879,1.50597,-3,-3,1.5
162.77,-2.98212,-3.00877,1.50593,-3,-3,1.5
162.78,-2.98218,-3.00875,1.5059,-3,-3,1.5
162.79,-2.98225,-3.00873,1.50586,-3,-3,1.5
162.8,-2.98231,-3.00871,1.50583,-3,-3,1.5
162.81,-2.98238,-3.00868,1.50581,-3,-3,1.5
162.82,-2.98244,-3.00866,1.50578,-3,-3,1.5
162.83,-2.9825,-3.00864,1.50577,-3,-3,1.5
162.84,-2.98256,-3.00861,1.50575,-3,-3,1.5
162.85,-2.98262,-3.00859,1.50573,-3,-3,1.5
162.86,-2.98268,-3.00856,1.50571,-3,-3,1.5
162.87,-2.98274,-3.00854,1.50569,-3,-3,1.5
162.88,-2.98281,-3.00852,1.50566,-3,-3,1.5
162.89,-2.98287,-3.00849,1.50562,-3,-3,1.5
162.9,-2.98293,-3.00847,1.50558,-3,-3,1.5
162.91,-2.98299,-3.00844,1.50554,-3,-3,1.5
162.92,-2.98305,-3.00841,1.5055,-3,-3,1.5
162.93,-2.98312,-3.00839,1.50547,-3,-3,1.5
162.94,-2.98318,-3.00836,1.50544,-3,-3,1.5
162.95,-2.98325,-3.00834,1.50545,-3,-3,1.5
162.96,-2.98332,-3.00831,1.50549,-3,-3,1.5
162.97,-2.98339,-3.00828,1.50552,-3,-3,1.5
162.98,-2.98346,-3.00826,1.50555,-3,-3,1.5
162.99,-2.98353,-3.00824,1.50557,-3,-3,1.5
163,-2.98361,-3.00821,1.50559,-3,-3,1.5
163.01,-2.98369,-3.00819,1.50561,-3,-3,1.5
163.02,-2.98377,-3.00817,1.50562,-3,-3,1.5
163.03,-2.98385,-3.00815,1.50564,-3,-3,1.5
163.04,-2.98393,-3.00814,1.50569,-3,-3,1.5
163.05,-2.98402,-3.00812,1.50577,-3,-3,1.5
163.06,-2.98411,-3.00811,1.50583,-3,-3,1.5
163.07,-2.9842,-3.00809,1.50589,-3,-3,1.5
163.08,-2.98429,-3.00808,1.50596,-3,-3,1.5
163.09,-2.98438,-3.00808,1.50604,-3,-3,1.5
163.1,-2.98447,-3.00807,1.5061,-3,-3,1.5
163.11,-2.98456,-3.00807,1.50616,-3,-3,1.5
163.12,-2.98465,-3.00807,1.5062,-3,-3,1.5
163.13,-2.98474,-3.00808,1.50624,-3,-3,1.5
163.14,-2.98482,-3.00809,1.50628,-3,-3,1.5
163.15,-2.98491,-3.0081,1.50634,-3,-3,1.5
163.16,-2.985,-3.00811,1.50639,-3,-3,1.5
163.17,-2.98508,-3.00813,1.50645,-3,-3,1.5
163.18,-2.98517,-3.00816,1.50649,-3,-3,1.5
163.19,-2.98525,-3.00818,1.50652,-3,-3,1.5
163.2,-2.98534,-3.00821,1.50653,-3,-3,1.5
163.21,-2.98542,-3.00824,1.50654,-3,-3,1.5
163.22,-2.98551,-3.00827,1.50652,-3,-3,1.5
163.23,-2.98559,-3.00831,1.50649,-3,-3,1.5
163.24,-2.98567,-3.00835,1.50643,-3,-3,1.5
163.25,-2.98576,-3.00838,1.50639,-3,-3,1.5
163.26,-2.98584,-3.00842,1.5064,-3,-3,1.5
163.27,-2.98592,-3.00846,1.5064,-3,-3,1.5
163.28,-2.98601,-3.0085,1.50638,-3,-3,1.5
163.29,-2.98609,-3.00853,1.50636,-3,-3,1.5
163.3,-2.98618,-3.00856,1.50634,-3,-3,1.5
163.31,-2.98626,-3.00859,1.50631,-3,-3,1.5
163.32,-2.98635,-3.00862,1.50627,-3,-3,1.5
163.33,-2.98643,-3.00865,1.50621,-3,-3,1.5
163.34,-2.98652,-3.00868,1.50617,-3,-3,1.5
163.35,-2.9866,-3.00871,1.50616,-3,-3,1.5
163.359,-2.98669,-3.00873,1.50615,-3,-3,1.5
163.369,-2.98678,-3.00875,1.50616,-3,-3,1.5
163.379,-2.98686,-3.00877,1.50616,-3,-3,1.5
163.389,-2.98695,-3.00879,1.50614,-3,-3,1.5
163.399,-2.98704,-3.0088,1.50612,-3,-3,1.5
163.409,-2.98712,-3.00882,1.50609,-3,-3,1.5
163.419,-2.98721,-3.00883,1.50605,-3,-3,1.5
163.429,-2.98729,-3.00884,1.50603,-3,-3,1.5
163.439,-2.98738,-3.00885,1.50603,-3,-3,1.5
163.449,-2.98746,-3.00887,1.50602,-3,-3,1.5
163.459,-2.98754,-3.00888,1.50602,-3,-3,1.5
163.469,-2.98762,-3.00889,1.506,-3,-3,1.5
163.479,-2.9877,-3.0089,1.50599,-3,-3,1.5
163.489,-2.98778,-3.00891,1.50597,-3,-3,1.5
163.499,-2.98786,-3.00892,1.50595,-3,-3,1.5
163.509,-2.98794,-3.00893,1.50592,-3,-3,1.5
163.519,-2.98802,-3.00894,1.50589,-3,-3,1.5
163.529,-2.9881,-3.00895,1.50585,-3,-3,1.5
163.539,-2.98818,-3.00896,1.50582,-3,-3,1.5
163.549,-2.98826,-3.00897,1.5058,-3,-3,1.5
163.559,-2.98834,-3.00899,1.50578,-3,-3,1.5
163.569,-2.98842,-3.009,1.50576,-3,-3,1.5
163.579,-2.9885,-3.00901,1.50572,-3,-3,1.5
163.589,-2.98858,-3.00902,1.50568,-3,-3,1.5
163.599,-2.98866,-3.00902,1.50565,-3,-3,1.5
163.609,-2.98874,-3.00903,1.50562,-3,-3,1.5
163.619,-2.98882,-3.00904,1.50559,-3,-3,1.5
163.629,-2.98889,-3.00904,1.50556,-3,-3,1.5
163.639,-2.98897,-3.00905,1.50552,-3,-3,1.5
163.649,-2.98904,-3.00905,1.50548,-3,-3,1.5
163.659,-2.98912,-3.00906,1.50545,-3,-3,1.5
163.669,-2.98919,-3.00906,1.50542,-3,-3,1.5
163.679,-2.98926,-3.00906,1.50539,-3,-3,1.5
163.689,-2.98933,-3.00907,1.50536,-3,-3,1.5
163.699,-2.98941,-3.00907,1.50533,-3,-3,1.5
163.709,-2.98948,-3.00907,1.5053,-3,-3,1.5
163.719,-2.98955,-3.00907,1.50527,-3,-3,1.5
163.729,-2.98962,-3.00907,1.50525,-3,-3,1.5
163.739,-2.98969,-3.00907,1.50522,-3,-3,1.5
163.749,-2.98976,-3.00907,1.5052,-3,-3,1.5
163.759,-2.98983,-3.00906,1.50517,-3,-3,1.5
163.769,-2.9899,-3.00906,1.50512,-3,-3,1.5
163.779,-2.98997,-3.00906,1.50505,-3,-3,1.5
163.789,-2.99004,-3.00905,1.50503,-3,-3,1.5
163.799,-2.99011,-3.00905,1.50504,-3,-3,1.5
163.809,-2.99018,-3.00904,1.50504,-3,-3,1.5
163.819,-2.99025,-3.00903,1.50503,-3,-3,1.5
163.829,-2.99032,-3.00903,1.50501,-3,-3,1.5
163.839,-2.99039,-3.00902,1.50498,-3,-3,1.5
163.849,-2.99046,-3.00901,1.50495,-3,-3,1.5
163.859,-2.99053,-3.009,1.50493,-3,-3,1.5
163.869,-2.99059,-3.00899,1.5049,-3,-3,1.5
163.879,-2.99066,-3.00898,1.50487,-3,-3,1.5
163.889,-2.99072,-3.00897,1.50484,-3,-3,1.5
163.899,-2.99078,-3.00896,1.50482,-3,-3,1.5
163.909,-2.99084,-3.00894,1.50482,-3,-3,1.5
163.919,-2.9909,-3.00893,1.5048,-3,-3,1.5
163.929,-2.99095,-3.00892,1.50478,-3,-3,1.5
163.939,-2.99101,-3.00891,1.50477,-3,-3,1.5
163.949,-2.99107,-3.0089,1.50476,-3,-3,1.5
163.959,-2.99112,-3.00888,1.50474,-3,-3,1.5
163.969,-2.99118,-3.00887,1.50476,-3,-3,1.5
163.979,-2.99123,-3.00887,1.50479,-3,-3,1.5
163.989,-2.99129,-3.00886,1.5048,-3,-3,1.5
163.999,-2.99135,-3.00885,1.50484,-3,-3,1.5
164.009,-2.9914,-3.00885,1.5049,-3,-3,1.5
164.019,-2.99146,-3.00885,1.50494,-3,-3,1.5
164.029,-2.99151,-3.00885,1.50495,-3,-3,1.5
164.039,-2.99156,-3.00884,1.50495,-3,-3,1.5
164.049,-2.99161,-3.00884,1.50494,-3,-3,1.5
164.059,-2.99166,-3.00884,1.50492,-3,-3,1.5
164.069,-2.99171,-3.00884,1.5049,-3,-3,1.5
164.079,-2.99176,-3.00884,1.50488,-3,-3,1.5
164.089,-2.99181,-3.00884,1.50486,-3,-3,1.5
164.099,-2.99185,-3.00884,1.50484,-3,-3,1.5
164.109,-2.9919,-3.00884,1.50482,-3,-3,1.5
164.119,-2.99195,-3.00884,1.5048,-3,-3,1.5
164.129,-2.99199,-3.00884,1.50478,-3,-3,1.5
164.139,-2.99203,-3.00884,1.50476,-3,-3,1.5
164.149,-2.99208,-3.00884,1.50474,-3,-3,1.5
164.159,-2.99212,-3.00884,1.50472,-3,-3,1.5
164.169,-2.99216,-3.00884,1.5047,-3,-3,1.5
164.179,-2.99221,-3.00883,1.50468,-3,-3,1.5
164.189,-2.99225,-3.00883,1.50467,-3,-3,1.5
164.199,-2.99229,-3.00883,1.50466,-3,-3,1.5
164.209,-2.99233,-3.00882,1.50464,-3,-3,1.5
164.219,-2.99238,-3.00882,1.50462,-3,-3,1.5
164.229,-2.99242,-3.00881,1.50461,-3,-3,1.5
164.239,-2.99246,-3.00881,1.50459,-3,-3,1.5
164.249,-2.9925,-3.0088,1.50458,-3,-3,1.5
164.259,-2.99255,-3.0088,1.50456,-3,-3,1.5
164.269,-2.99259,-3.00879,1.50454,-3,-3,1.5
164.279,-2.99263,-3.00878,1.50452,-3,-3,1.5
164.289,-2.99268,-3.00877,1.50451,-3,-3,1.5
164.299,-2.99272,-3.00876,1.50449,-3,-3,1.5
164.309,-2.99277,-3.00875,1.50448,-3,-3,1.5
164.319,-2.99281,-3.00874,1.50447,-3,-3,1.5
164.329,-2.99286,-3.00873,1.50446,-3,-3,1.5
164.339,-2.99291,-3.00872,1.50445,-3,-3,1.5
164.349,-2.99296,-3.00871,1.50443,-3,-3,1.5
164.359,-2.993,-3.0087,1.5044,-3,-3,1.5
164.369,-2.99305,-3.00868,1.50437,-3,-3,1.5
164.379,-2.9931,-3.00867,1.50434,-3,-3,1.5
164.389,-2.99315,-3.00865,1.50432,-3,-3,1.5
164.399,-2.9932,-3.00864,1.50429,-3,-3,1.5
164.409,-2.99325,-3.00863,1.50427,-3,-3,1.5
164.419,-2.9933,-3.00861,1.50425,-3,-3,1.5
164.429,-2.99336,-3.0086,1.50423,-3,-3,1.5
164.439,-2.99341,-3.00858,1.5042,-3,-3,1.5
164.449,-2.99346,-3.00857,1.50417,-3,-3,1.5
164.459,-2.99351,-3.00855,1.50415,-3,-3,1.5
164.469,-2.99356,-3.00854,1.50413,-3,-3,1.5
164.479,-2.99361,-3.00853,1.5041,-3,-3,1.5
164.489,-2.99366,-3.00852,1.50408,-3,-3,1.5
164.499,-2.99371,-3.0085,1.50405,-3,-3,1.5
164.509,-2.99376,-3.00849,1.50403,-3,-3,1.5
164.519,-2.9938,-3.00848,1.50401,-3,-3,1.5
164.529,-2.99385,-3.00847,1.50398,-3,-3,1.5
164.539,-2.9939,-3.00846,1.50396,-3,-3,1.5
164.549,-2.99395,-3.00845,1.50394,-3,-3,1.5
164.559,-2.994,-3.00844,1.50392,-3,-3,1.5
164.569,-2.99404,-3.00843,1.5039,-3,-3,1.5
164.579,-2.99409,-3.00842,1.50388,-3,-3,1.5
164.589,-2.99414,-3.00841,1.50385,-3,-3,1.5
164.599,-2.99418,-3.0084,1.50383,-3,-3,1.5
164.609,-2.99423,-3.0084,1.50381,-3,-3,1.5
164.619,-2.99427,-3.00839,1.50378,-3,-3,1.5
164.629,-2.99432,-3.00838,1.50376,-3,-3,1.5
164.639,-2.99436,-3.00837,1.50374,-3,-3,1.5
164.649,-2.9944,-3.00837,1.50372,-3,-3,1.5
164.659,-2.99445,-3.00836,1.5037,-3,-3,1.5
164.669,-2.99449,-3.00836,1.50368,-3,-3,1.5
164.679,-2.99453,-3.00835,1.50367,-3,-3,1.5
164.689,-2.99458,-3.00834,1.50365,-3,-3,1.5
164.699,-2.99462,-3.00834,1.50363,-3,-3,1.5
164.709,-2.99466,-3.00833,1.50361,-3,-3,1.5
164.719,-2.9947,-3.00833,1.5036,-3,-3,1.5
164.729,-2.99475,-3.00832,1.50359,-3,-3,1.5
164.739,-2.99479,-3.00832,1.50358,-3,-3,1.5
164.749,-2.99483,-3.00831,1.50356,-3,-3,1.5
164.759,-2.99488,-3.00831,1.50355,-3,-3,1.5
164.769,-2.99492,-3.00831,1.50353,-3,-3,1.5
164.779,-2.99497,-3.00831,1.50351,-3,-3,1.5
164.789,-2.99502,-3.0083,1.50349,-3,-3,1.5
164.799,-2.99507,-3.0083,1.50348,-3,-3,1.5
164.809,-2.99512,-3.0083,1.50346,-3,-3,1.5
164.819,-2.99517,-3.0083,1.50344,-3,-3,1.5
164.829,-2.99523,-3.0083,1.50342,-3,-3,1.5
164.839,-2.99528,-3.0083,1.50339,-3,-3,1.5
164.849,-2.99534,-3.0083,1.50336,-3,-3,1.5
164.859,-2.9954,-3.0083,1.50334,-3,-3,1.5
164.869,-2.99546,-3.00831,1.50331,-3,-3,1.5
164.879,-2.99552,-3.00831,1.50329,-3,-3,1.5
164.889,-2.99558,-3.00832,1.50327,-3,-3,1.5
164.899,-2.99565,-3.00832,1.50326,-3,-3,1.5
164.909,-2.99572,-3.00832,1.50324,-3,-3,1.5
164.919,-2.99579,-3.00833,1.50322,-3,-3,1.5
164.929,-2.99586,-3.00834,1.50321,-3,-3,1.5
164.939,-2.99593,-3.00834,1.50319,-3,-3,1.5
164.949,-2.99601,-3.00835,1.5032,-3,-3,1.5
164.959,-2.99609,-3.00835,1.50321,-3,-3,1.5
164.969,-2.99617,-3.00836,1.50322,-3,-3,1.5
164.979,-2.99625,-3.00837,1.50324,-3,-3,1.5
164.989,-2.99633,-3.00837,1.50325,-3,-3,1.5
164.999,-2.9964,-3.00838,1.50328,-3,-3,1.5
165.009,-2.99648,-3.00838,1.50332,-3,-3,1.5
165.019,-2.99656,-3.00839,1.50335,-3,-3,1.5
165.029,-2.99663,-3.00839,1.50339,-3,-3,1.5
165.039,-2.9967,-3.0084,1.50342,-3,-3,1.5
165.049,-2.99677,-3.0084,1.50345,-3,-3,1.5
165.059,-2.99685,-3.00841,1.50349,-3,-3,1.5
165.069,-2.99692,-3.00842,1.50352,-3,-3,1.5
165.079,-2.99699,-3.00843,1.50356,-3,-3,1.5
165.089,-2.99706,-3.00844,1.5036,-3,-3,1.5
165.099,-2.99713,-3.00845,1.50364,-3,-3,1.5
165.109,-2.9972,-3.00847,1.50369,-3,-3,1.5
165.119,-2.99727,-3.00849,1.50373,-3,-3,1.5
165.129,-2.99734,-3.0085,1.50377,-3,-3,1.5
165.139,-2.9974,-3.00852,1.50381,-3,-3,1.5
165.149,-2.99747,-3.00854,1.50385,-3,-3,1.5
165.159,-2.99754,-3.00857,1.50389,-3,-3,1.5
165.169,-2.99761,-3.00859,1.50392,-3,-3,1.5
165.178,-2.99768,-3.00862,1.50396,-3,-3,1.5
165.188,-2.99776,-3.00864,1.50399,-3,-3,1.5
165.198,-2.99783,-3.00867,1.50402,-3,-3,1.5
165.208,-2.9979,-3.0087,1.50404,-3,-3,1.5
165.218,-2.99797,-3.00873,1.50407,-3,-3,1.5
165.228,-2.99805,-3.00876,1.5041,-3,-3,1.5
165.238,-2.99812,-3.0088,1.50413,-3,-3,1.5
165.248,-2.9982,-3.00883,1.50416,-3,-3,1.5
165.258,-2.99827,-3.00886,1.50419,-3,-3,1.5
165.268,-2.99835,-3.0089,1.50422,-3,-3,1.5
165.278,-2.99843,-3.00893,1.50425,-3,-3,1.5
165.288,-2.99851,-3.00897,1.50428,-3,-3,1.5
165.298,-2.99859,-3.009,1.5043,-3,-3,1.5
165.308,-2.99867,-3.00904,1.50433,-3,-3,1.5
165.318,-2.99875,-3.00907,1.50437,-3,-3,1.5
165.328,-2.99883,-3.00911,1.5044,-3,-3,1.5
165.338,-2.99891,-3.00914,1.50444,-3,-3,1.5
165.348,-2.999,-3.00918,1.50448,-3,-3,1.5
165.358,-2.99909,-3.00921,1.50453,-3,-3,1.5
165.368,-2.99917,-3.00925,1.50457,-3,-3,1.5
165.378,-2.99926,-3.00928,1.50462,-3,-3,1.5
165.388,-2.99935,-3.00932,1.50467,-3,-3,1.5
165.398,-2.99944,-3.00935,1.50472,-3,-3,1.5
165.408,-2.99953,-3.00939,1.50476,-3,-3,1.5
165.418,-2.99962,-3.00942,1.5048,-3,-3,1.5
165.428,-2.99972,-3.00946,1.50484,-3,-3,1.5
165.438,-2.99981,-3.0095,1.50487,-3,-3,1.5
165.448,-2.9999,-3.00953,1.50491,-3,-3,1.5
165.458,-2.99999,-3.00957,1.50494,-3,-3,1.5
165.468,-3.00008,-3.00961,1.50495,-3,-3,1.5
165.478,-3.00017,-3.00964,1.50496,-3,-3,1.5
165.488,-3.00026,-3.00968,1.50496,-3,-3,1.5
165.498,-3.00034,-3.00972,1.50499,-3,-3,1.5
165.508,-3.00042,-3.00976,1.50502,-3,-3,1.5
165.518,-3.0005,-3.0098,1.50505,-3,-3,1.5
165.528,-3.00057,-3.00983,1.50508,-3,-3,1.5
165.538,-3.00065,-3.00987,1.50511,-3,-3,1.5
165.548,-3.00072,-3.00991,1.50513,-3,-3,1.5
165.558,-3.00079,-3.00995,1.50516,-3,-3,1.5
165.568,-3.00086,-3.00999,1.50519,-3,-3,1.5
165.578,-3.00093,-3.01002,1.50521,-3,-3,1.5
165.588,-3.00099,-3.01006,1.50523,-3,-3,1.5
165.598,-3.00106,-3.0101,1.50525,-3,-3,1.5
165.608,-3.00112,-3.01013,1.50526,-3,-3,1.5
165.618,-3.00118,-3.01017,1.50526,-3,-3,1.5
165.628,-3.00124,-3.0102,1.50526,-3,-3,1.5
165.638,-3.0013,-3.01024,1.50526,-3,-3,1.5
165.648,-3.00135,-3.01027,1.50526,-3,-3,1.5
165.658,-3.0014,-3.0103,1.50526,-3,-3,1.5
165.668,-3.00145,-3.01034,1.50527,-3,-3,1.5
165.678,-3.0015,-3.01037,1.50529,-3,-3,1.5
165.688,-3.00154,-3.0104,1.50532,-3,-3,1.5
165.698,-3.00157,-3.01043,1.50534,-3,-3,1.5
165.708,-3.00161,-3.01046,1.50537,-3,-3,1.5
165.718,-3.00164,-3.01049,1.50539,-3,-3,1.5
165.728,-3.00167,-3.01052,1.50541,-3,-3,1.5
165.738,-3.00169,-3.01055,1.50543,-3,-3,1.5
165.748,-3.00171,-3.01057,1.50544,-3,-3,1.5
165.758,-3.00173,-3.0106,1.50545,-3,-3,1.5
165.768,-3.00175,-3.01063,1.50546,-3,-3,1.5
165.778,-3.00176,-3.01065,1.50547,-3,-3,1.5
165.788,-3.00177,-3.01068,1.50547,-3,-3,1.5
165.798,-3.00178,-3.0107,1.50548,-3,-3,1.5
165.808,-3.00178,-3.01072,1.50549,-3,-3,1.5
165.818,-3.00179,-3.01074,1.50549,-3,-3,1.5
165.828,-3.00179,-3.01077,1.5055,-3,-3,1.5
165.838,-3.00178,-3.01079,1.5055,-3,-3,1.5
165.848,-3.00178,-3.01081,1.5055,-3,-3,1.5
165.858,-3.00177,-3.01082,1.50552,-3,-3,1.5
165.868,-3.00176,-3.01084,1.50554,-3,-3,1.5
165.878,-3.00175,-3.01086,1.50556,-3,-3,1.5
165.888,-3.00173,-3.01088,1.50557,-3,-3,1.5
165.898,-3.00171,-3.01089,1.50558,-3,-3,1.5
165.908,-3.00169,-3.01091,1.50559,-3,-3,1.5
165.918,-3.00166,-3.01092,1.5056,-3,-3,1.5
165.928,-3.00164,-3.01094,1.50561,-3,-3,1.5
165.938,-3.00161,-3.01095,1.50563,-3,-3,1.5
165.948,-3.00157,-3.01096,1.50564,-3,-3,1.5
165.958,-3.00154,-3.01098,1.50566,-3,-3,1.5
165.968,-3.0015,-3.01099,1.50568,-3,-3,1.5
165.978,-3.00146,-3.011,1.50571,-3,-3,1.5
165.988,-3.00141,-3.01101,1.50574,-3,-3,1.5
165.998,-3.00137,-3.01101,1.50576,-3,-3,1.5
166.008,-3.00132,-3.01102,1.50577,-3,-3,1.5
166.018,-3.00127,-3.01103,1.50577,-3,-3,1.5
166.028,-3.00122,-3.01104,1.50577,-3,-3,1.5
166.038,-3.00116,-3.01104,1.50577,-3,-3,1.5
166.048,-3.0011,-3.01104,1.50578,-3,-3,1.5
166.058,-3.00105,-3.01105,1.50578,-3,-3,1.5
166.068,-3.00099,-3.01105,1.50579,-3,-3,1.5
166.078,-3.00092,-3.01106,1.5058,-3,-3,1.5
166.088,-3.00086,-3.01106,1.50581,-3,-3,1.5
166.098,-3.0008,-3.01106,1.50583,-3,-3,1.5
166.108,-3.00074,-3.01106,1.50585,-3,-3,1.5
166.118,-3.00067,-3.01106,1.50588,-3,-3,1.5
166.128,-3.00061,-3.01107,1.5059,-3,-3,1.5
166.138,-3.00054,-3.01107,1.50592,-3,-3,1.5
166.148,-3.00047,-3.01107,1.50596,-3,-3,1.5
166.158,-3.0004,-3.01107,1.50601,-3,-3,1.5
166.168,-3.00033,-3.01106,1.50605,-3,-3,1.5
166.178,-3.00026,-3.01106,1.50609,-3,-3,1.5
166.188,-3.00019,-3.01106,1.50614,-3,-3,1.5
166.198,-3.00011,-3.01106,1.50618,-3,-3,1.5
166.208,-3.00003,-3.01106,1.50622,-3,-3,1.5
166.218,-2.99995,-3.01106,1.50625,-3,-3,1.5
166.228,-2.99987,-3.01105,1.50629,-3,-3,1.5
166.238,-2.99979,-3.01105,1.50632,-3,-3,1.5
166.248,-2.9997,-3.01105,1.50635,-3,-3,1.5
166.258,-2.99961,-3.01104,1.50637,-3,-3,1.5
166.268,-2.99952,-3.01104,1.50638,-3,-3,1.5
166.278,-2.99943,-3.01103,1.50639,-3,-3,1.5
166.288,-2.99934,-3.01102,1.50642,-3,-3,1.5
166.298,-2.99925,-3.01102,1.50645,-3,-3,1.5
166.308,-2.99915,-3.01101,1.50649,-3,-3,1.5
166.318,-2.99906,-3.011,1.50652,-3,-3,1.5
166.328,-2.99896,-3.011,1.50654,-3,-3,1.5
166.338,-2.99887,-3.01099,1.50657,-3,-3,1.5
166.348,-2.99877,-3.01098,1.5066,-3,-3,1.5
166.358,-2.99867,-3.01097,1.50664,-3,-3,1.5
166.368,-2.99857,-3.01096,1.50669,-3,-3,1.5
166.378,-2.99847,-3.01096,1.50672,-3,-3,1.5
166.388,-2.99837,-3.01095,1.50675,-3,-3,1.5
166.398,-2.99827,-3.01094,1.50677,-3,-3,1.5
166.408,-2.99817,-3.01093,1.50678,-3,-3,1.5
166.418,-2.99806,-3.01092,1.50681,-3,-3,1.5
166.428,-2.99796,-3.01091,1.50685,-3,-3,1.5
166.438,-2.99785,-3.0109,1.50688,-3,-3,1.5
166.448,-2.99775,-3.01089,1.50689,-3,-3,1.5
166.458,-2.99764,-3.01088,1.50691,-3,-3,1.5
166.468,-2.99754,-3.01087,1.50692,-3,-3,1.5
166.478,-2.99743,-3.01086,1.50693,-3,-3,1.5
166.488,-2.99732,-3.01085,1.50695,-3,-3,1.5
166.498,-2.99721,-3.01084,1.50697,-3,-3,1.5
166.508,-2.9971,-3.01082,1.50699,-3,-3,1.5
166.518,-2.99699,-3.01081,1.50702,-3,-3,1.5
166.528,-2.99688,-3.0108,1.50704,-3,-3,1.5
166.538,-2.99676,-3.01079,1.50705,-3,-3,1.5
166.548,-2.99664,-3.01078,1.50707,-3,-3,1.5
166.558,-2.99653,-3.01077,1.50708,-3,-3,1.5
166.568,-2.99641,-3.01075,1.5071,-3,-3,1.5
166.578,-2.99629,-3.01074,1.50712,-3,-3,1.5
166.588,-2.99617,-3.01073,1.50715,-3,-3,1.5
166.598,-2.99605,-3.01071,1.50717,-3,-3,1.5
166.608,-2.99592,-3.0107,1.50721,-3,-3,1.5
166.618,-2.9958,-3.01068,1.50722,-3,-3,1.5
166.628,-2.99568,-3.01067,1.50718,-3,-3,1.5
166.638,-2.99555,-3.01066,1.50713,-3,-3,1.5
166.648,-2.99543,-3.01064,1.50709,-3,-3,1.5
166.658,-2.99531,-3.01063,1.50709,-3,-3,1.5
166.668,-2.9952,-3.01063,1.50714,-3,-3,1.5
166.678,-2.99508,-3.01063,1.50716,-3,-3,1.5
166.688,-2.99497,-3.01063,1.50718,-3,-3,1.5
166.698,-2.99486,-3.01063,1.50719,-3,-3,1.5
166.708,-2.99475,-3.01063,1.50721,-3,-3,1.5
166.718,-2.99464,-3.01064,1.50723,-3,-3,1.5
166.728,-2.99454,-3.01065,1.50726,-3,-3,1.5
166.738,-2.99443,-3.01066,1.50729,-3,-3,1.5
166.748,-2.99433,-3.01068,1.50732,-3,-3,1.5
166.758,-2.99423,-3.01069,1.50734,-3,-3,1.5
166.768,-2.99412,-3.01071,1.50738,-3,-3,1.5
166.778,-2.99402,-3.01072,1.5074,-3,-3,1.5
166.788,-2.99392,-3.01074,1.5074,-3,-3,1.5
166.798,-2.99381,-3.01075,1.50742,-3,-3,1.5
166.808,-2.9937,-3.01077,1.50745,-3,-3,1.5
166.818,-2.9936,-3.01078,1.50746,-3,-3,1.5
166.828,-2.99349,-3.0108,1.50747,-3,-3,1.5
166.838,-2.99339,-3.01081,1.5075,-3,-3,1.5
166.848,-2.99328,-3.01083,1.50751,-3,-3,1.5
166.858,-2.99318,-3.01084,1.5075,-3,-3,1.5
166.868,-2.99309,-3.01086,1.50751,-3,-3,1.5
166.878,-2.99299,-3.01087,1.50753,-3,-3,1.5
166.888,-2.99289,-3.01089,1.50755,-3,-3,1.5
166.898,-2.9928,-3.0109,1.50756,-3,-3,1.5
166.908,-2.9927,-3.01091,1.50759,-3,-3,1.5
166.918,-2.99261,-3.01092,1.50758,-3,-3,1.5
166.928,-2.99252,-3.01094,1.50756,-3,-3,1.5
166.938,-2.99243,-3.01095,1.50757,-3,-3,1.5
166.948,-2.99233,-3.01096,1.50758,-3,-3,1.5
166.958,-2.99224,-3.01097,1.5076,-3,-3,1.5
166.968,-2.99215,-3.01099,1.50761,-3,-3,1.5
166.978,-2.99206,-3.011,1.50759,-3,-3,1.5
166.988,-2.99197,-3.01102,1.50754,-3,-3,1.5
166.997,-2.99188,-3.01104,1.50749,-3,-3,1.5
167.007,-2.99179,-3.01106,1.50741,-3,-3,1.5
167.017,-2.9917,-3.01108,1.50729,-3,-3,1.5
167.027,-2.99161,-3.0111,1.50723,-3,-3,1.5
167.037,-2.99153,-3.01113,1.50723,-3,-3,1.5
167.047,-2.99144,-3.01116,1.5072,-3,-3,1.5
167.057,-2.99136,-3.0112,1.50715,-3,-3,1.5
167.067,-2.99127,-3.01123,1.50709,-3,-3,1.5
167.077,-2.99119,-3.01127,1.50706,-3,-3,1.5
167.087,-2.99111,-3.01131,1.50703,-3,-3,1.5
167.097,-2.99104,-3.01135,1.507,-3,-3,1.5
167.107,-2.99096,-3.01139,1.50696,-3,-3,1.5
167.117,-2.99089,-3.01143,1.50693,-3,-3,1.5
167.127,-2.99081,-3.01147,1.5069,-3,-3,1.5
167.137,-2.99074,-3.01152,1.50688,-3,-3,1.5
167.147,-2.99068,-3.01156,1.50687,-3,-3,1.5
167.157,-2.99061,-3.01161,1.50686,-3,-3,1.5
167.167,-2.99054,-3.01166,1.50685,-3,-3,1.5
167.177,-2.99048,-3.01171,1.50684,-3,-3,1.5
167.187,-2.99042,-3.01176,1.50686,-3,-3,1.5
167.197,-2.99035,-3.01182,1.50689,-3,-3,1.5
167.207,-2.99029,-3.01187,1.50692,-3,-3,1.5
167.217,-2.99023,-3.01193,1.50696,-3,-3,1.5
167.227,-2.99017,-3.01198,1.507,-3,-3,1.5
167.237,-2.99011,-3.01204,1.50704,-3,-3,1.5
167.247,-2.99004,-3.0121,1.50708,-3,-3,1.5
167.257,-2.98998,-3.01216,1.50711,-3,-3,1.5
167.267,-2.98992,-3.01222,1.50714,-3,-3,1.5
167.277,-2.98985,-3.01228,1.50715,-3,-3,1.5
167.287,-2.98979,-3.01234,1.50717,-3,-3,1.5
167.297,-2.98972,-3.0124,1.50719,-3,-3,1.5
167.307,-2.98966,-3.01246,1.5072,-3,-3,1.5
167.317,-2.98959,-3.01252,1.50721,-3,-3,1.5
167.327,-2.98952,-3.01257,1.50723,-3,-3,1.5
167.337,-2.98945,-3.01263,1.50724,-3,-3,1.5
167.347,-2.98938,-3.01268,1.50724,-3,-3,1.5
167.357,-2.9893,-3.01274,1.50726,-3,-3,1.5
167.367,-2.98923,-3.01279,1.5073,-3,-3,1.5
167.377,-2.98915,-3.01284,1.50734,-3,-3,1.5
167.387,-2.98907,-3.01289,1.50739,-3,-3,1.5
167.397,-2.98899,-3.01294,1.50743,-3,-3,1.5
167.407,-2.98891,-3.01299,1.50746,-3,-3,1.5
167.417,-2.98883,-3.01303,1.50748,-3,-3,1.5
167.427,-2.98875,-3.01308,1.5075,-3,-3,1.5
167.437,-2.98866,-3.01313,1.50752,-3,-3,1.5
167.447,-2.98858,-3.01318,1.50753,-3,-3,1.5
167.457,-2.9885,-3.01322,1.50755,-3,-3,1.5
167.467,-2.98841,-3.01327,1.50757,-3,-3,1.5
167.477,-2.98833,-3.01332,1.50758,-3,-3,1.5
167.487,-2.98824,-3.01336,1.5076,-3,-3,1.5
167.497,-2.98815,-3.01341,1.50761,-3,-3,1.5
167.507,-2.98807,-3.01345,1.50762,-3,-3,1.5
167.517,-2.98798,-3.0135,1.50763,-3,-3,1.5
167.527,-2.98789,-3.01354,1.50765,-3,-3,1.5
167.537,-2.9878,-3.01358,1.50766,-3,-3,1.5
167.547,-2.98771,-3.01362,1.50767,-3,-3,1.5
167.557,-2.98762,-3.01366,1.50768,-3,-3,1.5
167.567,-2.98753,-3.0137,1.50768,-3,-3,1.5
167.577,-2.98743,-3.01373,1.50768,-3,-3,1.5
167.587,-2.98734,-3.01377,1.50768,-3,-3,1.5
167.597,-2.98725,-3.0138,1.5077,-3,-3,1.5
167.607,-2.98715,-3.01384,1.5077,-3,-3,1.5
167.617,-2.98705,-3.01387,1.50769,-3,-3,1.5
167.627,-2.98696,-3.0139,1.50768,-3,-3,1.5
167.637,-2.98686,-3.01393,1.50767,-3,-3,1.5
167.647,-2.98676,-3.01396,1.50766,-3,-3,1.5
167.657,-2.98666,-3.01399,1.50765,-3,-3,1.5
167.667,-2.98656,-3.01402,1.50765,-3,-3,1.5
167.677,-2.98646,-3.01405,1.50764,-3,-3,1.5
167.687,-2.98636,-3.01407,1.50763,-3,-3,1.5
167.697,-2.98626,-3.0141,1.50763,-3,-3,1.5
167.707,-2.98615,-3.01412,1.50762,-3,-3,1.5
167.717,-2.98605,-3.01415,1.50762,-3,-3,1.5
167.727,-2.98595,-3.01417,1.50762,-3,-3,1.5
167.737,-2.98585,-3.01419,1.50761,-3,-3,1.5
167.747,-2.98575,-3.01421,1.50761,-3,-3,1.5
167.757,-2.98565,-3.01423,1.5076,-3,-3,1.5
167.767,-2.98555,-3.01425,1.5076,-3,-3,1.5
167.777,-2.98545,-3.01426,1.50759,-3,-3,1.5
167.787,-2.98535,-3.01428,1.50759,-3,-3,1.5
167.797,-2.98526,-3.01429,1.50759,-3,-3,1.5
167.807,-2.98516,-3.01431,1.50758,-3,-3,1.5
167.817,-2.98507,-3.01432,1.50758,-3,-3,1.5
167.827,-2.98499,-3.01433,1.50757,-3,-3,1.5
167.837,-2.9849,-3.01435,1.50756,-3,-3,1.5
167.847,-2.98482,-3.01436,1.50754,-3,-3,1.5
167.857,-2.98475,-3.01437,1.50753,-3,-3,1.5
167.867,-2.98467,-3.01438,1.50752,-3,-3,1.5
167.877,-2.9846,-3.01439,1.5075,-3,-3,1.5
167.887,-2.98454,-3.0144,1.50748,-3,-3,1.5
167.897,-2.98448,-3.01441,1.50746,-3,-3,1.5
167.907,-2.98442,-3.01442,1.50745,-3,-3,1.5
167.917,-2.98437,-3.01443,1.50747,-3,-3,1.5
167.927,-2.98433,-3.01443,1.50752,-3,-3,1.5
167.937,-2.98429,-3.01444,1.50755,-3,-3,1.5
167.947,-2.98425,-3.01445,1.50758,-3,-3,1.5
167.957,-2.98422,-3.01445,1.5076,-3,-3,1.5
167.967,-2.98419,-3.01446,1.50763,-3,-3,1.5
167.977,-2.98416,-3.01446,1.50766,-3,-3,1.5
167.987,-2.98414,-3.01447,1.50769,-3,-3,1.5
167.997,-2.98412,-3.01448,1.50771,-3,-3,1.5
168.007,-2.98409,-3.01448,1.50773,-3,-3,1.5
168.017,-2.98408,-3.01449,1.50774,-3,-3,1.5
168.027,-2.98406,-3.01449,1.50775,-3,-3,1.5
168.037,-2.98404,-3.0145,1.50775,-3,-3,1.5
168.047,-2.98402,-3.0145,1.50775,-3,-3,1.5
168.057,-2.98401,-3.01451,1.50775,-3,-3,1.5
168.067,-2.98399,-3.01452,1.50775,-3,-3,1.5
168.077,-2.98398,-3.01452,1.50775,-3,-3,1.5
168.087,-2.98396,-3.01453,1.50774,-3,-3,1.5
168.097,-2.98394,-3.01454,1.50773,-3,-3,1.5
168.107,-2.98392,-3.01454,1.50772,-3,-3,1.5
168.117,-2.98391,-3.01455,1.5077,-3,-3,1.5
168.127,-2.98389,-3.01455,1.50769,-3,-3,1.5
168.137,-2.98387,-3.01456,1.50768,-3,-3,1.5
168.147,-2.98384,-3.01457,1.50765,-3,-3,1.5
168.157,-2.98382,-3.01457,1.50762,-3,-3,1.5
168.167,-2.9838,-3.01458,1.5076,-3,-3,1.5
168.177,-2.98378,-3.01458,1.50757,-3,-3,1.5
168.187,-2.98375,-3.01458,1.50755,-3,-3,1.5
168.197,-2.98373,-3.01459,1.50754,-3,-3,1.5
168.207,-2.9837,-3.01459,1.50751,-3,-3,1.5
168.217,-2.98368,-3.01459,1.50749,-3,-3,1.5
168.227,-2.98365,-3.01459,1.50747,-3,-3,1.5
168.237,-2.98363,-3.01459,1.50745,-3,-3,1.5
168.247,-2.9836,-3.01459,1.50742,-3,-3,1.5
168.257,-2.98358,-3.01459,1.5074,-3,-3,1.5
168.267,-2.98355,-3.01459,1.50738,-3,-3,1.5
168.277,-2.98353,-3.01459,1.50736,-3,-3,1.5
168.287,-2.98351,-3.01459,1.50734,-3,-3,1.5
168.297,-2.98349,-3.01459,1.50732,-3,-3,1.5
168.307,-2.98348,-3.01458,1.50731,-3,-3,1.5
168.317,-2.98347,-3.01458,1.50729,-3,-3,1.5
168.327,-2.98346,-3.01458,1.50727,-3,-3,1.5
168.337,-2.98345,-3.01458,1.50727,-3,-3,1.5
168.347,-2.98345,-3.01457,1.50729,-3,-3,1.5
168.357,-2.98345,-3.01457,1.50729,-3,-3,1.5
168.367,-2.98346,-3.01457,1.50728,-3,-3,1.5
168.377,-2.98346,-3.01457,1.50726,-3,-3,1.5
168.387,-2.98347,-3.01457,1.50724,-3,-3,1.5
168.397,-2.98348,-3.01457,1.50722,-3,-3,1.5
168.407,-2.98349,-3.01458,1.5072,-3,-3,1.5
168.417,-2.9835,-3.01458,1.50718,-3,-3,1.5
168.427,-2.98351,-3.01458,1.50715,-3,-3,1.5
168.437,-2.98352,-3.01458,1.50713,-3,-3,1.5
168.447,-2.98353,-3.01459,1.5071,-3,-3,1.5
168.457,-2.98355,-3.01459,1.50707,-3,-3,1.5
168.467,-2.98356,-3.01459,1.50705,-3,-3,1.5
168.477,-2.98356,-3.0146,1.50702,-3,-3,1.5
168.487,-2.98357,-3.0146,1.50699,-3,-3,1.5
168.497,-2.98358,-3.01461,1.50697,-3,-3,1.5
168.507,-2.98358,-3.01461,1.50698,-3,-3,1.5
168.517,-2.98359,-3.01462,1.50697,-3,-3,1.5
168.527,-2.98359,-3.01462,1.50694,-3,-3,1.5
168.537,-2.9836,-3.01463,1.50692,-3,-3,1.5
168.547,-2.9836,-3.01463,1.50688,-3,-3,1.5
168.557,-2.98361,-3.01463,1.50685,-3,-3,1.5
168.567,-2.98362,-3.01463,1.50682,-3,-3,1.5
168.577,-2.98363,-3.01464,1.50679,-3,-3,1.5
168.587,-2.98364,-3.01464,1.50674,-3,-3,1.5
168.597,-2.98366,-3.01464,1.5067,-3,-3,1.5
168.607,-2.98367,-3.01464,1.50666,-3,-3,1.5
168.617,-2.98369,-3.01465,1.50663,-3,-3,1.5
168.627,-2.98372,-3.01465,1.5066,-3,-3,1.5
168.637,-2.98374,-3.01465,1.50658,-3,-3,1.5
168.647,-2.98377,-3.01465,1.50656,-3,-3,1.5
168.657,-2.9838,-3.01465,1.50655,-3,-3,1.5
168.667,-2.98383,-3.01466,1.50653,-3,-3,1.5
168.677,-2.98387,-3.01466,1.50651,-3,-3,1.5
168.687,-2.98391,-3.01466,1.50649,-3,-3,1.5
168.697,-2.98395,-3.01466,1.50647,-3,-3,1.5
168.707,-2.984,-3.01467,1.50645,-3,-3,1.5
168.717,-2.98405,-3.01467,1.50643,-3,-3,1.5
168.727,-2.9841,-3.01467,1.50642,-3,-3,1.5
168.737,-2.98415,-3.01468,1.50642,-3,-3,1.5
168.747,-2.98421,-3.01469,1.50644,-3,-3,1.5
168.757,-2.98427,-3.01469,1.50645,-3,-3,1.5
168.767,-2.98433,-3.0147,1.50644,-3,-3,1.5
168.777,-2.9844,-3.0147,1.50642,-3,-3,1.5
168.787,-2.98446,-3.01471,1.5064,-3,-3,1.5
168.797,-2.98452,-3.01471,1.50638,-3,-3,1.5
168.807,-2.98459,-3.01472,1.50635,-3,-3,1.5
168.816,-2.98465,-3.01472,1.50631,-3,-3,1.5
168.826,-2.98471,-3.01472,1.50628,-3,-3,1.5
168.836,-2.98477,-3.01472,1.50626,-3,-3,1.5
168.846,-2.98483,-3.01472,1.50626,-3,-3,1.5
168.856,-2.98489,-3.01472,1.50627,-3,-3,1.5
168.866,-2.98495,-3.01472,1.5063,-3,-3,1.5
168.876,-2.98501,-3.01472,1.5063,-3,-3,1.5
168.886,-2.98506,-3.01471,1.50629,-3,-3,1.5
168.896,-2.98512,-3.01471,1.50627,-3,-3,1.5
168.906,-2.98518,-3.01471,1.50624,-3,-3,1.5
168.916,-2.98523,-3.0147,1.50622,-3,-3,1.5
168.926,-2.98529,-3.0147,1.50619,-3,-3,1.5
168.936,-2.98535,-3.0147,1.50616,-3,-3,1.5
168.946,-2.9854,-3.01469,1.50613,-3,-3,1.5
168.956,-2.98546,-3.01469,1.50611,-3,-3,1.5
168.966,-2.98551,-3.01468,1.50608,-3,-3,1.5
168.976,-2.98557,-3.01467,1.50604,-3,-3,1.5
168.986,-2.98562,-3.01467,1.506,-3,-3,1.5
168.996,-2.98568,-3.01466,1.50596,-3,-3,1.5
169.006,-2.98573,-3.01465,1.50592,-3,-3,1.5
169.016,-2.98579,-3.01464,1.50588,-3,-3,1.5
169.026,-2.98584,-3.01463,1.50584,-3,-3,1.5
169.036,-2.9859,-3.01462,1.50581,-3,-3,1.5
169.046,-2.98596,-3.01461,1.50578,-3,-3,1.5
169.056,-2.98602,-3.0146,1.50578,-3,-3,1.5
169.066,-2.98608,-3.01459,1.50582,-3,-3,1.5
169.076,-2.98614,-3.01458,1.50585,-3,-3,1.5
169.086,-2.9862,-3.01457,1.50585,-3,-3,1.5
169.096,-2.98626,-3.01456,1.50582,-3,-3,1.5
169.106,-2.98633,-3.01455,1.5058,-3,-3,1.5
169.116,-2.98639,-3.01453,1.50577,-3,-3,1.5
169.126,-2.98645,-3.01452,1.50575,-3,-3,1.5
169.136,-2.98652,-3.01451,1.50573,-3,-3,1.5
169.146,-2.98658,-3.0145,1.50573,-3,-3,1.5
169.156,-2.98665,-3.01449,1.50576,-3,-3,1.5
169.166,-2.98671,-3.01447,1.50581,-3,-3,1.5
169.176,-2.98678,-3.01446,1.50582,-3,-3,1.5
169.186,-2.98685,-3.01445,1.50582,-3,-3,1.5
169.196,-2.98692,-3.01444,1.5058,-3,-3,1.5
169.206,-2.98698,-3.01442,1.50579,-3,-3,1.5
169.216,-2.98705,-3.01441,1.50578,-3,-3,1.5
169.226,-2.98712,-3.0144,1.50576,-3,-3,1.5
169.236,-2.9872,-3.01438,1.50577,-3,-3,1.5
169.246,-2.98727,-3.01437,1.5058,-3,-3,1.5
169.256,-2.98734,-3.01436,1.50582,-3,-3,1.5
169.266,-2.98742,-3.01435,1.50581,-3,-3,1.5
169.276,-2.98749,-3.01435,1.5058,-3,-3,1.5
169.286,-2.98757,-3.01434,1.50578,-3,-3,1.5
169.296,-2.98765,-3.01433,1.50576,-3,-3,1.5
169.306,-2.98773,-3.01433,1.50573,-3,-3,1.5
169.316,-2.9878,-3.01433,1.50569,-3,-3,1.5
169.326,-2.98788,-3.01432,1.50565,-3,-3,1.5
169.336,-2.98796,-3.01432,1.50562,-3,-3,1.5
169.346,-2.98804,-3.01432,1.50556,-3,-3,1.5
169.356,-2.98812,-3.01431,1.50553,-3,-3,1.5
169.366,-2.98821,-3.01431,1.50557,-3,-3,1.5
169.376,-2.98829,-3.01431,1.50564,-3,-3,1.5
169.386,-2.98837,-3.0143,1.50569,-3,-3,1.5
169.396,-2.98845,-3.01429,1.50572,-3,-3,1.5
169.406,-2.98853,-3.01429,1.50575,-3,-3,1.5
169.416,-2.9886,-3.01428,1.50576,-3,-3,1.5
169.426,-2.98868,-3.01426,1.50577,-3,-3,1.5
169.436,-2.98876,-3.01425,1.50574,-3,-3,1.5
169.446,-2.98883,-3.01424,1.50571,-3,-3,1.5
169.456,-2.98891,-3.01422,1.50567,-3,-3,1.5
169.466,-2.98898,-3.0142,1.50564,-3,-3,1.5
169.476,-2.98905,-3.01419,1.5056,-3,-3,1.5
169.486,-2.98912,-3.01417,1.50557,-3,-3,1.5
169.496,-2.98919,-3.01415,1.50554,-3,-3,1.5
169.506,-2.98926,-3.01413,1.50551,-3,-3,1.5
169.516,-2.98933,-3.01411,1.50549,-3,-3,1.5
169.526,-2.98939,-3.01408,1.50546,-3,-3,1.5
169.536,-2.98946,-3.01406,1.50544,-3,-3,1.5
169.546,-2.98953,-3.01404,1.50542,-3,-3,1.5
169.556,-2.98959,-3.01401,1.5054,-3,-3,1.5
169.566,-2.98966,-3.01399,1.50538,-3,-3,1.5
169.576,-2.98972,-3.01396,1.50536,-3,-3,1.5
169.586,-2.98978,-3.01394,1.50535,-3,-3,1.5
169.596,-2.98984,-3.01392,1.50533,-3,-3,1.5
169.606,-2.98991,-3.01389,1.50531,-3,-3,1.5
169.616,-2.98997,-3.01386,1.50529,-3,-3,1.5
169.626,-2.99003,-3.01384,1.5053,-3,-3,1.5
169.636,-2.99009,-3.01381,1.50534,-3,-3,1.5
169.646,-2.99016,-3.01379,1.50537,-3,-3,1.5
169.656,-2.99022,-3.01376,1.50539,-3,-3,1.5
169.666,-2.99029,-3.01374,1.5054,-3,-3,1.5
169.676,-2.99035,-3.01372,1.50543,-3,-3,1.5
169.686,-2.99042,-3.01369,1.50548,-3,-3,1.5
169.696,-2.99049,-3.01367,1.50552,-3,-3,1.5
169.706,-2.99056,-3.01365,1.50555,-3,-3,1.5
169.716,-2.99063,-3.01363,1.50556,-3,-3,1.5
169.726,-2.9907,-3.0136,1.50556,-3,-3,1.5
169.736,-2.99076,-3.01358,1.50556,-3,-3,1.5
169.746,-2.99083,-3.01356,1.50556,-3,-3,1.5
169.756,-2.9909,-3.01354,1.50554,-3,-3,1.5
169.766,-2.99096,-3.01352,1.50551,-3,-3,1.5
169.776,-2.99103,-3.01349,1.50548,-3,-3,1.5
169.786,-2.99109,-3.01347,1.50545,-3,-3,1.5
169.796,-2.99116,-3.01345,1.50544,-3,-3,1.5
169.806,-2.99122,-3.01343,1.50545,-3,-3,1.5
169.816,-2.99128,-3.01341,1.50546,-3,-3,1.5
169.826,-2.99134,-3.01338,1.50549,-3,-3,1.5
169.836,-2.99141,-3.01336,1.50554,-3,-3,1.5
169.846,-2.99148,-3.01333,1.50559,-3,-3,1.5
169.856,-2.99154,-3.01331,1.50565,-3,-3,1.5
169.866,-2.99161,-3.01328,1.50573,-3,-3,1.5
169.876,-2.99169,-3.01325,1.50585,-3,-3,1.5
169.886,-2.99176,-3.01323,1.50595,-3,-3,1.5
169.896,-2.99184,-3.0132,1.50599,-3,-3,1.5
169.906,-2.99191,-3.01317,1.50601,-3,-3,1.5
169.916,-2.99199,-3.01314,1.50602,-3,-3,1.5
169.926,-2.99207,-3.01311,1.50601,-3,-3,1.5
169.936,-2.99216,-3.01308,1.50599,-3,-3,1.5
169.946,-2.99224,-3.01305,1.50597,-3,-3,1.5
169.956,-2.99232,-3.01302,1.50594,-3,-3,1.5
169.966,-2.9924,-3.01299,1.50591,-3,-3,1.5
169.976,-2.99248,-3.01296,1.50588,-3,-3,1.5
169.986,-2.99256,-3.01293,1.50584,-3,-3,1.5
169.996,-2.99264,-3.01289,1.50581,-3,-3,1.5
170.006,-2.99272,-3.01286,1.50577,-3,-3,1.5
170.016,-2.9928,-3.01283,1.50574,-3,-3,1.5
170.026,-2.99288,-3.0128,1.50571,-3,-3,1.5
170.036,-2.99295,-3.01276,1.50568,-3,-3,1.5
170.046,-2.99303,-3.01273,1.50565,-3,-3,1.5
170.056,-2.9931,-3.01269,1.50562,-3,-3,1.5
170.066,-2.99317,-3.01266,1.50559,-3,-3,1.5
170.076,-2.99324,-3.01263,1.50556,-3,-3,1.5
170.086,-2.9933,-3.01259,1.50552,-3,-3,1.5
170.096,-2.99337,-3.01256,1.50549,-3,-3,1.5
170.106,-2.99343,-3.01252,1.50546,-3,-3,1.5
170.116,-2.99349,-3.01249,1.50543,-3,-3,1.5
170.126,-2.99354,-3.01245,1.5054,-3,-3,1.5
170.136,-2.9936,-3.01242,1.50537,-3,-3,1.5
170.146,-2.99365,-3.01238,1.50534,-3,-3,1.5
170.156,-2.99371,-3.01235,1.50532,-3,-3,1.5
170.166,-2.99376,-3.01231,1.5053,-3,-3,1.5
170.176,-2.99381,-3.01227,1.50528,-3,-3,1.5
170.186,-2.99386,-3.01224,1.50526,-3,-3,1.5
170.196,-2.99391,-3.0122,1.50523,-3,-3,1.5
170.206,-2.99396,-3.01216,1.50521,-3,-3,1.5
170.216,-2.994,-3.01213,1.50519,-3,-3,1.5
170.226,-2.99405,-3.01209,1.50517,-3,-3,1.5
170.236,-2.9941,-3.01205,1.50514,-3,-3,1.5
170.246,-2.99415,-3.01202,1.50512,-3,-3,1.5
170.256,-2.99419,-3.01198,1.5051,-3,-3,1.5
170.266,-2.99424,-3.01194,1.50507,-3,-3,1.5
170.276,-2.99429,-3.01191,1.50504,-3,-3,1.5
170.286,-2.99434,-3.01187,1.50502,-3,-3,1.5
170.296,-2.99439,-3.01183,1.505,-3,-3,1.5
170.306,-2.99444,-3.0118,1.50498,-3,-3,1.5
170.316,-2.99449,-3.01176,1.50496,-3,-3,1.5
170.326,-2.99454,-3.01172,1.50494,-3,-3,1.5
170.336,-2.99459,-3.01168,1.50492,-3,-3,1.5
170.346,-2.99465,-3.01165,1.50491,-3,-3,1.5
170.356,-2.9947,-3.01161,1.50489,-3,-3,1.5
170.366,-2.99476,-3.01157,1.50487,-3,-3,1.5
170.376,-2.99482,-3.01153,1.50486,-3,-3,1.5
170.386,-2.99488,-3.01149,1.50484,-3,-3,1.5
170.396,-2.99494,-3.01145,1.50482,-3,-3,1.5
170.406,-2.995,-3.01141,1.5048,-3,-3,1.5
170.416,-2.99506,-3.01137,1.50479,-3,-3,1.5
170.426,-2.99512,-3.01133,1.50477,-3,-3,1.5
170.436,-2.99519,-3.01129,1.50475,-3,-3,1.5
170.446,-2.99525,-3.01124,1.50474,-3,-3,1.5
170.456,-2.99532,-3.0112,1.50473,-3,-3,1.5
170.466,-2.99539,-3.01116,1.50471,-3,-3,1.5
170.476,-2.99546,-3.01112,1.5047,-3,-3,1.5
170.486,-2.99553,-3.01107,1.50469,-3,-3,1.5
170.496,-2.9956,-3.01103,1.50469,-3,-3,1.5
170.506,-2.99567,-3.01099,1.50468,-3,-3,1.5
170.516,-2.99574,-3.01094,1.50468,-3,-3,1.5
170.526,-2.99581,-3.0109,1.50467,-3,-3,1.5
170.536,-2.99588,-3.01086,1.50467,-3,-3,1.5
170.546,-2.99595,-3.01081,1.50466,-3,-3,1.5
170.556,-2.99602,-3.01077,1.50466,-3,-3,1.5
170.566,-2.99609,-3.01073,1.50465,-3,-3,1.5
170.576,-2.99616,-3.01068,1.50464,-3,-3,1.5
170.586,-2.99622,-3.01064,1.50464,-3,-3,1.5
170.596,-2.99629,-3.01059,1.50464,-3,-3,1.5
170.606,-2.99636,-3.01055,1.50463,-3,-3,1.5
170.616,-2.99642,-3.01051,1.50462,-3,-3,1.5
170.626,-2.99649,-3.01046,1.50461,-3,-3,1.5
170.635,-2.99655,-3.01042,1.50461,-3,-3,1.5
170.645,-2.99662,-3.01037,1.5046,-3,-3,1.5
170.655,-2.99668,-3.01033,1.5046,-3,-3,1.5
170.665,-2.99674,-3.01028,1.50461,-3,-3,1.5
170.675,-2.9968,-3.01024,1.50463,-3,-3,1.5
170.685,-2.99686,-3.0102,1.50465,-3,-3,1.5
170.695,-2.99692,-3.01015,1.50467,-3,-3,1.5
170.705,-2.99697,-3.01011,1.50468,-3,-3,1.5
170.715,-2.99703,-3.01007,1.5047,-3,-3,1.5
170.725,-2.99708,-3.01003,1.50471,-3,-3,1.5
170.735,-2.99714,-3.00999,1.50471,-3,-3,1.5
170.745,-2.99719,-3.00995,1.50471,-3,-3,1.5
170.755,-2.99724,-3.00991,1.50471,-3,-3,1.5
170.765,-2.99729,-3.00987,1.5047,-3,-3,1.5
170.775,-2.99733,-3.00983,1.5047,-3,-3,1.5
170.785,-2.99738,-3.0098,1.5047,-3,-3,1.5
170.795,-2.99742,-3.00976,1.5047,-3,-3,1.5
170.805,-2.99746,-3.00972,1.50469,-3,-3,1.5
170.815,-2.9975,-3.00969,1.50468,-3,-3,1.5
170.825,-2.99753,-3.00965,1.50467,-3,-3,1.5
170.835,-2.99756,-3.00962,1.50468,-3,-3,1.5
170.845,-2.99759,-3.00959,1.50471,-3,-3,1.5
170.855,-2.99761,-3.00955,1.50473,-3,-3,1.5
170.865,-2.99764,-3.00952,1.50475,-3,-3,1.5
170.875,-2.99766,-3.00949,1.50477,-3,-3,1.5
170.885,-2.99768,-3.00946,1.50478,-3,-3,1.5
170.895,-2.9977,-3.00942,1.5048,-3,-3,1.5
170.905,-2.99772,-3.00939,1.50482,-3,-3,1.5
170.915,-2.99775,-3.00936,1.50483,-3,-3,1.5
170.925,-2.99777,-3.00934,1.50485,-3,-3,1.5
170.935,-2.9978,-3.00931,1.50486,-3,-3,1.5
170.945,-2.99783,-3.00928,1.50488,-3,-3,1.5
170.955,-2.99786,-3.00926,1.50489,-3,-3,1.5
170.965,-2.99789,-3.00923,1.5049,-3,-3,1.5
170.975,-2.99792,-3.00921,1.50491,-3,-3,1.5
170.985,-2.99796,-3.00919,1.50492,-3,-3,1.5
170.995,-2.998,-3.00917,1.50492,-3,-3,1.5
171.005,-2.99804,-3.00915,1.50492,-3,-3,1.5
171.015,-2.99809,-3.00914,1.50491,-3,-3,1.5
171.025,-2.99814,-3.00913,1.50491,-3,-3,1.5
171.035,-2.99819,-3.00912,1.50491,-3,-3,1.5
171.045,-2.99824,-3.00911,1.50491,-3,-3,1.5
171.055,-2.9983,-3.00911,1.50494,-3,-3,1.5
171.065,-2.99836,-3.0091,1.50498,-3,-3,1.5
171.075,-2.99842,-3.0091,1.50501,-3,-3,1.5
171.085,-2.99849,-3.0091,1.50503,-3,-3,1.5
171.095,-2.99855,-3.00911,1.50505,-3,-3,1.5
171.105,-2.99862,-3.00911,1.50507,-3,-3,1.5
171.115,-2.99868,-3.00911,1.50509,-3,-3,1.5
171.125,-2.99875,-3.00912,1.5051,-3,-3,1.5
171.135,-2.99881,-3.00913,1.50511,-3,-3,1.5
171.145,-2.99888,-3.00913,1.50511,-3,-3,1.5
171.155,-2.99894,-3.00914,1.50511,-3,-3,1.5
171.165,-2.999,-3.00915,1.5051,-3,-3,1.5
171.175,-2.99906,-3.00916,1.5051,-3,-3,1.5
171.185,-2.99911,-3.00917,1.50511,-3,-3,1.5
171.195,-2.99917,-3.00917,1.50511,-3,-3,1.5
171.205,-2.99922,-3.00918,1.50511,-3,-3,1.5
171.215,-2.99926,-3.00919,1.50512,-3,-3,1.5
171.225,-2.99931,-3.0092,1.50512,-3,-3,1.5
171.235,-2.99935,-3.00921,1.50512,-3,-3,1.5
171.245,-2.99938,-3.00922,1.50512,-3,-3,1.5
171.255,-2.99942,-3.00923,1.50512,-3,-3,1.5
171.265,-2.99945,-3.00924,1.50512,-3,-3,1.5
171.275,-2.99947,-3.00924,1.50512,-3,-3,1.5
171.285,-2.9995,-3.00925,1.50512,-3,-3,1.5
171.295,-2.99952,-3.00926,1.50512,-3,-3,1.5
171.305,-2.99953,-3.00926,1.50511,-3,-3,1.5
171.315,-2.99955,-3.00927,1.5051,-3,-3,1.5
171.325,-2.99956,-3.00927,1.5051,-3,-3,1.5
171.335,-2.99957,-3.00928,1.50509,-3,-3,1.5
171.345,-2.99957,-3.00929,1.50507,-3,-3,1.5
171.355,-2.99957,-3.00929,1.50506,-3,-3,1.5
171.365,-2.99957,-3.0093,1.50505,-3,-3,1.5
171.375,-2.99956,-3.0093,1.50504,-3,-3,1.5
171.385,-2.99955,-3.00931,1.50503,-3,-3,1.5
171.395,-2.99953,-3.00931,1.50502,-3,-3,1.5
171.405,-2.99951,-3.00932,1.50501,-3,-3,1.5
171.415,-2.99949,-3.00932,1.505,-3,-3,1.5
171.425,-2.99946,-3.00933,1.50498,-3,-3,1.5
171.435,-2.99943,-3.00934,1.50497,-3,-3,1.5
171.445,-2.9994,-3.00934,1.50495,-3,-3,1.5
171.455,-2.99936,-3.00935,1.50494,-3,-3,1.5
171.465,-2.99932,-3.00936,1.50493,-3,-3,1.5
171.475,-2.99927,-3.00936,1.50492,-3,-3,1.5
171.485,-2.99922,-3.00937,1.50491,-3,-3,1.5
171.495,-2.99917,-3.00938,1.50491,-3,-3,1.5
171.505,-2.99912,-3.00939,1.50492,-3,-3,1.5
171.515,-2.99906,-3.0094,1.50493,-3,-3,1.5
171.525,-2.999,-3.00941,1.50494,-3,-3,1.5
171.535,-2.99894,-3.00942,1.50495,-3,-3,1.5
171.545,-2.99888,-3.00943,1.50497,-3,-3,1.5
171.555,-2.99881,-3.00944,1.50499,-3,-3,1.5
171.565,-2.99875,-3.00945,1.50501,-3,-3,1.5
171.575,-2.99868,-3.00946,1.50503,-3,-3,1.5
171.585,-2.99861,-3.00947,1.50505,-3,-3,1.5
171.595,-2.99854,-3.00948,1.50507,-3,-3,1.5
171.605,-2.99847,-3.00949,1.50509,-3,-3,1.5
171.615,-2.99839,-3.00949,1.50511,-3,-3,1.5
171.625,-2.99832,-3.0095,1.50513,-3,-3,1.5
171.635,-2.99824,-3.00951,1.50515,-3,-3,1.5
171.645,-2.99816,-3.00951,1.50517,-3,-3,1.5
171.655,-2.99808,-3.00952,1.50518,-3,-3,1.5
171.665,-2.998,-3.00952,1.5052,-3,-3,1.5
171.675,-2.99792,-3.00952,1.50521,-3,-3,1.5
171.685,-2.99783,-3.00953,1.50522,-3,-3,1.5
171.695,-2.99775,-3.00953,1.50523,-3,-3,1.5
171.705,-2.99766,-3.00953,1.50525,-3,-3,1.5
171.715,-2.99757,-3.00953,1.50527,-3,-3,1.5
171.725,-2.99747,-3.00953,1.5053,-3,-3,1.5
171.735,-2.99738,-3.00953,1.50531,-3,-3,1.5
171.745,-2.99728,-3.00953,1.50533,-3,-3,1.5
171.755,-2.99718,-3.00953,1.50537,-3,-3,1.5
171.765,-2.99708,-3.00953,1.50542,-3,-3,1.5
171.775,-2.99698,-3.00953,1.50548,-3,-3,1.5
171.785,-2.99688,-3.00953,1.50552,-3,-3,1.5
171.795,-2.99677,-3.00952,1.50556,-3,-3,1.5
171.805,-2.99667,-3.00952,1.5056,-3,-3,1.5
171.815,-2.99656,-3.00952,1.50563,-3,-3,1.5
171.825,-2.99646,-3.00952,1.50565,-3,-3,1.5
171.835,-2.99635,-3.00952,1.50568,-3,-3,1.5
171.845,-2.99625,-3.00952,1.5057,-3,-3,1.5
171.855,-2.99614,-3.00952,1.50572,-3,-3,1.5
171.865,-2.99604,-3.00953,1.50574,-3,-3,1.5
171.875,-2.99593,-3.00953,1.50576,-3,-3,1.5
171.885,-2.99583,-3.00953,1.50577,-3,-3,1.5
171.895,-2.99573,-3.00953,1.50579,-3,-3,1.5
171.905,-2.99562,-3.00953,1.50582,-3,-3,1.5
171.915,-2.99552,-3.00953,1.50584,-3,-3,1.5
171.925,-2.99542,-3.00953,1.50587,-3,-3,1.5
171.935,-2.99532,-3.00953,1.50589,-3,-3,1.5
171.945,-2.99522,-3.00953,1.50592,-3,-3,1.5
171.955,-2.99513,-3.00953,1.50595,-3,-3,1.5
171.965,-2.99503,-3.00952,1.50597,-3,-3,1.5
171.975,-2.99493,-3.00952,1.506,-3,-3,1.5
171.985,-2.99484,-3.00952,1.50602,-3,-3,1.5
171.995,-2.99475,-3.00952,1.50604,-3,-3,1.5
172.005,-2.99465,-3.00951,1.50607,-3,-3,1.5
172.015,-2.99456,-3.00951,1.50608,-3,-3,1.5
172.025,-2.99447,-3.0095,1.5061,-3,-3,1.5
172.035,-2.99438,-3.0095,1.50613,-3,-3,1.5
172.045,-2.99429,-3.00949,1.50616,-3,-3,1.5
172.055,-2.9942,-3.00949,1.50619,-3,-3,1.5
172.065,-2.99411,-3.00948,1.50623,-3,-3,1.5
172.075,-2.99402,-3.00947,1.50627,-3,-3,1.5
172.085,-2.99393,-3.00947,1.50631,-3,-3,1.5
172.095,-2.99384,-3.00946,1.50635,-3,-3,1.5
172.105,-2.99374,-3.00945,1.50638,-3,-3,1.5
172.115,-2.99365,-3.00945,1.50642,-3,-3,1.5
172.125,-2.99356,-3.00944,1.50644,-3,-3,1.5
172.135,-2.99346,-3.00943,1.50646,-3,-3,1.5
172.145,-2.99336,-3.00943,1.50649,-3,-3,1.5
172.155,-2.99327,-3.00942,1.50651,-3,-3,1.5
172.165,-2.99317,-3.00941,1.50654,-3,-3,1.5
172.175,-2.99307,-3.0094,1.50657,-3,-3,1.5
172.185,-2.99297,-3.0094,1.50661,-3,-3,1.5
172.195,-2.99287,-3.00939,1.50666,-3,-3,1.5
172.205,-2.99277,-3.00938,1.50669,-3,-3,1.5
172.215,-2.99267,-3.00937,1.50671,-3,-3,1.5
172.225,-2.99257,-3.00936,1.50673,-3,-3,1.5
172.235,-2.99246,-3.00935,1.50677,-3,-3,1.5
172.245,-2.99236,-3.00934,1.50679,-3,-3,1.5
172.255,-2.99226,-3.00933,1.50676,-3,-3,1.5
172.265,-2.99215,-3.00932,1.50675,-3,-3,1.5
172.275,-2.99205,-3.00931,1.50675,-3,-3,1.5
172.285,-2.99194,-3.0093,1.50674,-3,-3,1.5
172.295,-2.99184,-3.00929,1.50674,-3,-3,1.5
172.305,-2.99173,-3.00928,1.50672,-3,-3,1.5
172.315,-2.99163,-3.00927,1.50673,-3,-3,1.5
172.325,-2.99152,-3.00927,1.50675,-3,-3,1.5
172.335,-2.99141,-3.00927,1.50674,-3,-3,1.5
172.345,-2.9913,-3.00927,1.50675,-3,-3,1.5
172.355,-2.9912,-3.00927,1.50678,-3,-3,1.5
172.365,-2.99109,-3.00927,1.50682,-3,-3,1.5
172.375,-2.99098,-3.00927,1.50686,-3,-3,1.5
172.385,-2.99088,-3.00927,1.50689,-3,-3,1.5
172.395,-2.99077,-3.00928,1.50692,-3,-3,1.5
172.405,-2.99066,-3.00929,1.50695,-3,-3,1.5
172.415,-2.99056,-3.0093,1.50698,-3,-3,1.5
172.425,-2.99045,-3.0093,1.50702,-3,-3,1.5
172.435,-2.99034,-3.00931,1.50704,-3,-3,1.5
172.445,-2.99024,-3.00932,1.50708,-3,-3,1.5
172.454,-2.99013,-3.00933,1.50711,-3,-3,1.5
172.464,-2.99002,-3.00934,1.50709,-3,-3,1.5
172.474,-2.98991,-3.00936,1.50707,-3,-3,1.5
172.484,-2.9898,-3.00937,1.50708,-3,-3,1.5
172.494,-2.9897,-3.00938,1.5071,-3,-3,1.5
172.504,-2.98959,-3.00939,1.50712,-3,-3,1.5
172.514,-2.98948,-3.0094,1.50715,-3,-3,1.5
172.524,-2.98938,-3.00941,1.50719,-3,-3,1.5
172.534,-2.98927,-3.00942,1.50723,-3,-3,1.5
172.544,-2.98917,-3.00943,1.50724,-3,-3,1.5
172.554,-2.98906,-3.00944,1.50723,-3,-3,1.5
172.564,-2.98896,-3.00945,1.50725,-3,-3,1.5
172.574,-2.98886,-3.00946,1.50727,-3,-3,1.5
172.584,-2.98876,-3.00946,1.50727,-3,-3,1.5
172.594,-2.98866,-3.00947,1.50729,-3,-3,1.5
172.604,-2.98856,-3.00948,1.50731,-3,-3,1.5
172.614,-2.98846,-3.00949,1.50732,-3,-3,1.5
172.624,-2.98837,-3.00951,1.50735,-3,-3,1.5
172.634,-2.98828,-3.00952,1.50739,-3,-3,1.5
172.644,-2.98818,-3.00953,1.50742,-3,-3,1.5
172.654,-2.98809,-3.00954,1.50743,-3,-3,1.5
172.664,-2.988,-3.00956,1.50745,-3,-3,1.5
172.674,-2.98792,-3.00957,1.50748,-3,-3,1.5
172.684,-2.98783,-3.00958,1.50751,-3,-3,1.5
172.694,-2.98774,-3.00959,1.50753,-3,-3,1.5
172.704,-2.98765,-3.00961,1.50755,-3,-3,1.5
172.714,-2.98756,-3.00962,1.50755,-3,-3,1.5
172.724,-2.98748,-3.00964,1.50752,-3,-3,1.5
172.734,-2.98739,-3.00965,1.50752,-3,-3,1.5
172.744,-2.98731,-3.00967,1.50756,-3,-3,1.5
172.754,-2.98722,-3.00969,1.50761,-3,-3,1.5
172.764,-2.98714,-3.00971,1.50764,-3,-3,1.5
172.774,-2.98706,-3.00973,1.50764,-3,-3,1.5
172.784,-2.98698,-3.00976,1.50763,-3,-3,1.5
172.794,-2.9869,-3.00979,1.50763,-3,-3,1.5
172.804,-2.98683,-3.00982,1.50763,-3,-3,1.5
172.814,-2.98675,-3.00986,1.50764,-3,-3,1.5
172.824,-2.98668,-3.00989,1.50766,-3,-3,1.5
172.834,-2.98661,-3.00993,1.50768,-3,-3,1.5
172.844,-2.98654,-3.00996,1.50769,-3,-3,1.5
172.854,-2.98648,-3.01,1.5077,-3,-3,1.5
172.864,-2.98641,-3.01004,1.50772,-3,-3,1.5
172.874,-2.98634,-3.01008,1.50774,-3,-3,1.5
172.884,-2.98628,-3.01011,1.50777,-3,-3,1.5
172.894,-2.98621,-3.01015,1.50779,-3,-3,1.5
172.904,-2.98615,-3.01019,1.50781,-3,-3,1.5
172.914,-2.98608,-3.01023,1.50783,-3,-3,1.5
172.924,-2.98601,-3.01027,1.50785,-3,-3,1.5
172.934,-2.98595,-3.01031,1.50785,-3,-3,1.5
172.944,-2.98588,-3.01035,1.50785,-3,-3,1.5
172.954,-2.98581,-3.01039,1.50786,-3,-3,1.5
172.964,-2.98574,-3.01044,1.50788,-3,-3,1.5
172.974,-2.98568,-3.01049,1.5079,-3,-3,1.5
172.984,-2.98561,-3.01053,1.50791,-3,-3,1.5
172.994,-2.98554,-3.01058,1.50792,-3,-3,1.5
173.004,-2.98547,-3.01063,1.50794,-3,-3,1.5
173.014,-2.9854,-3.01067,1.50796,-3,-3,1.5
173.024,-2.98534,-3.01072,1.50799,-3,-3,1.5
173.034,-2.98527,-3.01077,1.50801,-3,-3,1.5
173.044,-2.9852,-3.01081,1.50804,-3,-3,1.5
173.054,-2.98513,-3.01086,1.50807,-3,-3,1.5
173.064,-2.98507,-3.0109,1.5081,-3,-3,1.5
173.074,-2.985,-3.01094,1.50812,-3,-3,1.5
173.084,-2.98493,-3.01098,1.50814,-3,-3,1.5
173.094,-2.98486,-3.01102,1.50816,-3,-3,1.5
173.104,-2.98479,-3.01106,1.50819,-3,-3,1.5
173.114,-2.98472,-3.01109,1.50821,-3,-3,1.5
173.124,-2.98465,-3.01113,1.50822,-3,-3,1.5
173.134,-2.98458,-3.01116,1.50822,-3,-3,1.5
173.144,-2.98451,-3.01119,1.50822,-3,-3,1.5
173.154,-2.98444,-3.01123,1.50823,-3,-3,1.5
173.164,-2.98437,-3.01126,1.50821,-3,-3,1.5
173.174,-2.9843,-3.01129,1.5082,-3,-3,1.5
173.184,-2.98422,-3.01132,1.5082,-3,-3,1.5
173.194,-2.98415,-3.01136,1.50819,-3,-3,1.5
173.204,-2.98407,-3.01139,1.50818,-3,-3,1.5
173.214,-2.984,-3.01143,1.50818,-3,-3,1.5
173.224,-2.98393,-3.01146,1.50819,-3,-3,1.5
173.234,-2.98386,-3.0115,1.50821,-3,-3,1.5
173.244,-2.98379,-3.01154,1.50823,-3,-3,1.5
173.254,-2.98373,-3.01157,1.50826,-3,-3,1.5
173.264,-2.98367,-3.01161,1.50829,-3,-3,1.5
173.274,-2.98361,-3.01165,1.50831,-3,-3,1.5
173.284,-2.98356,-3.01168,1.50832,-3,-3,1.5
173.294,-2.98351,-3.01172,1.50831,-3,-3,1.5
173.304,-2.98347,-3.01175,1.50832,-3,-3,1.5
173.314,-2.98343,-3.01178,1.50833,-3,-3,1.5
173.324,-2.98339,-3.01182,1.50835,-3,-3,1.5
173.334,-2.98336,-3.01185,1.50837,-3,-3,1.5
173.344,-2.98334,-3.01188,1.50839,-3,-3,1.5
173.354,-2.98331,-3.01191,1.5084,-3,-3,1.5
173.364,-2.98329,-3.01193,1.50842,-3,-3,1.5
173.374,-2.98328,-3.01196,1.50845,-3,-3,1.5
173.384,-2.98327,-3.01199,1.50848,-3,-3,1.5
173.394,-2.98326,-3.01201,1.5085,-3,-3,1.5
173.404,-2.98325,-3.01204,1.50852,-3,-3,1.5
173.414,-2.98325,-3.01206,1.50854,-3,-3,1.5
173.424,-2.98325,-3.01209,1.50856,-3,-3,1.5
173.434,-2.98325,-3.01211,1.50857,-3,-3,1.5
173.444,-2.98325,-3.01214,1.50858,-3,-3,1.5
173.454,-2.98325,-3.01216,1.50859,-3,-3,1.5
173.464,-2.98325,-3.01218,1.50859,-3,-3,1.5
173.474,-2.98325,-3.01221,1.50858,-3,-3,1.5
173.484,-2.98325,-3.01223,1.50858,-3,-3,1.5
173.494,-2.98325,-3.01225,1.50857,-3,-3,1.5
173.504,-2.98325,-3.01227,1.50858,-3,-3,1.5
173.514,-2.98325,-3.01229,1.50859,-3,-3,1.5
173.524,-2.98325,-3.01231,1.50859,-3,-3,1.5
173.534,-2.98324,-3.01232,1.50859,-3,-3,1.5
173.544,-2.98323,-3.01234,1.50859,-3,-3,1.5
173.554,-2.98322,-3.01236,1.50858,-3,-3,1.5
173.564,-2.98321,-3.01237,1.50857,-3,-3,1.5
173.574,-2.98319,-3.01238,1.50857,-3,-3,1.5
173.584,-2.98317,-3.0124,1.50856,-3,-3,1.5
173.594,-2.98315,-3.01241,1.50855,-3,-3,1.5
173.604,-2.98313,-3.01242,1.50854,-3,-3,1.5
173.614,-2.98311,-3.01243,1.50854,-3,-3,1.5
173.624,-2.98308,-3.01245,1.50854,-3,-3,1.5
173.634,-2.98305,-3.01246,1.50855,-3,-3,1.5
173.644,-2.98303,-3.01246,1.50856,-3,-3,1.5
173.654,-2.983,-3.01247,1.50857,-3,-3,1.5
173.664,-2.98296,-3.01248,1.50858,-3,-3,1.5
173.674,-2.98293,-3.01249,1.50858,-3,-3,1.5
173.684,-2.9829,-3.0125,1.50857,-3,-3,1.5
173.694,-2.98286,-3.0125,1.50857,-3,-3,1.5
173.704,-2.98283,-3.01251,1.50857,-3,-3,1.5
173.714,-2.98279,-3.01251,1.50858,-3,-3,1.5
173.724,-2.98275,-3.01252,1.50858,-3,-3,1.5
173.734,-2.98272,-3.01252,1.50856,-3,-3,1.5
173.744,-2.98268,-3.01252,1.50854,-3,-3,1.5
173.754,-2.98264,-3.01253,1.50853,-3,-3,1.5
173.764,-2.9826,-3.01253,1.50852,-3,-3,1.5
173.774,-2.98257,-3.01253,1.50851,-3,-3,1.5
173.784,-2.98253,-3.01253,1.50849,-3,-3,1.5
173.794,-2.98249,-3.01253,1.50849,-3,-3,1.5
173.804,-2.98246,-3.01253,1.50848,-3,-3,1.5
173.814,-2.98243,-3.01253,1.50847,-3,-3,1.5
173.824,-2.98239,-3.01253,1.50846,-3,-3,1.5
173.834,-2.98236,-3.01253,1.50844,-3,-3,1.5
173.844,-2.98233,-3.01253,1.50843,-3,-3,1.5
173.854,-2.9823,-3.01253,1.50842,-3,-3,1.5
173.864,-2.98227,-3.01253,1.50841,-3,-3,1.5
173.874,-2.98224,-3.01253,1.5084,-3,-3,1.5
173.884,-2.98221,-3.01253,1.50838,-3,-3,1.5
173.894,-2.98218,-3.01253,1.50836,-3,-3,1.5
173.904,-2.98216,-3.01252,1.50834,-3,-3,1.5
173.914,-2.98214,-3.01252,1.50833,-3,-3,1.5
173.924,-2.98212,-3.01252,1.50832,-3,-3,1.5
173.934,-2.9821,-3.01252,1.50831,-3,-3,1.5
173.944,-2.98208,-3.01252,1.50829,-3,-3,1.5
173.954,-2.98206,-3.01252,1.50827,-3,-3,1.5
173.964,-2.98205,-3.01251,1.50824,-3,-3,1.5
173.974,-2.98204,-3.01251,1.50822,-3,-3,1.5
173.984,-2.98203,-3.01251,1.50819,-3,-3,1.5
173.994,-2.98202,-3.0125,1.50817,-3,-3,1.5
174.004,-2.98202,-3.0125,1.50815,-3,-3,1.5
174.014,-2.98202,-3.0125,1.50813,-3,-3,1.5
174.024,-2.98202,-3.01249,1.50811,-3,-3,1.5
174.034,-2.98203,-3.01249,1.50809,-3,-3,1.5
174.044,-2.98204,-3.01248,1.50808,-3,-3,1.5
174.054,-2.98206,-3.01248,1.50806,-3,-3,1.5
174.064,-2.98208,-3.01247,1.50803,-3,-3,1.5
174.074,-2.9821,-3.01247,1.50801,-3,-3,1.5
174.084,-2.98212,-3.01246,1.50799,-3,-3,1.5
174.094,-2.98215,-3.01246,1.50796,-3,-3,1.5
174.104,-2.98219,-3.01245,1.50794,-3,-3,1.5
174.114,-2.98222,-3.01245,1.50791,-3,-3,1.5
174.124,-2.98226,-3.01245,1.5079,-3,-3,1.5
174.134,-2.98231,-3.01244,1.50788,-3,-3,1.5
174.144,-2.98235,-3.01244,1.50788,-3,-3,1.5
174.154,-2.98241,-3.01244,1.50792,-3,-3,1.5
174.164,-2.98246,-3.01244,1.50794,-3,-3,1.5
174.174,-2.98252,-3.01244,1.50796,-3,-3,1.5
174.184,-2.98258,-3.01244,1.50797,-3,-3,1.5
174.194,-2.98264,-3.01244,1.50798,-3,-3,1.5
174.204,-2.9827,-3.01244,1.50799,-3,-3,1.5
174.214,-2.98277,-3.01244,1.508,-3,-3,1.5
174.224,-2.98283,-3.01244,1.50801,-3,-3,1.5
174.234,-2.9829,-3.01244,1.50801,-3,-3,1.5
174.244,-2.98296,-3.01244,1.50802,-3,-3,1.5
174.254,-2.98302,-3.01244,1.50803,-3,-3,1.5
174.264,-2.98308,-3.01244,1.50804,-3,-3,1.5
174.273,-2.98314,-3.01245,1.50805,-3,-3,1.5
174.283,-2.98319,-3.01245,1.50805,-3,-3,1.5
174.293,-2.98325,-3.01245,1.50804,-3,-3,1.5
174.303,-2.9833,-3.01245,1.50803,-3,-3,1.5
174.313,-2.98336,-3.01245,1.50802,-3,-3,1.5
174.323,-2.98341,-3.01245,1.50802,-3,-3,1.5
174.333,-2.98347,-3.01245,1.508,-3,-3,1.5
174.343,-2.98352,-3.01245,1.50799,-3,-3,1.5
174.353,-2.98357,-3.01245,1.50797,-3,-3,1.5
174.363,-2.98363,-3.01245,1.50796,-3,-3,1.5
174.373,-2.98369,-3.01246,1.50795,-3,-3,1.5
174.383,-2.98375,-3.01246,1.50796,-3,-3,1.5
174.393,-2.98381,-3.01246,1.508,-3,-3,1.5
174.403,-2.98387,-3.01246,1.50801,-3,-3,1.5
174.413,-2.98394,-3.01247,1.50801,-3,-3,1.5
174.423,-2.984,-3.01247,1.50801,-3,-3,1.5
174.433,-2.98407,-3.01247,1.508,-3,-3,1.5
174.443,-2.98415,-3.01248,1.508,-3,-3,1.5
174.453,-2.98422,-3.01248,1.50799,-3,-3,1.5
174.463,-2.9843,-3.01249,1.50797,-3,-3,1.5
174.473,-2.98437,-3.01249,1.50796,-3,-3,1.5
174.483,-2.98445,-3.0125,1.50795,-3,-3,1.5
174.493,-2.98453,-3.0125,1.50793,-3,-3,1.5
174.503,-2.98462,-3.01251,1.5079,-3,-3,1.5
174.513,-2.9847,-3.01251,1.50788,-3,-3,1.5
174.523,-2.98479,-3.01251,1.50785,-3,-3,1.5
174.533,-2.98488,-3.01252,1.50783,-3,-3,1.5
174.543,-2.98497,-3.01252,1.50781,-3,-3,1.5
174.553,-2.98506,-3.01252,1.50779,-3,-3,1.5
174.563,-2.98516,-3.01252,1.50776,-3,-3,1.5
174.573,-2.98525,-3.01253,1.50774,-3,-3,1.5
174.583,-2.98535,-3.01253,1.50771,-3,-3,1.5
174.593,-2.98545,-3.01253,1.50768,-3,-3,1.5
174.603,-2.98555,-3.01254,1.50765,-3,-3,1.5
174.613,-2.98565,-3.01254,1.50763,-3,-3,1.5
174.623,-2.98576,-3.01254,1.50761,-3,-3,1.5
174.633,-2.98586,-3.01255,1.50759,-3,-3,1.5
174.643,-2.98597,-3.01255,1.50758,-3,-3,1.5
174.653,-2.98607,-3.01255,1.50757,-3,-3,1.5
174.663,-2.98618,-3.01255,1.50756,-3,-3,1.5
174.673,-2.98629,-3.01255,1.50755,-3,-3,1.5
174.683,-2.9864,-3.01255,1.50753,-3,-3,1.5
174.693,-2.9865,-3.01255,1.50751,-3,-3,1.5
174.703,-2.98661,-3.01255,1.5075,-3,-3,1.5
174.713,-2.98672,-3.01255,1.50748,-3,-3,1.5
174.723,-2.98682,-3.01255,1.50746,-3,-3,1.5
174.733,-2.98693,-3.01255,1.50744,-3,-3,1.5
174.743,-2.98704,-3.01255,1.50742,-3,-3,1.5
174.753,-2.98714,-3.01255,1.50739,-3,-3,1.5
174.763,-2.98724,-3.01254,1.50737,-3,-3,1.5
174.773,-2.98734,-3.01254,1.50734,-3,-3,1.5
174.783,-2.98743,-3.01253,1.5073,-3,-3,1.5
174.793,-2.98753,-3.01253,1.50727,-3,-3,1.5
174.803,-2.98762,-3.01252,1.50723,-3,-3,1.5
174.813,-2.98771,-3.01251,1.50721,-3,-3,1.5
174.823,-2.98779,-3.01251,1.5072,-3,-3,1.5
174.833,-2.98787,-3.0125,1.50718,-3,-3,1.5
174.843,-2.98795,-3.01249,1.50717,-3,-3,1.5
174.853,-2.98803,-3.01248,1.50715,-3,-3,1.5
174.863,-2.98811,-3.01247,1.50714,-3,-3,1.5
174.873,-2.98819,-3.01246,1.50712,-3,-3,1.5
174.883,-2.98827,-3.01245,1.50713,-3,-3,1.5
174.893,-2.98835,-3.01244,1.50716,-3,-3,1.5
174.903,-2.98843,-3.01243,1.50718,-3,-3,1.5
174.913,-2.98851,-3.01242,1.50718,-3,-3,1.5
174.923,-2.98859,-3.01242,1.50718,-3,-3,1.5
174.933,-2.98867,-3.01241,1.50716,-3,-3,1.5
174.943,-2.98875,-3.0124,1.50714,-3,-3,1.5
174.953,-2.98883,-3.01239,1.5071,-3,-3,1.5
174.963,-2.9889,-3.01238,1.50707,-3,-3,1.5
174.973,-2.98898,-3.01237,1.50704,-3,-3,1.5
174.983,-2.98905,-3.01235,1.50701,-3,-3,1.5
174.993,-2.98913,-3.01234,1.50699,-3,-3,1.5
175.003,-2.9892,-3.01233,1.50696,-3,-3,1.5
175.013,-2.98927,-3.01232,1.50694,-3,-3,1.5
175.023,-2.98934,-3.01231,1.50692,-3,-3,1.5
175.033,-2.98941,-3.01229,1.50689,-3,-3,1.5
175.043,-2.98948,-3.01228,1.50687,-3,-3,1.5
175.053,-2.98954,-3.01226,1.50684,-3,-3,1.5
175.063,-2.98961,-3.01225,1.5068,-3,-3,1.5
175.073,-2.98968,-3.01223,1.50676,-3,-3,1.5
175.083,-2.98975,-3.01221,1.50672,-3,-3,1.5
175.093,-2.98981,-3.0122,1.50668,-3,-3,1.5
175.103,-2.98988,-3.01218,1.50663,-3,-3,1.5
175.113,-2.98995,-3.01216,1.50659,-3,-3,1.5
175.123,-2.99001,-3.01214,1.50655,-3,-3,1.5
175.133,-2.99008,-3.01212,1.50651,-3,-3,1.5
175.143,-2.99014,-3.0121,1.50646,-3,-3,1.5
175.153,-2.99021,-3.01208,1.50643,-3,-3,1.5
175.163,-2.99028,-3.01206,1.50639,-3,-3,1.5
175.173,-2.99034,-3.01204,1.50635,-3,-3,1.5
175.183,-2.99041,-3.01201,1.50631,-3,-3,1.5
175.193,-2.99047,-3.01199,1.50627,-3,-3,1.5
175.203,-2.99054,-3.01197,1.50623,-3,-3,1.5
175.213,-2.99061,-3.01195,1.5062,-3,-3,1.5
175.223,-2.99067,-3.01192,1.50616,-3,-3,1.5
175.233,-2.99074,-3.0119,1.50613,-3,-3,1.5
175.243,-2.99081,-3.01187,1.50609,-3,-3,1.5
175.253,-2.99087,-3.01185,1.50606,-3,-3,1.5
175.263,-2.99094,-3.01182,1.50603,-3,-3,1.5
175.273,-2.99101,-3.0118,1.506,-3,-3,1.5
175.283,-2.99107,-3.01177,1.50597,-3,-3,1.5
175.293,-2.99114,-3.01175,1.50594,-3,-3,1.5
175.303,-2.9912,-3.01172,1.50592,-3,-3,1.5
175.313,-2.99127,-3.01169,1.5059,-3,-3,1.5
175.323,-2.99134,-3.01166,1.50588,-3,-3,1.5
175.333,-2.9914,-3.01164,1.50585,-3,-3,1.5
175.343,-2.99147,-3.01161,1.50582,-3,-3,1.5
175.353,-2.99153,-3.01158,1.50579,-3,-3,1.5
175.363,-2.99159,-3.01155,1.50576,-3,-3,1.5
175.373,-2.99165,-3.01153,1.50573,-3,-3,1.5
175.383,-2.99172,-3.0115,1.50571,-3,-3,1.5
175.393,-2.99177,-3.01147,1.50569,-3,-3,1.5
175.403,-2.99183,-3.01144,1.50567,-3,-3,1.5
175.413,-2.99189,-3.01141,1.50564,-3,-3,1.5
175.423,-2.99195,-3.01139,1.50561,-3,-3,1.5
175.433,-2.992,-3.01136,1.50558,-3,-3,1.5
175.443,-2.99205,-3.01133,1.50556,-3,-3,1.5
175.453,-2.99211,-3.0113,1.50553,-3,-3,1.5
175.463,-2.99216,-3.01128,1.50552,-3,-3,1.5
175.473,-2.99221,-3.01125,1.50549,-3,-3,1.5
175.483,-2.99226,-3.01123,1.50545,-3,-3,1.5
175.493,-2.99231,-3.0112,1.5054,-3,-3,1.5
175.503,-2.99236,-3.01117,1.50535,-3,-3,1.5
175.513,-2.99241,-3.01114,1.5053,-3,-3,1.5
175.523,-2.99246,-3.01111,1.50524,-3,-3,1.5
175.533,-2.99251,-3.01108,1.50518,-3,-3,1.5
175.543,-2.99256,-3.01105,1.50513,-3,-3,1.5
175.553,-2.99261,-3.01102,1.50512,-3,-3,1.5
175.563,-2.99266,-3.01098,1.50513,-3,-3,1.5
175.573,-2.9927,-3.01095,1.50514,-3,-3,1.5
175.583,-2.99275,-3.01091,1.50515,-3,-3,1.5
175.593,-2.9928,-3.01088,1.50516,-3,-3,1.5
175.603,-2.99284,-3.01084,1.50517,-3,-3,1.5
175.613,-2.99289,-3.01081,1.50518,-3,-3,1.5
175.623,-2.99294,-3.01077,1.50522,-3,-3,1.5
175.633,-2.99299,-3.01074,1.50527,-3,-3,1.5
175.643,-2.99305,-3.01071,1.50529,-3,-3,1.5
175.653,-2.9931,-3.01068,1.50533,-3,-3,1.5
175.663,-2.99315,-3.01066,1.50539,-3,-3,1.5
175.673,-2.9932,-3.01064,1.50543,-3,-3,1.5
175.683,-2.99325,-3.01061,1.50544,-3,-3,1.5
175.693,-2.9933,-3.01059,1.50545,-3,-3,1.5
175.703,-2.99335,-3.01058,1.50544,-3,-3,1.5
175.713,-2.9934,-3.01056,1.50542,-3,-3,1.5
175.723,-2.99344,-3.01054,1.50538,-3,-3,1.5
175.733,-2.99349,-3.01052,1.50534,-3,-3,1.5
175.743,-2.99354,-3.01051,1.50534,-3,-3,1.5
175.753,-2.99359,-3.01049,1.50537,-3,-3,1.5
175.763,-2.99363,-3.01048,1.50537,-3,-3,1.5
175.773,-2.99368,-3.01047,1.50536,-3,-3,1.5
175.783,-2.99373,-3.01046,1.50534,-3,-3,1.5
175.793,-2.99378,-3.01045,1.50532,-3,-3,1.5
175.803,-2.99383,-3.01044,1.5053,-3,-3,1.5
175.813,-2.99389,-3.01043,1.50528,-3,-3,1.5
175.823,-2.99394,-3.01042,1.50526,-3,-3,1.5
175.833,-2.99399,-3.01042,1.50523,-3,-3,1.5
175.843,-2.99405,-3.01041,1.50522,-3,-3,1.5
175.853,-2.99411,-3.01041,1.5052,-3,-3,1.5
175.863,-2.99417,-3.01041,1.50517,-3,-3,1.5
175.873,-2.99423,-3.01041,1.50514,-3,-3,1.5
175.883,-2.99429,-3.01041,1.50511,-3,-3,1.5
175.893,-2.99435,-3.01041,1.50507,-3,-3,1.5
175.903,-2.99441,-3.01041,1.50504,-3,-3,1.5
175.913,-2.99447,-3.01042,1.50506,-3,-3,1.5
175.923,-2.99453,-3.01042,1.5051,-3,-3,1.5
175.933,-2.9946,-3.01042,1.50514,-3,-3,1.5
175.943,-2.99466,-3.01042,1.5052,-3,-3,1.5
175.953,-2.99473,-3.01042,1.50525,-3,-3,1.5
175.963,-2.9948,-3.01042,1.50534,-3,-3,1.5
175.973,-2.99487,-3.01042,1.50544,-3,-3,1.5
175.983,-2.99494,-3.01042,1.50553,-3,-3,1.5
175.993,-2.99501,-3.01042,1.50562,-3,-3,1.5
176.003,-2.99508,-3.01042,1.50568,-3,-3,1.5
176.013,-2.99516,-3.01042,1.5057,-3,-3,1.5
176.023,-2.99524,-3.01042,1.50571,-3,-3,1.5
176.033,-2.99532,-3.01042,1.5057,-3,-3,1.5
176.043,-2.9954,-3.01042,1.50569,-3,-3,1.5
176.053,-2.99547,-3.01043,1.50571,-3,-3,1.5
176.063,-2.99555,-3.01043,1.50574,-3,-3,1.5
176.073,-2.99563,-3.01044,1.50577,-3,-3,1.5
176.083,-2.99571,-3.01044,1.50581,-3,-3,1.5
176.092,-2.99579,-3.01045,1.50584,-3,-3,1.5
176.102,-2.99587,-3.01046,1.50586,-3,-3,1.5
176.112,-2.99595,-3.01047,1.50589,-3,-3,1.5
176.122,-2.99603,-3.01048,1.50591,-3,-3,1.5
176.132,-2.99611,-3.0105,1.50594,-3,-3,1.5
176.142,-2.99619,-3.01051,1.50596,-3,-3,1.5
176.152,-2.99627,-3.01053,1.50596,-3,-3,1.5
176.162,-2.99636,-3.01055,1.50595,-3,-3,1.5
176.172,-2.99644,-3.01056,1.50594,-3,-3,1.5
176.182,-2.99652,-3.01058,1.5059,-3,-3,1.5
176.192,-2.9966,-3.0106,1.50585,-3,-3,1.5
176.202,-2.99669,-3.01062,1.50582,-3,-3,1.5
176.212,-2.99676,-3.01064,1.50581,-3,-3,1.5
176.222,-2.99684,-3.01066,1.50581,-3,-3,1.5
176.232,-2.99692,-3.01068,1.5058,-3,-3,1.5
176.242,-2.997,-3.0107,1.5058,-3,-3,1.5
176.252,-2.99708,-3.01072,1.50579,-3,-3,1.5
176.262,-2.99716,-3.01074,1.50579,-3,-3,1.5
176.272,-2.99724,-3.01075,1.50579,-3,-3,1.5
176.282,-2.99732,-3.01077,1.50578,-3,-3,1.5
176.292,-2.9974,-3.01079,1.50577,-3,-3,1.5
176.302,-2.99748,-3.01081,1.50577,-3,-3,1.5
176.312,-2.99756,-3.01083,1.50576,-3,-3,1.5
176.322,-2.99764,-3.01085,1.50576,-3,-3,1.5
176.332,-2.99773,-3.01087,1.50575,-3,-3,1.5
176.342,-2.99781,-3.01089,1.50575,-3,-3,1.5
176.352,-2.9979,-3.01091,1.50575,-3,-3,1.5
176.362,-2.99799,-3.01094,1.50574,-3,-3,1.5
176.372,-2.99807,-3.01096,1.50574,-3,-3,1.5
176.382,-2.99817,-3.01099,1.50573,-3,-3,1.5
176.392,-2.99826,-3.01102,1.50575,-3,-3,1.5
176.402,-2.99835,-3.01105,1.5058,-3,-3,1.5
176.412,-2.99844,-3.01108,1.50583,-3,-3,1.5
176.422,-2.99854,-3.01112,1.50585,-3,-3,1.5
176.432,-2.99863,-3.01115,1.50585,-3,-3,1.5
176.442,-2.99872,-3.01119,1.50585,-3,-3,1.5
176.452,-2.99881,-3.01123,1.50584,-3,-3,1.5
176.462,-2.9989,-3.01127,1.50584,-3,-3,1.5
176.472,-2.99899,-3.0113,1.50586,-3,-3,1.5
176.482,-2.99908,-3.01134,1.50586,-3,-3,1.5
176.492,-2.99917,-3.01138,1.50584,-3,-3,1.5
176.502,-2.99925,-3.01142,1.50586,-3,-3,1.5
176.512,-2.99934,-3.01146,1.50589,-3,-3,1.5
176.522,-2.99942,-3.0115,1.50591,-3,-3,1.5
176.532,-2.99951,-3.01154,1.50591,-3,-3,1.5
176.542,-2.99959,-3.01158,1.5059,-3,-3,1.5
176.552,-2.99967,-3.01161,1.50587,-3,-3,1.5
176.562,-2.99975,-3.01165,1.50584,-3,-3,1.5
176.572,-2.99983,-3.01168,1.50581,-3,-3,1.5
176.582,-2.99991,-3.01172,1.50578,-3,-3,1.5
176.592,-2.99999,-3.01175,1.50575,-3,-3,1.5
176.602,-3.00007,-3.01179,1.50572,-3,-3,1.5
176.612,-3.00014,-3.01182,1.5057,-3,-3,1.5
176.622,-3.00022,-3.01185,1.50567,-3,-3,1.5
176.632,-3.00029,-3.01188,1.50564,-3,-3,1.5
176.642,-3.00036,-3.01191,1.5056,-3,-3,1.5
176.652,-3.00043,-3.01194,1.50556,-3,-3,1.5
176.662,-3.00049,-3.01197,1.50552,-3,-3,1.5
176.672,-3.00056,-3.01199,1.50549,-3,-3,1.5
176.682,-3.00062,-3.01202,1.50546,-3,-3,1.5
176.692,-3.00068,-3.01204,1.50545,-3,-3,1.5
176.702,-3.00073,-3.01206,1.50545,-3,-3,1.5
176.712,-3.00079,-3.01208,1.50544,-3,-3,1.5
176.722,-3.00084,-3.0121,1.50544,-3,-3,1.5
176.732,-3.00089,-3.01212,1.50543,-3,-3,1.5
176.742,-3.00094,-3.01214,1.50545,-3,-3,1.5
176.752,-3.00099,-3.01216,1.50549,-3,-3,1.5
176.762,-3.00104,-3.01218,1.50551,-3,-3,1.5
176.772,-3.0011,-3.01219,1.50552,-3,-3,1.5
176.782,-3.00115,-3.01221,1.50551,-3,-3,1.5
176.792,-3.0012,-3.01222,1.50548,-3,-3,1.5
176.802,-3.00125,-3.01223,1.50544,-3,-3,1.5
176.812,-3.0013,-3.01225,1.5054,-3,-3,1.5
176.822,-3.00135,-3.01225,1.50537,-3,-3,1.5
176.832,-3.0014,-3.01226,1.50534,-3,-3,1.5
176.842,-3.00145,-3.01227,1.50531,-3,-3,1.5
176.852,-3.0015,-3.01228,1.50529,-3,-3,1.5
176.862,-3.00154,-3.01229,1.50525,-3,-3,1.5
176.872,-3.00159,-3.01229,1.50522,-3,-3,1.5
176.882,-3.00164,-3.0123,1.50519,-3,-3,1.5
176.892,-3.00169,-3.0123,1.50517,-3,-3,1.5
176.902,-3.00173,-3.0123,1.50514,-3,-3,1.5
176.912,-3.00178,-3.01231,1.50512,-3,-3,1.5
176.922,-3.00182,-3.01231,1.50509,-3,-3,1.5
176.932,-3.00187,-3.01231,1.50506,-3,-3,1.5
176.942,-3.00191,-3.01231,1.50504,-3,-3,1.5
176.952,-3.00195,-3.01232,1.50502,-3,-3,1.5
176.962,-3.00199,-3.01232,1.505,-3,-3,1.5
176.972,-3.00203,-3.01232,1.50498,-3,-3,1.5
176.982,-3.00207,-3.01232,1.50497,-3,-3,1.5
176.992,-3.00211,-3.01232,1.50495,-3,-3,1.5
177.002,-3.00215,-3.01232,1.50493,-3,-3,1.5
177.012,-3.00219,-3.01233,1.5049,-3,-3,1.5
177.022,-3.00222,-3.01233,1.50487,-3,-3,1.5
177.032,-3.00226,-3.01234,1.50485,-3,-3,1.5
177.042,-3.0023,-3.01234,1.50482,-3,-3,1.5
177.052,-3.00233,-3.01235,1.50479,-3,-3,1.5
177.062,-3.00237,-3.01235,1.50476,-3,-3,1.5
177.072,-3.0024,-3.01236,1.50473,-3,-3,1.5
177.082,-3.00244,-3.01237,1.50471,-3,-3,1.5
177.092,-3.00248,-3.01238,1.50468,-3,-3,1.5
177.102,-3.00251,-3.01239,1.50466,-3,-3,1.5
177.112,-3.00255,-3.0124,1.50463,-3,-3,1.5
177.122,-3.00258,-3.01241,1.5046,-3,-3,1.5
177.132,-3.00262,-3.01242,1.50457,-3,-3,1.5
177.142,-3.00265,-3.01244,1.50454,-3,-3,1.5
177.152,-3.00269,-3.01245,1.50452,-3,-3,1.5
177.162,-3.00272,-3.01246,1.5045,-3,-3,1.5
177.172,-3.00276,-3.01248,1.50449,-3,-3,1.5
177.182,-3.00279,-3.01249,1.50447,-3,-3,1.5
177.192,-3.00283,-3.0125,1.50445,-3,-3,1.5
177.202,-3.00287,-3.01252,1.50444,-3,-3,1.5
177.212,-3.0029,-3.01253,1.50442,-3,-3,1.5
177.222,-3.00294,-3.01254,1.5044,-3,-3,1.5
177.232,-3.00298,-3.01256,1.50438,-3,-3,1.5
177.242,-3.00302,-3.01257,1.50437,-3,-3,1.5
177.252,-3.00306,-3.01258,1.50437,-3,-3,1.5
177.262,-3.0031,-3.01259,1.50436,-3,-3,1.5
177.272,-3.00314,-3.01261,1.50436,-3,-3,1.5
177.282,-3.00319,-3.01262,1.50436,-3,-3,1.5
177.292,-3.00323,-3.01263,1.50435,-3,-3,1.5
177.302,-3.00328,-3.01264,1.50434,-3,-3,1.5
177.312,-3.00332,-3.01265,1.50432,-3,-3,1.5
177.322,-3.00337,-3.01266,1.50431,-3,-3,1.5
177.332,-3.00342,-3.01266,1.50429,-3,-3,1.5
177.342,-3.00347,-3.01267,1.50427,-3,-3,1.5
177.352,-3.00352,-3.01268,1.50426,-3,-3,1.5
177.362,-3.00357,-3.01269,1.50424,-3,-3,1.5
177.372,-3.00362,-3.01269,1.50423,-3,-3,1.5
177.382,-3.00367,-3.0127,1.50422,-3,-3,1.5
177.392,-3.00372,-3.01271,1.50422,-3,-3,1.5
177.402,-3.00377,-3.01271,1.50421,-3,-3,1.5
177.412,-3.00382,-3.01272,1.5042,-3,-3,1.5
177.422,-3.00388,-3.01273,1.50419,-3,-3,1.5
177.432,-3.00393,-3.01273,1.50418,-3,-3,1.5
177.442,-3.00398,-3.01274,1.50417,-3,-3,1.5
177.452,-3.00404,-3.01275,1.50417,-3,-3,1.5
177.462,-3.00409,-3.01275,1.50417,-3,-3,1.5
177.472,-3.00415,-3.01276,1.50417,-3,-3,1.5
177.482,-3.0042,-3.01277,1.50418,-3,-3,1.5
177.492,-3.00426,-3.01277,1.50419,-3,-3,1.5
177.502,-3.00432,-3.01278,1.5042,-3,-3,1.5
177.512,-3.00437,-3.01278,1.50421,-3,-3,1.5
177.522,-3.00443,-3.01278,1.50421,-3,-3,1.5
177.532,-3.00448,-3.01279,1.50422,-3,-3,1.5
177.542,-3.00453,-3.01279,1.50421,-3,-3,1.5
177.552,-3.00459,-3.01279,1.50422,-3,-3,1.5
177.562,-3.00464,-3.0128,1.50422,-3,-3,1.5
177.572,-3.00469,-3.0128,1.50422,-3,-3,1.5
177.582,-3.00473,-3.0128,1.50423,-3,-3,1.5
177.592,-3.00478,-3.0128,1.50423,-3,-3,1.5
177.602,-3.00482,-3.0128,1.50425,-3,-3,1.5
177.612,-3.00486,-3.0128,1.50429,-3,-3,1.5
177.622,-3.00489,-3.0128,1.50432,-3,-3,1.5
177.632,-3.00492,-3.0128,1.50435,-3,-3,1.5
177.642,-3.00495,-3.01279,1.50439,-3,-3,1.5
177.652,-3.00498,-3.01279,1.50443,-3,-3,1.5
177.662,-3.00501,-3.01279,1.50446,-3,-3,1.5
177.672,-3.00504,-3.01279,1.50449,-3,-3,1.5
177.682,-3.00507,-3.01279,1.50452,-3,-3,1.5
177.692,-3.0051,-3.01279,1.50456,-3,-3,1.5
177.702,-3.00513,-3.01279,1.5046,-3,-3,1.5
177.712,-3.00516,-3.0128,1.50463,-3,-3,1.5
177.722,-3.00519,-3.0128,1.50467,-3,-3,1.5
177.732,-3.00522,-3.0128,1.50471,-3,-3,1.5
177.742,-3.00525,-3.0128,1.50475,-3,-3,1.5
177.752,-3.00528,-3.01281,1.50479,-3,-3,1.5
177.762,-3.00532,-3.01281,1.50484,-3,-3,1.5
177.772,-3.00535,-3.01282,1.50488,-3,-3,1.5
177.782,-3.00538,-3.01283,1.50493,-3,-3,1.5
177.792,-3.00542,-3.01284,1.50499,-3,-3,1.5
177.802,-3.00546,-3.01285,1.50504,-3,-3,1.5
177.812,-3.0055,-3.01286,1.50509,-3,-3,1.5
177.822,-3.00554,-3.01288,1.50513,-3,-3,1.5
177.832,-3.00558,-3.01289,1.50516,-3,-3,1.5
177.842,-3.00562,-3.01291,1.50519,-3,-3,1.5
177.852,-3.00566,-3.01293,1.50521,-3,-3,1.5
177.862,-3.0057,-3.01295,1.50523,-3,-3,1.5
177.872,-3.00574,-3.01297,1.50524,-3,-3,1.5
177.882,-3.00578,-3.01299,1.50525,-3,-3,1.5
177.892,-3.00582,-3.01302,1.50526,-3,-3,1.5
177.902,-3.00586,-3.01304,1.50526,-3,-3,1.5
177.911,-3.00589,-3.01306,1.50526,-3,-3,1.5
177.921,-3.00593,-3.01308,1.50527,-3,-3,1.5
177.931,-3.00596,-3.0131,1.50527,-3,-3,1.5
177.941,-3.00598,-3.01312,1.50528,-3,-3,1.5
177.951,-3.00601,-3.01314,1.5053,-3,-3,1.5
177.961,-3.00603,-3.01316,1.50533,-3,-3,1.5
177.971,-3.00605,-3.01318,1.50535,-3,-3,1.5
177.981,-3.00606,-3.0132,1.50536,-3,-3,1.5
177.991,-3.00607,-3.01322,1.50538,-3,-3,1.5
178.001,-3.00608,-3.01324,1.50539,-3,-3,1.5
178.011,-3.00609,-3.01325,1.50541,-3,-3,1.5
178.021,-3.00609,-3.01327,1.50543,-3,-3,1.5
178.031,-3.00609,-3.01328,1.50543,-3,-3,1.5
178.041,-3.00608,-3.0133,1.50544,-3,-3,1.5
178.051,-3.00607,-3.01331,1.50544,-3,-3,1.5
178.061,-3.00606,-3.01332,1.50545,-3,-3,1.5
178.071,-3.00605,-3.01333,1.50545,-3,-3,1.5
178.081,-3.00604,-3.01334,1.50545,-3,-3,1.5
178.091,-3.00602,-3.01335,1.50544,-3,-3,1.5
178.101,-3.006,-3.01335,1.50544,-3,-3,1.5
178.111,-3.00598,-3.01336,1.50543,-3,-3,1.5
178.121,-3.00595,-3.01337,1.50542,-3,-3,1.5
178.131,-3.00593,-3.01337,1.50541,-3,-3,1.5
178.141,-3.0059,-3.01338,1.5054,-3,-3,1.5
178.151,-3.00587,-3.01338,1.50538,-3,-3,1.5
178.161,-3.00584,-3.01339,1.50538,-3,-3,1.5
178.171,-3.00581,-3.0134,1.50538,-3,-3,1.5
178.181,-3.00577,-3.0134,1.50539,-3,-3,1.5
178.191,-3.00574,-3.01341,1.50539,-3,-3,1.5
178.201,-3.0057,-3.01341,1.5054,-3,-3,1.5
178.211,-3.00566,-3.01341,1.5054,-3,-3,1.5
178.221,-3.00562,-3.01342,1.50541,-3,-3,1.5
178.231,-3.00558,-3.01342,1.50541,-3,-3,1.5
178.241,-3.00554,-3.01343,1.50541,-3,-3,1.5
178.251,-3.0055,-3.01343,1.50542,-3,-3,1.5
178.261,-3.00545,-3.01343,1.50542,-3,-3,1.5
178.271,-3.00541,-3.01343,1.50543,-3,-3,1.5
178.281,-3.00536,-3.01344,1.50544,-3,-3,1.5
178.291,-3.00531,-3.01344,1.50545,-3,-3,1.5
178.301,-3.00526,-3.01344,1.50546,-3,-3,1.5
178.311,-3.00521,-3.01344,1.50546,-3,-3,1.5
178.321,-3.00516,-3.01344,1.50547,-3,-3,1.5
178.331,-3.00511,-3.01344,1.50548,-3,-3,1.5
178.341,-3.00506,-3.01344,1.5055,-3,-3,1.5
178.351,-3.005,-3.01344,1.50552,-3,-3,1.5
178.361,-3.00495,-3.01344,1.50555,-3,-3,1.5
178.371,-3.00489,-3.01344,1.50557,-3,-3,1.5
178.381,-3.00483,-3.01344,1.5056,-3,-3,1.5
178.391,-3.00477,-3.01344,1.50561,-3,-3,1.5
178.401,-3.0047,-3.01344,1.50562,-3,-3,1.5
178.411,-3.00464,-3.01344,1.50565,-3,-3,1.5
178.421,-3.00457,-3.01343,1.50568,-3,-3,1.5
178.431,-3.0045,-3.01343,1.50573,-3,-3,1.5
178.441,-3.00443,-3.01343,1.50577,-3,-3,1.5
178.451,-3.00435,-3.01342,1.50581,-3,-3,1.5
178.461,-3.00428,-3.01342,1.50584,-3,-3,1.5
178.471,-3.0042,-3.01341,1.50587,-3,-3,1.5
178.481,-3.00412,-3.01341,1.50589,-3,-3,1.5
178.491,-3.00404,-3.0134,1.50592,-3,-3,1.5
178.501,-3.00395,-3.0134,1.50596,-3,-3,1.5
178.511,-3.00387,-3.01339,1.50599,-3,-3,1.5
178.521,-3.00379,-3.01339,1.50602,-3,-3,1.5
178.531,-3.0037,-3.01338,1.50604,-3,-3,1.5
178.541,-3.00362,-3.01337,1.50606,-3,-3,1.5
178.551,-3.00353,-3.01336,1.50608,-3,-3,1.5
178.561,-3.00344,-3.01336,1.50609,-3,-3,1.5
178.571,-3.00335,-3.01335,1.50612,-3,-3,1.5
178.581,-3.00327,-3.01334,1.50616,-3,-3,1.5
178.591,-3.00318,-3.01333,1.5062,-3,-3,1.5
178.601,-3.00309,-3.01332,1.50624,-3,-3,1.5
178.611,-3.003,-3.01332,1.50626,-3,-3,1.5
178.621,-3.0029,-3.01331,1.50629,-3,-3,1.5
178.631,-3.00281,-3.0133,1.50632,-3,-3,1.5
178.641,-3.00271,-3.01329,1.50634,-3,-3,1.5
178.651,-3.00262,-3.01328,1.50635,-3,-3,1.5
178.661,-3.00252,-3.01327,1.50637,-3,-3,1.5
178.671,-3.00242,-3.01326,1.50639,-3,-3,1.5
178.681,-3.00232,-3.01325,1.50642,-3,-3,1.5
178.691,-3.00222,-3.01324,1.50645,-3,-3,1.5
178.701,-3.00212,-3.01323,1.50648,-3,-3,1.5
178.711,-3.00201,-3.01321,1.50651,-3,-3,1.5
178.721,-3.00191,-3.0132,1.50655,-3,-3,1.5
178.731,-3.00181,-3.01319,1.50659,-3,-3,1.5
178.741,-3.0017,-3.01317,1.50663,-3,-3,1.5
178.751,-3.00159,-3.01316,1.50667,-3,-3,1.5
178.761,-3.00149,-3.01314,1.50671,-3,-3,1.5
178.771,-3.00138,-3.01313,1.50673,-3,-3,1.5
178.781,-3.00127,-3.01311,1.50675,-3,-3,1.5
178.791,-3.00116,-3.0131,1.50678,-3,-3,1.5
178.801,-3.00105,-3.01308,1.50683,-3,-3,1.5
178.811,-3.00094,-3.01306,1.50686,-3,-3,1.5
178.821,-3.00083,-3.01304,1.50688,-3,-3,1.5
178.831,-3.00072,-3.01303,1.5069,-3,-3,1.5
178.841,-3.00061,-3.01301,1.50693,-3,-3,1.5
178.851,-3.0005,-3.01299,1.50697,-3,-3,1.5
178.861,-3.00038,-3.01297,1.507,-3,-3,1.5
178.871,-3.00027,-3.01295,1.50702,-3,-3,1.5
178.881,-3.00016,-3.01294,1.50704,-3,-3,1.5
178.891,-3.00005,-3.01292,1.50705,-3,-3,1.5
178.901,-2.99994,-3.0129,1.50706,-3,-3,1.5
178.911,-2.99983,-3.01288,1.50707,-3,-3,1.5
178.921,-2.99972,-3.01286,1.50709,-3,-3,1.5
178.931,-2.99961,-3.01284,1.50714,-3,-3,1.5
178.941,-2.9995,-3.01282,1.50716,-3,-3,1.5
178.951,-2.99939,-3.0128,1.50716,-3,-3,1.5
178.961,-2.99928,-3.01278,1.50716,-3,-3,1.5
178.971,-2.99917,-3.01276,1.50715,-3,-3,1.5
178.981,-2.99906,-3.01274,1.50714,-3,-3,1.5
178.991,-2.99896,-3.01272,1.50715,-3,-3,1.5
179.001,-2.99885,-3.01271,1.50714,-3,-3,1.5
179.011,-2.99875,-3.01269,1.50714,-3,-3,1.5
179.021,-2.99865,-3.01267,1.50715,-3,-3,1.5
179.031,-2.99854,-3.01266,1.50716,-3,-3,1.5
179.041,-2.99844,-3.01264,1.50718,-3,-3,1.5
179.051,-2.99834,-3.01263,1.50719,-3,-3,1.5
179.061,-2.99825,-3.01262,1.5072,-3,-3,1.5
179.071,-2.99815,-3.01261,1.50722,-3,-3,1.5
179.081,-2.99805,-3.0126,1.50722,-3,-3,1.5
179.091,-2.99795,-3.01259,1.50721,-3,-3,1.5
179.101,-2.99785,-3.01258,1.50719,-3,-3,1.5
179.111,-2.99776,-3.01257,1.50715,-3,-3,1.5
179.121,-2.99766,-3.01256,1.50713,-3,-3,1.5
179.131,-2.99756,-3.01255,1.50711,-3,-3,1.5
179.141,-2.99746,-3.01254,1.50711,-3,-3,1.5
179.151,-2.99737,-3.01253,1.50712,-3,-3,1.5
179.161,-2.99727,-3.01252,1.50712,-3,-3,1.5
179.171,-2.99717,-3.01251,1.50712,-3,-3,1.5
179.181,-2.99708,-3.01251,1.5071,-3,-3,1.5
179.191,-2.99699,-3.0125,1.50707,-3,-3,1.5
179.201,-2.99689,-3.01249,1.50704,-3,-3,1.5
179.211,-2.9968,-3.01248,1.50705,-3,-3,1.5
179.221,-2.99671,-3.01248,1.50707,-3,-3,1.5
179.231,-2.99663,-3.01247,1.50708,-3,-3,1.5
179.241,-2.99654,-3.01247,1.50703,-3,-3,1.5
179.251,-2.99646,-3.01247,1.50701,-3,-3,1.5
179.261,-2.99638,-3.01246,1.50704,-3,-3,1.5
179.271,-2.9963,-3.01246,1.50708,-3,-3,1.5
179.281,-2.99622,-3.01247,1.50711,-3,-3,1.5
179.291,-2.99614,-3.01247,1.50714,-3,-3,1.5
179.301,-2.99606,-3.01247,1.50713,-3,-3,1.5
179.311,-2.99599,-3.01247,1.50709,-3,-3,1.5
179.321,-2.99591,-3.01247,1.50706,-3,-3,1.5
179.331,-2.99583,-3.01247,1.50706,-3,-3,1.5
179.341,-2.99576,-3.01247,1.50708,-3,-3,1.5
179.351,-2.99568,-3.01248,1.5071,-3,-3,1.5
179.361,-2.9956,-3.01248,1.50712,-3,-3,1.5
179.371,-2.99552,-3.01248,1.50714,-3,-3,1.5
179.381,-2.99544,-3.01248,1.50716,-3,-3,1.5
179.391,-2.99536,-3.01249,1.50718,-3,-3,1.5
179.401,-2.99528,-3.01249,1.5072,-3,-3,1.5
179.411,-2.99519,-3.0125,1.50722,-3,-3,1.5
179.421,-2.99511,-3.0125,1.50723,-3,-3,1.5
179.431,-2.99502,-3.01251,1.50726,-3,-3,1.5
179.441,-2.99494,-3.01252,1.50728,-3,-3,1.5
179.451,-2.99485,-3.01252,1.50729,-3,-3,1.5
179.461,-2.99477,-3.01253,1.50729,-3,-3,1.5
179.471,-2.99468,-3.01253,1.5073,-3,-3,1.5
179.481,-2.99459,-3.01254,1.50733,-3,-3,1.5
179.491,-2.99449,-3.01254,1.50737,-3,-3,1.5
179.501,-2.9944,-3.01255,1.5074,-3,-3,1.5
179.511,-2.99431,-3.01255,1.50744,-3,-3,1.5
179.521,-2.99421,-3.01255,1.50748,-3,-3,1.5
179.531,-2.99412,-3.01255,1.5075,-3,-3,1.5
179.541,-2.99402,-3.01255,1.5075,-3,-3,1.5
179.551,-2.99393,-3.01256,1.50748,-3,-3,1.5
179.561,-2.99384,-3.01256,1.50749,-3,-3,1.5
179.571,-2.99375,-3.01257,1.50754,-3,-3,1.5
179.581,-2.99367,-3.01257,1.50762,-3,-3,1.5
179.591,-2.99359,-3.01258,1.50768,-3,-3,1.5
179.601,-2.99351,-3.01259,1.50774,-3,-3,1.5
179.611,-2.99344,-3.0126,1.50779,-3,-3,1.5
179.621,-2.99337,-3.01261,1.50784,-3,-3,1.5
179.631,-2.9933,-3.01262,1.50787,-3,-3,1.5
179.641,-2.99323,-3.01263,1.5079,-3,-3,1.5
179.651,-2.99316,-3.01264,1.50793,-3,-3,1.5
179.661,-2.9931,-3.01266,1.50795,-3,-3,1.5
179.671,-2.99304,-3.01267,1.50796,-3,-3,1.5
179.681,-2.99297,-3.01268,1.50799,-3,-3,1.5
179.691,-2.99291,-3.01269,1.50801,-3,-3,1.5
179.701,-2.99284,-3.01269,1.50804,-3,-3,1.5
179.711,-2.99278,-3.0127,1.50805,-3,-3,1.5
179.721,-2.99272,-3.01271,1.50806,-3,-3,1.5
179.73,-2.99265,-3.01272,1.50807,-3,-3,1.5
179.74,-2.99259,-3.01272,1.50809,-3,-3,1.5
179.75,-2.99252,-3.01273,1.50811,-3,-3,1.5
179.76,-2.99246,-3.01273,1.50813,-3,-3,1.5
179.77,-2.99239,-3.01273,1.50816,-3,-3,1.5
179.78,-2.99232,-3.01274,1.5082,-3,-3,1.5
179.79,-2.99225,-3.01274,1.50822,-3,-3,1.5
179.8,-2.99218,-3.01274,1.50824,-3,-3,1.5
179.81,-2.99211,-3.01274,1.50825,-3,-3,1.5
179.82,-2.99204,-3.01274,1.50826,-3,-3,1.5
179.83,-2.99197,-3.01274,1.50827,-3,-3,1.5
179.84,-2.9919,-3.01274,1.50828,-3,-3,1.5
179.85,-2.99182,-3.01274,1.5083,-3,-3,1.5
179.86,-2.99175,-3.01273,1.50831,-3,-3,1.5
179.87,-2.99167,-3.01273,1.50833,-3,-3,1.5
179.88,-2.99159,-3.01272,1.50834,-3,-3,1.5
179.89,-2.99151,-3.01272,1.50835,-3,-3,1.5
179.9,-2.99143,-3.01271,1.50836,-3,-3,1.5
179.91,-2.99135,-3.01271,1.50838,-3,-3,1.5
179.92,-2.99127,-3.0127,1.50842,-3,-3,1.5
179.93,-2.99118,-3.01269,1.50845,-3,-3,1.5
179.94,-2.9911,-3.01268,1.50848,-3,-3,1.5
179.95,-2.99101,-3.01267,1.50851,-3,-3,1.5
179.96,-2.99093,-3.01266,1.50853,-3,-3,1.5
179.97,-2.99084,-3.01265,1.50856,-3,-3,1.5
179.98,-2.99075,-3.01264,1.50857,-3,-3,1.5
179.99,-2.99067,-3.01263,1.50857,-3,-3,1.5
180,-2.99058,-3.01262,1.50857,-3,-3,1.5
180.01,-2.99049,-3.01261,1.50858,-3,-3,1.5
180.02,-2.9904,-3.01259,1.5086,-3,-3,1.5
180.03,-2.99031,-3.01258,1.50863,-3,-3,1.5
180.04,-2.99022,-3.01256,1.50867,-3,-3,1.5
180.05,-2.99013,-3.01255,1.5087,-3,-3,1.5
180.06,-2.99004,-3.01254,1.50873,-3,-3,1.5
180.07,-2.98995,-3.01252,1.50876,-3,-3,1.5
180.08,-2.98986,-3.01251,1.50879,-3,-3,1.5
180.09,-2.98976,-3.01249,1.50881,-3,-3,1.5
180.1,-2.98967,-3.01248,1.50883,-3,-3,1.5
180.11,-2.98958,-3.01246,1.50884,-3,-3,1.5
180.12,-2.98949,-3.01245,1.50886,-3,-3,1.5
180.13,-2.9894,-3.01243,1.50887,-3,-3,1.5
180.14,-2.98931,-3.01242,1.50888,-3,-3,1.5
180.15,-2.98922,-3.0124,1.50889,-3,-3,1.5
180.16,-2.98913,-3.01239,1.50891,-3,-3,1.5
180.17,-2.98904,-3.01237,1.50892,-3,-3,1.5
180.18,-2.98895,-3.01235,1.50893,-3,-3,1.5
180.19,-2.98886,-3.01233,1.50894,-3,-3,1.5
180.2,-2.98877,-3.01231,1.50895,-3,-3,1.5
180.21,-2.98868,-3.01229,1.50895,-3,-3,1.5
180.22,-2.98859,-3.01227,1.50896,-3,-3,1.5
180.23,-2.98849,-3.01225,1.50897,-3,-3,1.5
180.24,-2.9884,-3.01223,1.50897,-3,-3,1.5
180.25,-2.98831,-3.01221,1.50898,-3,-3,1.5
180.26,-2.98821,-3.01219,1.50898,-3,-3,1.5
180.27,-2.98811,-3.01216,1.50898,-3,-3,1.5
180.28,-2.98801,-3.01214,1.50898,-3,-3,1.5
180.29,-2.98791,-3.01211,1.50898,-3,-3,1.5
180.3,-2.98781,-3.01209,1.50897,-3,-3,1.5
180.31,-2.9877,-3.01206,1.50897,-3,-3,1.5
180.32,-2.9876,-3.01204,1.50897,-3,-3,1.5
180.33,-2.98749,-3.01201,1.50897,-3,-3,1.5
180.34,-2.98739,-3.01199,1.50897,-3,-3,1.5
180.35,-2.98728,-3.01196,1.50897,-3,-3,1.5
180.36,-2.98717,-3.01193,1.50896,-3,-3,1.5
180.37,-2.98706,-3.01191,1.50896,-3,-3,1.5
180.38,-2.98695,-3.01188,1.50896,-3,-3,1.5
180.39,-2.98684,-3.01185,1.50895,-3,-3,1.5
180.4,-2.98673,-3.01182,1.50895,-3,-3,1.5
180.41,-2.98662,-3.0118,1.50894,-3,-3,1.5
180.42,-2.98651,-3.01177,1.50892,-3,-3,1.5
180.43,-2.9864,-3.01174,1.5089,-3,-3,1.5
180.44,-2.98629,-3.01171,1.50888,-3,-3,1.5
180.45,-2.98618,-3.01168,1.50886,-3,-3,1.5
180.46,-2.98606,-3.01166,1.50885,-3,-3,1.5
180.47,-2.98595,-3.01163,1.50884,-3,-3,1.5
180.48,-2.98584,-3.01161,1.50883,-3,-3,1.5
180.49,-2.98573,-3.01158,1.50883,-3,-3,1.5
180.5,-2.98562,-3.01156,1.50882,-3,-3,1.5
180.51,-2.98551,-3.01153,1.50882,-3,-3,1.5
180.52,-2.98541,-3.01151,1.50881,-3,-3,1.5
180.53,-2.98531,-3.01149,1.50879,-3,-3,1.5
180.54,-2.98521,-3.01147,1.50877,-3,-3,1.5
180.55,-2.98511,-3.01145,1.50874,-3,-3,1.5
180.56,-2.98501,-3.01143,1.50872,-3,-3,1.5
180.57,-2.98493,-3.01141,1.5087,-3,-3,1.5
180.58,-2.98484,-3.01139,1.50868,-3,-3,1.5
180.59,-2.98476,-3.01137,1.50867,-3,-3,1.5
180.6,-2.98468,-3.01136,1.50865,-3,-3,1.5
180.61,-2.98461,-3.01134,1.50862,-3,-3,1.5
180.62,-2.98455,-3.01133,1.5086,-3,-3,1.5
180.63,-2.98448,-3.01132,1.50857,-3,-3,1.5
180.64,-2.98443,-3.01131,1.50854,-3,-3,1.5
180.65,-2.98437,-3.0113,1.50851,-3,-3,1.5
180.66,-2.98433,-3.01129,1.50848,-3,-3,1.5
180.67,-2.98428,-3.01128,1.50845,-3,-3,1.5
180.68,-2.98424,-3.01127,1.50843,-3,-3,1.5
180.69,-2.98421,-3.01127,1.50841,-3,-3,1.5
180.7,-2.98418,-3.01126,1.50839,-3,-3,1.5
180.71,-2.98416,-3.01125,1.50836,-3,-3,1.5
180.72,-2.98414,-3.01125,1.50834,-3,-3,1.5
180.73,-2.98413,-3.01124,1.50831,-3,-3,1.5
180.74,-2.98412,-3.01124,1.50828,-3,-3,1.5
180.75,-2.98411,-3.01124,1.50824,-3,-3,1.5
180.76,-2.98412,-3.01123,1.50821,-3,-3,1.5
180.77,-2.98412,-3.01123,1.50818,-3,-3,1.5
180.78,-2.98413,-3.01123,1.50815,-3,-3,1.5
180.79,-2.98414,-3.01123,1.50813,-3,-3,1.5
180.8,-2.98416,-3.01124,1.5081,-3,-3,1.5
180.81,-2.98417,-3.01124,1.50809,-3,-3,1.5
180.82,-2.98419,-3.01124,1.50807,-3,-3,1.5
180.83,-2.98421,-3.01125,1.50805,-3,-3,1.5
180.84,-2.98424,-3.01126,1.50803,-3,-3,1.5
180.85,-2.98426,-3.01127,1.50801,-3,-3,1.5
180.86,-2.98429,-3.01127,1.508,-3,-3,1.5
180.87,-2.98431,-3.01128,1.50799,-3,-3,1.5
180.88,-2.98434,-3.01129,1.50798,-3,-3,1.5
180.89,-2.98437,-3.0113,1.50798,-3,-3,1.5
180.9,-2.9844,-3.01131,1.50799,-3,-3,1.5
180.91,-2.98443,-3.01132,1.508,-3,-3,1.5
180.92,-2.98446,-3.01133,1.508,-3,-3,1.5
180.93,-2.98449,-3.01135,1.508,-3,-3,1.5
180.94,-2.98452,-3.01136,1.50799,-3,-3,1.5
180.95,-2.98456,-3.01137,1.50799,-3,-3,1.5
180.96,-2.98459,-3.01138,1.50798,-3,-3,1.5
180.97,-2.98462,-3.01139,1.50798,-3,-3,1.5
180.98,-2.98465,-3.0114,1.50797,-3,-3,1.5
180.99,-2.98468,-3.01141,1.50797,-3,-3,1.5
181,-2.9847,-3.01142,1.50796,-3,-3,1.5
181.01,-2.98473,-3.01142,1.50795,-3,-3,1.5
181.02,-2.98476,-3.01143,1.50793,-3,-3,1.5
181.03,-2.98479,-3.01144,1.50792,-3,-3,1.5
181.04,-2.98481,-3.01144,1.50791,-3,-3,1.5
181.05,-2.98484,-3.01145,1.50789,-3,-3,1.5
181.06,-2.98486,-3.01146,1.50788,-3,-3,1.5
181.07,-2.98488,-3.01146,1.50786,-3,-3,1.5
181.08,-2.9849,-3.01146,1.50785,-3,-3,1.5
181.09,-2.98493,-3.01147,1.50784,-3,-3,1.5
181.1,-2.98495,-3.01147,1.50782,-3,-3,1.5
181.11,-2.98496,-3.01147,1.50781,-3,-3,1.5
181.12,-2.98498,-3.01147,1.50779,-3,-3,1.5
181.13,-2.985,-3.01148,1.50777,-3,-3,1.5
181.14,-2.98501,-3.01148,1.50776,-3,-3,1.5
181.15,-2.98503,-3.01148,1.50775,-3,-3,1.5
181.16,-2.98505,-3.01149,1.50773,-3,-3,1.5
181.17,-2.98506,-3.01149,1.50771,-3,-3,1.5
181.18,-2.98507,-3.01149,1.50769,-3,-3,1.5
181.19,-2.98509,-3.0115,1.50767,-3,-3,1.5
181.2,-2.9851,-3.0115,1.50765,-3,-3,1.5
181.21,-2.98512,-3.01151,1.50763,-3,-3,1.5
181.22,-2.98514,-3.01151,1.5076,-3,-3,1.5
181.23,-2.98516,-3.01152,1.50758,-3,-3,1.5
181.24,-2.98518,-3.01153,1.50754,-3,-3,1.5
181.25,-2.9852,-3.01153,1.50749,-3,-3,1.5
181.26,-2.98523,-3.01154,1.50742,-3,-3,1.5
181.27,-2.98526,-3.01154,1.50737,-3,-3,1.5
181.28,-2.98529,-3.01155,1.50734,-3,-3,1.5
181.29,-2.98532,-3.01155,1.50731,-3,-3,1.5
181.3,-2.98535,-3.01156,1.5073,-3,-3,1.5
181.31,-2.98539,-3.01156,1.5073,-3,-3,1.5
181.32,-2.98542,-3.01156,1.50729,-3,-3,1.5
181.33,-2.98546,-3.01157,1.50728,-3,-3,1.5
181.34,-2.98549,-3.01157,1.50726,-3,-3,1.5
181.35,-2.98553,-3.01157,1.50724,-3,-3,1.5
181.36,-2.98557,-3.01158,1.50722,-3,-3,1.5
181.37,-2.98561,-3.01158,1.50719,-3,-3,1.5
181.38,-2.98566,-3.01159,1.50717,-3,-3,1.5
181.39,-2.9857,-3.01159,1.50714,-3,-3,1.5
181.4,-2.98575,-3.01159,1.50712,-3,-3,1.5
181.41,-2.98579,-3.0116,1.50709,-3,-3,1.5
181.42,-2.98584,-3.0116,1.50707,-3,-3,1.5
181.43,-2.9859,-3.0116,1.50705,-3,-3,1.5
181.44,-2.98595,-3.01161,1.50704,-3,-3,1.5
181.45,-2.986,-3.01161,1.50702,-3,-3,1.5
181.46,-2.98606,-3.01161,1.507,-3,-3,1.5
181.47,-2.98611,-3.01161,1.50699,-3,-3,1.5
181.48,-2.98617,-3.01161,1.50697,-3,-3,1.5
181.49,-2.98623,-3.01161,1.50696,-3,-3,1.5
181.5,-2.98628,-3.01161,1.50693,-3,-3,1.5
181.51,-2.98634,-3.01161,1.5069,-3,-3,1.5
181.52,-2.9864,-3.01161,1.50687,-3,-3,1.5
181.53,-2.98646,-3.0116,1.50684,-3,-3,1.5
181.54,-2.98652,-3.0116,1.50681,-3,-3,1.5
181.549,-2.98658,-3.0116,1.50678,-3,-3,1.5
181.559,-2.98663,-3.01159,1.50675,-3,-3,1.5
181.569,-2.98669,-3.01159,1.50673,-3,-3,1.5
181.579,-2.98675,-3.01158,1.5067,-3,-3,1.5
181.589,-2.98681,-3.01158,1.50667,-3,-3,1.5
181.599,-2.98686,-3.01158,1.50664,-3,-3,1.5
181.609,-2.98692,-3.01158,1.50661,-3,-3,1.5
181.619,-2.98697,-3.01157,1.50657,-3,-3,1.5
181.629,-2.98703,-3.01157,1.50654,-3,-3,1.5
181.639,-2.98709,-3.01157,1.50651,-3,-3,1.5
181.649,-2.98714,-3.01156,1.50649,-3,-3,1.5
181.659,-2.9872,-3.01156,1.50646,-3,-3,1.5
181.669,-2.98725,-3.01156,1.50643,-3,-3,1.5
181.679,-2.9873,-3.01155,1.50641,-3,-3,1.5
181.689,-2.98736,-3.01155,1.50638,-3,-3,1.5
181.699,-2.98741,-3.01154,1.50636,-3,-3,1.5
181.709,-2.98747,-3.01154,1.50633,-3,-3,1.5
181.719,-2.98752,-3.01153,1.50631,-3,-3,1.5
181.729,-2.98757,-3.01152,1.50628,-3,-3,1.5
181.739,-2.98763,-3.01152,1.50626,-3,-3,1.5
181.749,-2.98768,-3.01151,1.50623,-3,-3,1.5
181.759,-2.98773,-3.0115,1.50621,-3,-3,1.5
181.769,-2.98778,-3.01149,1.50618,-3,-3,1.5
181.779,-2.98784,-3.01148,1.50616,-3,-3,1.5
181.789,-2.98789,-3.01148,1.50613,-3,-3,1.5
181.799,-2.98794,-3.01147,1.50611,-3,-3,1.5
181.809,-2.98799,-3.01146,1.50608,-3,-3,1.5
181.819,-2.98804,-3.01144,1.50606,-3,-3,1.5
181.829,-2.9881,-3.01143,1.50604,-3,-3,1.5
181.839,-2.98815,-3.01142,1.50602,-3,-3,1.5
181.849,-2.9882,-3.01141,1.50599,-3,-3,1.5
181.859,-2.98825,-3.01139,1.50595,-3,-3,1.5
181.869,-2.9883,-3.01138,1.50591,-3,-3,1.5
181.879,-2.98836,-3.01136,1.50586,-3,-3,1.5
181.889,-2.98841,-3.01135,1.50582,-3,-3,1.5
181.899,-2.98846,-3.01133,1.50578,-3,-3,1.5
181.909,-2.98852,-3.01131,1.50575,-3,-3,1.5
181.919,-2.98857,-3.0113,1.50571,-3,-3,1.5
181.929,-2.98863,-3.01128,1.50567,-3,-3,1.5
181.939,-2.98868,-3.01126,1.50563,-3,-3,1.5
181.949,-2.98874,-3.01124,1.50559,-3,-3,1.5
181.959,-2.9888,-3.01122,1.50556,-3,-3,1.5
181.969,-2.98885,-3.0112,1.50552,-3,-3,1.5
181.979,-2.98891,-3.01118,1.50548,-3,-3,1.5
181.989,-2.98897,-3.01116,1.50545,-3,-3,1.5
181.999,-2.98903,-3.01113,1.50541,-3,-3,1.5
182.009,-2.98909,-3.01111,1.50537,-3,-3,1.5
182.019,-2.98915,-3.01109,1.50533,-3,-3,1.5
182.029,-2.98921,-3.01107,1.5053,-3,-3,1.5
182.039,-2.98927,-3.01104,1.50527,-3,-3,1.5
182.049,-2.98933,-3.01102,1.50524,-3,-3,1.5
182.059,-2.98939,-3.01099,1.50522,-3,-3,1.5
182.069,-2.98945,-3.01097,1.50519,-3,-3,1.5
182.079,-2.98951,-3.01094,1.50515,-3,-3,1.5
182.089,-2.98957,-3.01092,1.50511,-3,-3,1.5
182.099,-2.98963,-3.01089,1.5051,-3,-3,1.5
182.109,-2.98969,-3.01086,1.50509,-3,-3,1.5
182.119,-2.98974,-3.01083,1.50508,-3,-3,1.5
182.129,-2.9898,-3.01081,1.50507,-3,-3,1.5
182.139,-2.98986,-3.01078,1.50509,-3,-3,1.5
182.149,-2.98992,-3.01075,1.50513,-3,-3,1.5
182.159,-2.98998,-3.01073,1.50516,-3,-3,1.5
182.169,-2.99004,-3.0107,1.50516,-3,-3,1.5
182.179,-2.99009,-3.01067,1.50516,-3,-3,1.5
182.189,-2.99015,-3.01065,1.50515,-3,-3,1.5
182.199,-2.99021,-3.01062,1.50514,-3,-3,1.5
182.209,-2.99027,-3.0106,1.50513,-3,-3,1.5
182.219,-2.99033,-3.01057,1.50511,-3,-3,1.5
182.229,-2.99039,-3.01055,1.50509,-3,-3,1.5
182.239,-2.99045,-3.01053,1.50508,-3,-3,1.5
182.249,-2.99051,-3.01051,1.50505,-3,-3,1.5
182.259,-2.99057,-3.01048,1.50501,-3,-3,1.5
182.269,-2.99063,-3.01046,1.50498,-3,-3,1.5
182.279,-2.99069,-3.01044,1.50495,-3,-3,1.5
182.289,-2.99075,-3.01042,1.50493,-3,-3,1.5
182.299,-2.99081,-3.0104,1.50492,-3,-3,1.5
182.309,-2.99087,-3.01038,1.5049,-3,-3,1.5
182.319,-2.99093,-3.01036,1.50493,-3,-3,1.5
182.329,-2.99099,-3.01034,1.50498,-3,-3,1.5
182.339,-2.99106,-3.01032,1.50503,-3,-3,1.5
182.349,-2.99112,-3.0103,1.50508,-3,-3,1.5
182.359,-2.99119,-3.01029,1.50512,-3,-3,1.5
182.369,-2.99125,-3.01027,1.50515,-3,-3,1.5
182.379,-2.99132,-3.01025,1.50516,-3,-3,1.5
182.389,-2.99139,-3.01024,1.50517,-3,-3,1.5
182.399,-2.99146,-3.01023,1.50517,-3,-3,1.5
182.409,-2.99153,-3.01022,1.50517,-3,-3,1.5
182.419,-2.99161,-3.0102,1.50516,-3,-3,1.5
182.429,-2.99168,-3.01019,1.50515,-3,-3,1.5
182.439,-2.99176,-3.01018,1.50513,-3,-3,1.5
182.449,-2.99183,-3.01017,1.5051,-3,-3,1.5
182.459,-2.99191,-3.01016,1.50509,-3,-3,1.5
182.469,-2.99198,-3.01015,1.5051,-3,-3,1.5
182.479,-2.99206,-3.01015,1.50511,-3,-3,1.5
182.489,-2.99213,-3.01014,1.50511,-3,-3,1.5
182.499,-2.99221,-3.01013,1.50511,-3,-3,1.5
182.509,-2.99228,-3.01012,1.5051,-3,-3,1.5
182.519,-2.99236,-3.01012,1.5051,-3,-3,1.5
182.529,-2.99244,-3.01011,1.50514,-3,-3,1.5
182.539,-2.99252,-3.0101,1.50518,-3,-3,1.5
182.549,-2.99259,-3.0101,1.5052,-3,-3,1.5
182.559,-2.99267,-3.0101,1.50522,-3,-3,1.5
182.569,-2.99275,-3.01009,1.50524,-3,-3,1.5
182.579,-2.99283,-3.01009,1.50526,-3,-3,1.5
182.589,-2.99291,-3.01009,1.50528,-3,-3,1.5
182.599,-2.993,-3.01009,1.5053,-3,-3,1.5
182.609,-2.99308,-3.01009,1.50532,-3,-3,1.5
182.619,-2.99317,-3.01009,1.50533,-3,-3,1.5
182.629,-2.99325,-3.0101,1.50536,-3,-3,1.5
182.639,-2.99334,-3.01011,1.50541,-3,-3,1.5
182.649,-2.99343,-3.01012,1.50548,-3,-3,1.5
182.659,-2.99352,-3.01013,1.50554,-3,-3,1.5
182.669,-2.99361,-3.01014,1.50559,-3,-3,1.5
182.679,-2.9937,-3.01016,1.50562,-3,-3,1.5
182.689,-2.99379,-3.01018,1.50565,-3,-3,1.5
182.699,-2.99388,-3.0102,1.50567,-3,-3,1.5
182.709,-2.99397,-3.01022,1.50569,-3,-3,1.5
182.719,-2.99406,-3.01024,1.50568,-3,-3,1.5
182.729,-2.99415,-3.01027,1.50564,-3,-3,1.5
182.739,-2.99424,-3.01029,1.5056,-3,-3,1.5
182.749,-2.99432,-3.01032,1.5056,-3,-3,1.5
182.759,-2.99441,-3.01034,1.50561,-3,-3,1.5
182.769,-2.9945,-3.01037,1.50561,-3,-3,1.5
182.779,-2.99459,-3.01039,1.50563,-3,-3,1.5
182.789,-2.99468,-3.01042,1.50565,-3,-3,1.5
182.799,-2.99477,-3.01044,1.50567,-3,-3,1.5
182.809,-2.99486,-3.01047,1.50569,-3,-3,1.5
182.819,-2.99495,-3.01049,1.50569,-3,-3,1.5
182.829,-2.99504,-3.01051,1.50569,-3,-3,1.5
182.839,-2.99514,-3.01054,1.50568,-3,-3,1.5
182.849,-2.99523,-3.01056,1.50566,-3,-3,1.5
182.859,-2.99533,-3.01059,1.50562,-3,-3,1.5
182.869,-2.99542,-3.01061,1.50558,-3,-3,1.5
182.879,-2.99552,-3.01063,1.50554,-3,-3,1.5
182.889,-2.99561,-3.01066,1.50552,-3,-3,1.5
182.899,-2.9957,-3.01068,1.50549,-3,-3,1.5
182.909,-2.9958,-3.0107,1.50545,-3,-3,1.5
182.919,-2.99589,-3.01072,1.50539,-3,-3,1.5
182.929,-2.99598,-3.01074,1.50537,-3,-3,1.5
182.939,-2.99607,-3.01076,1.50538,-3,-3,1.5
182.949,-2.99617,-3.01078,1.50538,-3,-3,1.5
182.959,-2.99626,-3.01079,1.50538,-3,-3,1.5
182.969,-2.99635,-3.01081,1.50537,-3,-3,1.5
182.979,-2.99644,-3.01082,1.50536,-3,-3,1.5
182.989,-2.99652,-3.01083,1.50534,-3,-3,1.5
182.999,-2.99661,-3.01083,1.50533,-3,-3,1.5
183.009,-2.9967,-3.01084,1.50531,-3,-3,1.5
183.019,-2.99678,-3.01084,1.5053,-3,-3,1.5
183.029,-2.99686,-3.01085,1.50528,-3,-3,1.5
183.039,-2.99694,-3.01085,1.50526,-3,-3,1.5
183.049,-2.99702,-3.01085,1.50524,-3,-3,1.5
183.059,-2.9971,-3.01086,1.50522,-3,-3,1.5
183.069,-2.99718,-3.01086,1.50519,-3,-3,1.5
183.079,-2.99725,-3.01086,1.50516,-3,-3,1.5
183.089,-2.99733,-3.01086,1.50513,-3,-3,1.5
183.099,-2.9974,-3.01086,1.5051,-3,-3,1.5
183.109,-2.99748,-3.01086,1.50506,-3,-3,1.5
183.119,-2.99755,-3.01085,1.50503,-3,-3,1.5
183.129,-2.99762,-3.01085,1.505,-3,-3,1.5
183.139,-2.9977,-3.01085,1.50497,-3,-3,1.5
183.149,-2.99777,-3.01084,1.50494,-3,-3,1.5
183.159,-2.99784,-3.01084,1.50491,-3,-3,1.5
183.169,-2.99791,-3.01083,1.50488,-3,-3,1.5
183.179,-2.99799,-3.01082,1.50485,-3,-3,1.5
183.189,-2.99806,-3.01082,1.50483,-3,-3,1.5
183.199,-2.99813,-3.01081,1.5048,-3,-3,1.5
183.209,-2.99821,-3.0108,1.50477,-3,-3,1.5
183.219,-2.99829,-3.01079,1.50473,-3,-3,1.5
183.229,-2.99836,-3.01077,1.50471,-3,-3,1.5
183.239,-2.99844,-3.01076,1.50467,-3,-3,1.5
183.249,-2.99852,-3.01075,1.50467,-3,-3,1.5
183.259,-2.9986,-3.01073,1.50469,-3,-3,1.5
183.269,-2.99868,-3.01072,1.50471,-3,-3,1.5
183.279,-2.99876,-3.0107,1.50473,-3,-3,1.5
183.289,-2.99885,-3.01068,1.50475,-3,-3,1.5
183.299,-2.99893,-3.01067,1.50476,-3,-3,1.5
183.309,-2.99902,-3.01065,1.50477,-3,-3,1.5
183.319,-2.9991,-3.01064,1.50476,-3,-3,1.5
183.329,-2.99919,-3.01062,1.50474,-3,-3,1.5
183.339,-2.99928,-3.01061,1.50472,-3,-3,1.5
183.349,-2.99937,-3.01059,1.5047,-3,-3,1.5
183.359,-2.99945,-3.01058,1.50468,-3,-3,1.5
183.368,-2.99954,-3.01056,1.50465,-3,-3,1.5
183.378,-2.99963,-3.01054,1.50464,-3,-3,1.5
183.388,-2.99971,-3.01053,1.50464,-3,-3,1.5
183.398,-2.99979,-3.01051,1.50463,-3,-3,1.5
183.408,-2.99987,-3.01049,1.50461,-3,-3,1.5
183.418,-2.99996,-3.01048,1.50459,-3,-3,1.5
183.428,-3.00004,-3.01046,1.50457,-3,-3,1.5
183.438,-3.00012,-3.01044,1.50456,-3,-3,1.5
183.448,-3.0002,-3.01042,1.50456,-3,-3,1.5
183.458,-3.00028,-3.01041,1.50456,-3,-3,1.5
183.468,-3.00036,-3.01039,1.50457,-3,-3,1.5
183.478,-3.00043,-3.01037,1.50459,-3,-3,1.5
183.488,-3.00051,-3.01035,1.5046,-3,-3,1.5
183.498,-3.00058,-3.01033,1.50459,-3,-3,1.5
183.508,-3.00066,-3.01031,1.50459,-3,-3,1.5
183.518,-3.00073,-3.01029,1.5046,-3,-3,1.5
183.528,-3.0008,-3.01028,1.50464,-3,-3,1.5
183.538,-3.00088,-3.01026,1.50466,-3,-3,1.5
183.548,-3.00095,-3.01024,1.50466,-3,-3,1.5
183.558,-3.00102,-3.01022,1.50466,-3,-3,1.5
183.568,-3.00109,-3.0102,1.50465,-3,-3,1.5
183.578,-3.00116,-3.01018,1.50464,-3,-3,1.5
183.588,-3.00123,-3.01016,1.50464,-3,-3,1.5
183.598,-3.0013,-3.01015,1.50463,-3,-3,1.5
183.608,-3.00137,-3.01013,1.50461,-3,-3,1.5
183.618,-3.00143,-3.0101,1.5046,-3,-3,1.5
183.628,-3.00149,-3.01008,1.50459,-3,-3,1.5
183.638,-3.00155,-3.01006,1.50458,-3,-3,1.5
183.648,-3.00161,-3.01004,1.50457,-3,-3,1.5
183.658,-3.00167,-3.01002,1.50456,-3,-3,1.5
183.668,-3.00172,-3.01,1.50455,-3,-3,1.5
183.678,-3.00177,-3.00998,1.50453,-3,-3,1.5
183.688,-3.00182,-3.00996,1.50452,-3,-3,1.5
183.698,-3.00187,-3.00993,1.5045,-3,-3,1.5
183.708,-3.00191,-3.00991,1.50449,-3,-3,1.5
183.718,-3.00195,-3.00989,1.50447,-3,-3,1.5
183.728,-3.00199,-3.00987,1.50445,-3,-3,1.5
183.738,-3.00202,-3.00985,1.50444,-3,-3,1.5
183.748,-3.00206,-3.00983,1.50442,-3,-3,1.5
183.758,-3.00209,-3.00981,1.50439,-3,-3,1.5
183.768,-3.00211,-3.00979,1.50437,-3,-3,1.5
183.778,-3.00214,-3.00977,1.50435,-3,-3,1.5
183.788,-3.00216,-3.00975,1.50433,-3,-3,1.5
183.798,-3.00218,-3.00973,1.50431,-3,-3,1.5
183.808,-3.00219,-3.00971,1.50429,-3,-3,1.5
183.818,-3.0022,-3.00969,1.50427,-3,-3,1.5
183.828,-3.00221,-3.00967,1.50424,-3,-3,1.5
183.838,-3.00222,-3.00965,1.50422,-3,-3,1.5
183.848,-3.00223,-3.00963,1.50419,-3,-3,1.5
183.858,-3.00223,-3.00962,1.50418,-3,-3,1.5
183.868,-3.00223,-3.0096,1.50416,-3,-3,1.5
183.878,-3.00223,-3.00958,1.50416,-3,-3,1.5
183.888,-3.00223,-3.00957,1.50415,-3,-3,1.5
183.898,-3.00222,-3.00955,1.50415,-3,-3,1.5
183.908,-3.00222,-3.00954,1.50414,-3,-3,1.5
183.918,-3.00221,-3.00952,1.50413,-3,-3,1.5
183.928,-3.0022,-3.00951,1.50413,-3,-3,1.5
183.938,-3.00219,-3.00949,1.50412,-3,-3,1.5
183.948,-3.00218,-3.00947,1.50412,-3,-3,1.5
183.958,-3.00217,-3.00946,1.50411,-3,-3,1.5
183.968,-3.00216,-3.00944,1.5041,-3,-3,1.5
183.978,-3.00215,-3.00943,1.5041,-3,-3,1.5
183.988,-3.00214,-3.00941,1.50409,-3,-3,1.5
183.998,-3.00213,-3.0094,1.50409,-3,-3,1.5
184.008,-3.00212,-3.00938,1.50409,-3,-3,1.5
184.018,-3.00211,-3.00937,1.50409,-3,-3,1.5
184.028,-3.00211,-3.00935,1.50409,-3,-3,1.5
184.038,-3.0021,-3.00934,1.50409,-3,-3,1.5
184.048,-3.0021,-3.00932,1.50409,-3,-3,1.5
184.058,-3.0021,-3.00931,1.5041,-3,-3,1.5
184.068,-3.0021,-3.00929,1.5041,-3,-3,1.5
184.078,-3.0021,-3.00928,1.5041,-3,-3,1.5
184.088,-3.00211,-3.00926,1.50411,-3,-3,1.5
184.098,-3.00212,-3.00924,1.50413,-3,-3,1.5
184.108,-3.00213,-3.00923,1.50414,-3,-3,1.5
184.118,-3.00214,-3.00921,1.50415,-3,-3,1.5
184.128,-3.00215,-3.00919,1.50416,-3,-3,1.5
184.138,-3.00217,-3.00918,1.50417,-3,-3,1.5
184.148,-3.00219,-3.00916,1.50418,-3,-3,1.5
184.158,-3.00221,-3.00914,1.5042,-3,-3,1.5
184.168,-3.00224,-3.00913,1.50422,-3,-3,1.5
184.178,-3.00226,-3.00911,1.50423,-3,-3,1.5
184.188,-3.00229,-3.00909,1.50425,-3,-3,1.5
184.198,-3.00232,-3.00908,1.50427,-3,-3,1.5
184.208,-3.00236,-3.00906,1.50429,-3,-3,1.5
184.218,-3.00239,-3.00904,1.50431,-3,-3,1.5
184.228,-3.00243,-3.00903,1.50435,-3,-3,1.5
184.238,-3.00247,-3.00901,1.50438,-3,-3,1.5
184.248,-3.00251,-3.009,1.50441,-3,-3,1.5
184.258,-3.00256,-3.00899,1.50444,-3,-3,1.5
184.268,-3.0026,-3.00898,1.50447,-3,-3,1.5
184.278,-3.00265,-3.00897,1.50451,-3,-3,1.5
184.288,-3.0027,-3.00896,1.50453,-3,-3,1.5
184.298,-3.00275,-3.00895,1.50457,-3,-3,1.5
184.308,-3.0028,-3.00895,1.5046,-3,-3,1.5
184.318,-3.00285,-3.00895,1.50464,-3,-3,1.5
184.328,-3.00291,-3.00894,1.50468,-3,-3,1.5
184.338,-3.00296,-3.00894,1.50472,-3,-3,1.5
184.348,-3.00302,-3.00894,1.50476,-3,-3,1.5
184.358,-3.00308,-3.00894,1.5048,-3,-3,1.5
184.368,-3.00313,-3.00895,1.50483,-3,-3,1.5
184.378,-3.00319,-3.00895,1.50486,-3,-3,1.5
184.388,-3.00325,-3.00896,1.50489,-3,-3,1.5
184.398,-3.00331,-3.00897,1.50491,-3,-3,1.5
184.408,-3.00336,-3.00898,1.50493,-3,-3,1.5
184.418,-3.00342,-3.00899,1.50493,-3,-3,1.5
184.428,-3.00347,-3.009,1.50493,-3,-3,1.5
184.438,-3.00352,-3.00901,1.50495,-3,-3,1.5
184.448,-3.00357,-3.00902,1.50498,-3,-3,1.5
184.458,-3.00361,-3.00903,1.50501,-3,-3,1.5
184.468,-3.00366,-3.00904,1.50503,-3,-3,1.5
184.478,-3.0037,-3.00905,1.50506,-3,-3,1.5
184.488,-3.00374,-3.00906,1.50508,-3,-3,1.5
184.498,-3.00378,-3.00907,1.5051,-3,-3,1.5
184.508,-3.00382,-3.00908,1.5051,-3,-3,1.5
184.518,-3.00386,-3.0091,1.50509,-3,-3,1.5
184.528,-3.0039,-3.00911,1.50508,-3,-3,1.5
184.538,-3.00394,-3.00912,1.50507,-3,-3,1.5
184.548,-3.00398,-3.00913,1.50506,-3,-3,1.5
184.558,-3.00402,-3.00914,1.50506,-3,-3,1.5
184.568,-3.00407,-3.00916,1.50508,-3,-3,1.5
184.578,-3.00411,-3.00917,1.5051,-3,-3,1.5
184.588,-3.00416,-3.00918,1.50511,-3,-3,1.5
184.598,-3.0042,-3.00919,1.50511,-3,-3,1.5
184.608,-3.00425,-3.0092,1.50512,-3,-3,1.5
184.618,-3.00429,-3.00921,1.50512,-3,-3,1.5
184.628,-3.00433,-3.00922,1.50514,-3,-3,1.5
184.638,-3.00437,-3.00923,1.50518,-3,-3,1.5
184.648,-3.00441,-3.00924,1.50523,-3,-3,1.5
184.658,-3.00444,-3.00925,1.50527,-3,-3,1.5
184.668,-3.00447,-3.00926,1.50531,-3,-3,1.5
184.678,-3.0045,-3.00927,1.50535,-3,-3,1.5
184.688,-3.00453,-3.00928,1.50539,-3,-3,1.5
184.698,-3.00455,-3.00929,1.50542,-3,-3,1.5
184.708,-3.00458,-3.0093,1.50545,-3,-3,1.5
184.718,-3.0046,-3.0093,1.50546,-3,-3,1.5
184.728,-3.00462,-3.00931,1.50547,-3,-3,1.5
184.738,-3.00464,-3.00932,1.50548,-3,-3,1.5
184.748,-3.00466,-3.00933,1.50548,-3,-3,1.5
184.758,-3.00468,-3.00934,1.5055,-3,-3,1.5
184.768,-3.00469,-3.00934,1.50551,-3,-3,1.5
184.778,-3.0047,-3.00935,1.50554,-3,-3,1.5
184.788,-3.0047,-3.00936,1.50556,-3,-3,1.5
184.798,-3.00471,-3.00936,1.50557,-3,-3,1.5
184.808,-3.00471,-3.00937,1.50559,-3,-3,1.5
184.818,-3.0047,-3.00937,1.5056,-3,-3,1.5
184.828,-3.0047,-3.00938,1.50561,-3,-3,1.5
184.838,-3.00469,-3.00938,1.50563,-3,-3,1.5
184.848,-3.00468,-3.00938,1.50565,-3,-3,1.5
184.858,-3.00466,-3.00938,1.50566,-3,-3,1.5
184.868,-3.00465,-3.00939,1.50567,-3,-3,1.5
184.878,-3.00463,-3.00939,1.50568,-3,-3,1.5
184.888,-3.00461,-3.00939,1.5057,-3,-3,1.5
184.898,-3.00458,-3.00939,1.50572,-3,-3,1.5
184.908,-3.00455,-3.00939,1.50573,-3,-3,1.5
184.918,-3.00452,-3.00939,1.50575,-3,-3,1.5
184.928,-3.00449,-3.00939,1.50576,-3,-3,1.5
184.938,-3.00446,-3.00939,1.50577,-3,-3,1.5
184.948,-3.00442,-3.00939,1.50578,-3,-3,1.5
184.958,-3.00438,-3.00939,1.50578,-3,-3,1.5
184.968,-3.00434,-3.00939,1.50579,-3,-3,1.5
184.978,-3.00429,-3.00939,1.5058,-3,-3,1.5
184.988,-3.00425,-3.00939,1.50581,-3,-3,1.5
184.998,-3.00419,-3.00939,1.50584,-3,-3,1.5
185.008,-3.00414,-3.00939,1.50587,-3,-3,1.5
185.018,-3.00408,-3.00939,1.5059,-3,-3,1.5
185.028,-3.00402,-3.00939,1.50591,-3,-3,1.5
185.038,-3.00396,-3.00939,1.50593,-3,-3,1.5
185.048,-3.0039,-3.00938,1.50596,-3,-3,1.5
185.058,-3.00383,-3.00938,1.50598,-3,-3,1.5
185.068,-3.00376,-3.00938,1.50601,-3,-3,1.5
185.078,-3.00369,-3.00938,1.50602,-3,-3,1.5
185.088,-3.00362,-3.00937,1.50605,-3,-3,1.5
185.098,-3.00354,-3.00937,1.5061,-3,-3,1.5
185.108,-3.00347,-3.00937,1.50615,-3,-3,1.5
185.118,-3.00339,-3.00936,1.50618,-3,-3,1.5
185.128,-3.00331,-3.00936,1.50622,-3,-3,1.5
185.138,-3.00323,-3.00935,1.50626,-3,-3,1.5
185.148,-3.00316,-3.00935,1.50629,-3,-3,1.5
185.158,-3.00308,-3.00935,1.50631,-3,-3,1.5
185.168,-3.003,-3.00935,1.50634,-3,-3,1.5
185.178,-3.00292,-3.00935,1.50636,-3,-3,1.5
185.188,-3.00284,-3.00935,1.50639,-3,-3,1.5
185.197,-3.00276,-3.00935,1.50643,-3,-3,1.5
185.207,-3.00268,-3.00935,1.50647,-3,-3,1.5
185.217,-3.0026,-3.00935,1.50651,-3,-3,1.5
185.227,-3.00252,-3.00935,1.50654,-3,-3,1.5
185.237,-3.00243,-3.00935,1.50656,-3,-3,1.5
185.247,-3.00235,-3.00935,1.50658,-3,-3,1.5
185.257,-3.00227,-3.00935,1.5066,-3,-3,1.5
185.267,-3.00219,-3.00935,1.50662,-3,-3,1.5
185.277,-3.00211,-3.00935,1.50663,-3,-3,1.5
185.287,-3.00202,-3.00935,1.50665,-3,-3,1.5
185.297,-3.00194,-3.00935,1.50667,-3,-3,1.5
185.307,-3.00186,-3.00935,1.5067,-3,-3,1.5
185.317,-3.00178,-3.00935,1.50672,-3,-3,1.5
185.327,-3.00169,-3.00935,1.50674,-3,-3,1.5
185.337,-3.00161,-3.00935,1.50677,-3,-3,1.5
185.347,-3.00152,-3.00935,1.5068,-3,-3,1.5
185.357,-3.00144,-3.00935,1.50684,-3,-3,1.5
185.367,-3.00135,-3.00934,1.50688,-3,-3,1.5
185.377,-3.00126,-3.00934,1.50691,-3,-3,1.5
185.387,-3.00117,-3.00934,1.50694,-3,-3,1.5
185.397,-3.00108,-3.00933,1.50698,-3,-3,1.5
185.407,-3.00099,-3.00933,1.50702,-3,-3,1.5
185.417,-3.0009,-3.00932,1.50705,-3,-3,1.5
185.427,-3.0008,-3.00932,1.50709,-3,-3,1.5
185.437,-3.0007,-3.00931,1.50712,-3,-3,1.5
185.447,-3.00061,-3.00931,1.50716,-3,-3,1.5
185.457,-3.00051,-3.0093,1.50719,-3,-3,1.5
185.467,-3.0004,-3.00929,1.50721,-3,-3,1.5
185.477,-3.0003,-3.00928,1.50723,-3,-3,1.5
185.487,-3.00019,-3.00928,1.50723,-3,-3,1.5
185.497,-3.00009,-3.00927,1.50723,-3,-3,1.5
185.507,-2.99998,-3.00926,1.50724,-3,-3,1.5
185.517,-2.99986,-3.00925,1.50723,-3,-3,1.5
185.527,-2.99975,-3.00925,1.50724,-3,-3,1.5
185.537,-2.99964,-3.00925,1.50724,-3,-3,1.5
185.547,-2.99952,-3.00924,1.50724,-3,-3,1.5
185.557,-2.99941,-3.00924,1.50726,-3,-3,1.5
185.567,-2.99929,-3.00924,1.50729,-3,-3,1.5
185.577,-2.99918,-3.00924,1.5073,-3,-3,1.5
185.587,-2.99906,-3.00925,1.50731,-3,-3,1.5
185.597,-2.99895,-3.00925,1.50732,-3,-3,1.5
185.607,-2.99884,-3.00926,1.50734,-3,-3,1.5
185.617,-2.99872,-3.00927,1.50738,-3,-3,1.5
185.627,-2.99861,-3.00928,1.50738,-3,-3,1.5
185.637,-2.9985,-3.00929,1.50734,-3,-3,1.5
185.647,-2.9984,-3.00929,1.50731,-3,-3,1.5
185.657,-2.99829,-3.0093,1.5073,-3,-3,1.5
185.667,-2.99818,-3.00932,1.50729,-3,-3,1.5
185.677,-2.99808,-3.00933,1.50724,-3,-3,1.5
185.687,-2.99798,-3.00934,1.50717,-3,-3,1.5
185.697,-2.99788,-3.00935,1.50711,-3,-3,1.5
185.707,-2.99778,-3.00936,1.50707,-3,-3,1.5
185.717,-2.99769,-3.00938,1.50701,-3,-3,1.5
185.727,-2.9976,-3.00939,1.50697,-3,-3,1.5
185.737,-2.99751,-3.0094,1.50691,-3,-3,1.5
185.747,-2.99743,-3.00941,1.50687,-3,-3,1.5
185.757,-2.99734,-3.00942,1.50682,-3,-3,1.5
185.767,-2.99726,-3.00943,1.50677,-3,-3,1.5
185.777,-2.99718,-3.00944,1.5067,-3,-3,1.5
185.787,-2.9971,-3.00945,1.50663,-3,-3,1.5
185.797,-2.99703,-3.00946,1.50657,-3,-3,1.5
185.807,-2.99695,-3.00947,1.50651,-3,-3,1.5
185.817,-2.99688,-3.00947,1.50645,-3,-3,1.5
185.827,-2.99681,-3.00948,1.5064,-3,-3,1.5
185.837,-2.99674,-3.00948,1.50636,-3,-3,1.5
185.847,-2.99667,-3.00947,1.50634,-3,-3,1.5
185.857,-2.9966,-3.00947,1.50634,-3,-3,1.5
185.867,-2.99654,-3.00946,1.50635,-3,-3,1.5
185.877,-2.99647,-3.00946,1.50636,-3,-3,1.5
185.887,-2.9964,-3.00945,1.50637,-3,-3,1.5
185.897,-2.99633,-3.00943,1.50639,-3,-3,1.5
185.907,-2.99626,-3.00942,1.50637,-3,-3,1.5
185.917,-2.99619,-3.00941,1.50632,-3,-3,1.5
185.927,-2.99612,-3.00939,1.5063,-3,-3,1.5
185.937,-2.99605,-3.00937,1.50628,-3,-3,1.5
185.947,-2.99598,-3.00936,1.50628,-3,-3,1.5
185.957,-2.99591,-3.00934,1.5063,-3,-3,1.5
185.967,-2.99584,-3.00932,1.50633,-3,-3,1.5
185.977,-2.99578,-3.00931,1.50637,-3,-3,1.5
185.987,-2.99571,-3.00929,1.50639,-3,-3,1.5
185.997,-2.99564,-3.00928,1.50639,-3,-3,1.5
186.007,-2.99558,-3.00927,1.5064,-3,-3,1.5
186.017,-2.99551,-3.00926,1.50643,-3,-3,1.5
186.027,-2.99545,-3.00925,1.50645,-3,-3,1.5
186.037,-2.99538,-3.00925,1.50647,-3,-3,1.5
186.047,-2.99531,-3.00924,1.50649,-3,-3,1.5
186.057,-2.99525,-3.00924,1.5065,-3,-3,1.5
186.067,-2.99518,-3.00924,1.50652,-3,-3,1.5
186.077,-2.99512,-3.00923,1.50654,-3,-3,1.5
186.087,-2.99505,-3.00923,1.50657,-3,-3,1.5
186.097,-2.99498,-3.00923,1.5066,-3,-3,1.5
186.107,-2.99492,-3.00923,1.50664,-3,-3,1.5
186.117,-2.99485,-3.00923,1.50667,-3,-3,1.5
186.127,-2.99478,-3.00923,1.5067,-3,-3,1.5
186.137,-2.99471,-3.00922,1.50673,-3,-3,1.5
186.147,-2.99464,-3.00922,1.50676,-3,-3,1.5
186.157,-2.99456,-3.00922,1.50677,-3,-3,1.5
186.167,-2.99449,-3.00922,1.50678,-3,-3,1.5
186.177,-2.99441,-3.00922,1.50679,-3,-3,1.5
186.187,-2.99434,-3.00921,1.5068,-3,-3,1.5
186.197,-2.99426,-3.00921,1.50681,-3,-3,1.5
186.207,-2.99419,-3.0092,1.50683,-3,-3,1.5
186.217,-2.99411,-3.0092,1.50684,-3,-3,1.5
186.227,-2.99404,-3.0092,1.50685,-3,-3,1.5
186.237,-2.99396,-3.00919,1.50687,-3,-3,1.5
186.247,-2.99388,-3.00919,1.50689,-3,-3,1.5
186.257,-2.99381,-3.00918,1.5069,-3,-3,1.5
186.267,-2.99373,-3.00918,1.50692,-3,-3,1.5
186.277,-2.99365,-3.00917,1.50693,-3,-3,1.5
186.287,-2.99357,-3.00916,1.50695,-3,-3,1.5
186.297,-2.99349,-3.00916,1.50698,-3,-3,1.5
186.307,-2.9934,-3.00915,1.50703,-3,-3,1.5
186.317,-2.99332,-3.00914,1.50707,-3,-3,1.5
186.327,-2.99323,-3.00914,1.50711,-3,-3,1.5
186.337,-2.99315,-3.00913,1.50715,-3,-3,1.5
186.347,-2.99306,-3.00912,1.50719,-3,-3,1.5
186.357,-2.99297,-3.00912,1.50721,-3,-3,1.5
186.367,-2.99287,-3.00911,1.50722,-3,-3,1.5
186.377,-2.99278,-3.0091,1.50723,-3,-3,1.5
186.387,-2.99268,-3.0091,1.50724,-3,-3,1.5
186.397,-2.99258,-3.00909,1.50725,-3,-3,1.5
186.407,-2.99248,-3.00908,1.50726,-3,-3,1.5
186.417,-2.99238,-3.00908,1.50727,-3,-3,1.5
186.427,-2.99227,-3.00907,1.50726,-3,-3,1.5
186.437,-2.99216,-3.00906,1.50726,-3,-3,1.5
186.447,-2.99206,-3.00905,1.50725,-3,-3,1.5
186.457,-2.99195,-3.00904,1.50724,-3,-3,1.5
186.467,-2.99184,-3.00903,1.50724,-3,-3,1.5
186.477,-2.99173,-3.00903,1.50723,-3,-3,1.5
186.487,-2.99162,-3.00902,1.50723,-3,-3,1.5
186.497,-2.99151,-3.00901,1.50722,-3,-3,1.5
186.507,-2.99141,-3.009,1.50721,-3,-3,1.5
186.517,-2.9913,-3.00899,1.50719,-3,-3,1.5
186.527,-2.9912,-3.00898,1.50717,-3,-3,1.5
186.537,-2.99109,-3.00897,1.50715,-3,-3,1.5
186.547,-2.99099,-3.00896,1.50713,-3,-3,1.5
186.557,-2.99089,-3.00895,1.50711,-3,-3,1.5
186.567,-2.9908,-3.00894,1.50709,-3,-3,1.5
186.577,-2.9907,-3.00893,1.50706,-3,-3,1.5
186.587,-2.99062,-3.00893,1.50704,-3,-3,1.5
186.597,-2.99053,-3.00892,1.50701,-3,-3,1.5
186.607,-2.99045,-3.00891,1.50698,-3,-3,1.5
186.617,-2.99037,-3.00891,1.50696,-3,-3,1.5
186.627,-2.9903,-3.0089,1.50694,-3,-3,1.5
186.637,-2.99023,-3.0089,1.50692,-3,-3,1.5
186.647,-2.99017,-3.0089,1.5069,-3,-3,1.5
186.657,-2.99011,-3.0089,1.50688,-3,-3,1.5
186.667,-2.99006,-3.0089,1.50687,-3,-3,1.5
186.677,-2.99001,-3.0089,1.50688,-3,-3,1.5
186.687,-2.98997,-3.0089,1.50689,-3,-3,1.5
186.697,-2.98993,-3.0089,1.50689,-3,-3,1.5
186.707,-2.98989,-3.00891,1.50689,-3,-3,1.5
186.717,-2.98985,-3.00891,1.50689,-3,-3,1.5
186.727,-2.98981,-3.00892,1.50691,-3,-3,1.5
186.737,-2.98978,-3.00893,1.50693,-3,-3,1.5
186.747,-2.98974,-3.00893,1.50695,-3,-3,1.5
186.757,-2.98971,-3.00894,1.50696,-3,-3,1.5
186.767,-2.98967,-3.00895,1.50697,-3,-3,1.5
186.777,-2.98964,-3.00896,1.50698,-3,-3,1.5
186.787,-2.9896,-3.00897,1.507,-3,-3,1.5
186.797,-2.98957,-3.00898,1.50702,-3,-3,1.5
186.807,-2.98954,-3.00899,1.50704,-3,-3,1.5
186.817,-2.98951,-3.009,1.50706,-3,-3,1.5
186.827,-2.98949,-3.00901,1.50709,-3,-3,1.5
186.837,-2.98946,-3.00902,1.5071,-3,-3,1.5
186.847,-2.98944,-3.00903,1.50709,-3,-3,1.5
186.857,-2.98942,-3.00904,1.50709,-3,-3,1.5
186.867,-2.98939,-3.00905,1.50708,-3,-3,1.5
186.877,-2.98938,-3.00906,1.50707,-3,-3,1.5
186.887,-2.98936,-3.00907,1.50706,-3,-3,1.5
186.897,-2.98935,-3.00908,1.50704,-3,-3,1.5
186.907,-2.98933,-3.0091,1.50703,-3,-3,1.5
186.917,-2.98932,-3.00911,1.50701,-3,-3,1.5
186.927,-2.98932,-3.00912,1.507,-3,-3,1.5
186.937,-2.98931,-3.00913,1.50698,-3,-3,1.5
186.947,-2.98931,-3.00915,1.50697,-3,-3,1.5
186.957,-2.98932,-3.00916,1.50697,-3,-3,1.5
186.967,-2.98932,-3.00917,1.50696,-3,-3,1.5
186.977,-2.98933,-3.00918,1.50696,-3,-3,1.5
186.987,-2.98935,-3.0092,1.50696,-3,-3,1.5
186.997,-2.98936,-3.00921,1.50694,-3,-3,1.5
187.007,-2.98938,-3.00922,1.50692,-3,-3,1.5
187.016,-2.9894,-3.00923,1.50691,-3,-3,1.5
187.026,-2.98943,-3.00924,1.50689,-3,-3,1.5
187.036,-2.98945,-3.00925,1.50687,-3,-3,1.5
187.046,-2.98948,-3.00927,1.50685,-3,-3,1.5
187.056,-2.98951,-3.00928,1.50683,-3,-3,1.5
187.066,-2.98954,-3.00929,1.5068,-3,-3,1.5
187.076,-2.98958,-3.00931,1.50678,-3,-3,1.5
187.086,-2.98961,-3.00932,1.50675,-3,-3,1.5
187.096,-2.98965,-3.00933,1.50673,-3,-3,1.5
187.106,-2.98968,-3.00934,1.5067,-3,-3,1.5
187.116,-2.98972,-3.00935,1.50668,-3,-3,1.5
187.126,-2.98976,-3.00937,1.50666,-3,-3,1.5
187.136,-2.9898,-3.00938,1.50663,-3,-3,1.5
187.146,-2.98984,-3.00939,1.50661,-3,-3,1.5
187.156,-2.98988,-3.0094,1.50658,-3,-3,1.5
187.166,-2.98992,-3.0094,1.50655,-3,-3,1.5
187.176,-2.98995,-3.00941,1.50652,-3,-3,1.5
187.186,-2.98999,-3.00942,1.50648,-3,-3,1.5
187.196,-2.99003,-3.00943,1.50643,-3,-3,1.5
187.206,-2.99007,-3.00943,1.50639,-3,-3,1.5
187.216,-2.9901,-3.00944,1.50634,-3,-3,1.5
187.226,-2.99014,-3.00944,1.50629,-3,-3,1.5
187.236,-2.99017,-3.00944,1.50626,-3,-3,1.5
187.246,-2.99021,-3.00945,1.50623,-3,-3,1.5
187.256,-2.99024,-3.00945,1.5062,-3,-3,1.5
187.266,-2.99027,-3.00945,1.50617,-3,-3,1.5
187.276,-2.99029,-3.00945,1.50614,-3,-3,1.5
187.286,-2.99032,-3.00945,1.50611,-3,-3,1.5
187.296,-2.99035,-3.00945,1.50608,-3,-3,1.5
187.306,-2.99037,-3.00945,1.50604,-3,-3,1.5
187.316,-2.99039,-3.00945,1.50601,-3,-3,1.5
187.326,-2.99041,-3.00945,1.50598,-3,-3,1.5
187.336,-2.99043,-3.00944,1.50594,-3,-3,1.5
187.346,-2.99045,-3.00944,1.50591,-3,-3,1.5
187.356,-2.99046,-3.00944,1.50587,-3,-3,1.5
187.366,-2.99048,-3.00943,1.50583,-3,-3,1.5
187.376,-2.99049,-3.00943,1.50578,-3,-3,1.5
187.386,-2.9905,-3.00942,1.50574,-3,-3,1.5
187.396,-2.99051,-3.00942,1.50571,-3,-3,1.5
187.406,-2.99052,-3.00941,1.50567,-3,-3,1.5
187.416,-2.99053,-3.0094,1.50564,-3,-3,1.5
187.426,-2.99054,-3.00939,1.50562,-3,-3,1.5
187.436,-2.99055,-3.00938,1.5056,-3,-3,1.5
187.446,-2.99056,-3.00938,1.50558,-3,-3,1.5
187.456,-2.99057,-3.00937,1.50556,-3,-3,1.5
187.466,-2.99058,-3.00935,1.50554,-3,-3,1.5
187.476,-2.9906,-3.00934,1.50551,-3,-3,1.5
187.486,-2.99061,-3.00933,1.50549,-3,-3,1.5
187.496,-2.99063,-3.00932,1.50547,-3,-3,1.5
187.506,-2.99065,-3.00931,1.50544,-3,-3,1.5
187.516,-2.99068,-3.0093,1.50541,-3,-3,1.5
187.526,-2.9907,-3.00928,1.50539,-3,-3,1.5
187.536,-2.99073,-3.00927,1.50541,-3,-3,1.5
187.546,-2.99076,-3.00926,1.50546,-3,-3,1.5
187.556,-2.99079,-3.00924,1.50549,-3,-3,1.5
187.566,-2.99082,-3.00923,1.50551,-3,-3,1.5
187.576,-2.99086,-3.00922,1.50551,-3,-3,1.5
187.586,-2.99089,-3.00921,1.50551,-3,-3,1.5
187.596,-2.99093,-3.0092,1.5055,-3,-3,1.5
187.606,-2.99098,-3.00919,1.50548,-3,-3,1.5
187.616,-2.99102,-3.00917,1.50547,-3,-3,1.5
187.626,-2.99106,-3.00916,1.50548,-3,-3,1.5
187.636,-2.99111,-3.00915,1.50548,-3,-3,1.5
187.646,-2.99116,-3.00914,1.50548,-3,-3,1.5
187.656,-2.99121,-3.00913,1.50547,-3,-3,1.5
187.666,-2.99126,-3.00912,1.50546,-3,-3,1.5
187.676,-2.99131,-3.00911,1.50548,-3,-3,1.5
187.686,-2.99137,-3.0091,1.50553,-3,-3,1.5
187.696,-2.99143,-3.00909,1.50556,-3,-3,1.5
187.706,-2.99148,-3.00908,1.5056,-3,-3,1.5
187.716,-2.99154,-3.00907,1.50566,-3,-3,1.5
187.726,-2.9916,-3.00906,1.50567,-3,-3,1.5
187.736,-2.99165,-3.00905,1.50565,-3,-3,1.5
187.746,-2.99171,-3.00905,1.50562,-3,-3,1.5
187.756,-2.99177,-3.00904,1.5056,-3,-3,1.5
187.766,-2.99183,-3.00904,1.5056,-3,-3,1.5
187.776,-2.99189,-3.00903,1.50558,-3,-3,1.5
187.786,-2.99196,-3.00903,1.5056,-3,-3,1.5
187.796,-2.99202,-3.00902,1.50566,-3,-3,1.5
187.806,-2.99208,-3.00901,1.5057,-3,-3,1.5
187.816,-2.99214,-3.00901,1.50573,-3,-3,1.5
187.826,-2.9922,-3.009,1.50575,-3,-3,1.5
187.836,-2.99225,-3.00899,1.50578,-3,-3,1.5
187.846,-2.99231,-3.00898,1.50583,-3,-3,1.5
187.856,-2.99237,-3.00897,1.50591,-3,-3,1.5
187.866,-2.99242,-3.00896,1.50598,-3,-3,1.5
187.876,-2.99248,-3.00895,1.50599,-3,-3,1.5
187.886,-2.99254,-3.00894,1.50603,-3,-3,1.5
187.896,-2.99259,-3.00893,1.50609,-3,-3,1.5
187.906,-2.99265,-3.00892,1.50615,-3,-3,1.5
187.916,-2.99271,-3.00892,1.50619,-3,-3,1.5
187.926,-2.99277,-3.00891,1.50623,-3,-3,1.5
187.936,-2.99283,-3.00891,1.50625,-3,-3,1.5
187.946,-2.99289,-3.00891,1.50625,-3,-3,1.5
187.956,-2.99294,-3.00891,1.50625,-3,-3,1.5
187.966,-2.993,-3.00891,1.50624,-3,-3,1.5
187.976,-2.99306,-3.00891,1.5062,-3,-3,1.5
187.986,-2.99312,-3.00892,1.50615,-3,-3,1.5
187.996,-2.99318,-3.00892,1.50614,-3,-3,1.5
188.006,-2.99323,-3.00893,1.50618,-3,-3,1.5
188.016,-2.99329,-3.00893,1.50623,-3,-3,1.5
188.026,-2.99335,-3.00894,1.50627,-3,-3,1.5
188.036,-2.99341,-3.00895,1.50628,-3,-3,1.5
188.046,-2.99346,-3.00895,1.50626,-3,-3,1.5
188.056,-2.99352,-3.00895,1.50623,-3,-3,1.5
188.066,-2.99358,-3.00896,1.50619,-3,-3,1.5
188.076,-2.99363,-3.00896,1.50615,-3,-3,1.5
188.086,-2.99369,-3.00896,1.50611,-3,-3,1.5
188.096,-2.99375,-3.00897,1.50608,-3,-3,1.5
188.106,-2.99381,-3.00897,1.50609,-3,-3,1.5
188.116,-2.99387,-3.00897,1.50611,-3,-3,1.5
188.126,-2.99393,-3.00898,1.50611,-3,-3,1.5
188.136,-2.99399,-3.00899,1.50609,-3,-3,1.5
188.146,-2.99405,-3.009,1.50607,-3,-3,1.5
188.156,-2.99412,-3.00901,1.50605,-3,-3,1.5
188.166,-2.99418,-3.00901,1.50605,-3,-3,1.5
188.176,-2.99425,-3.00902,1.50604,-3,-3,1.5
188.186,-2.99431,-3.00903,1.50606,-3,-3,1.5
188.196,-2.99438,-3.00904,1.50611,-3,-3,1.5
188.206,-2.99445,-3.00905,1.50617,-3,-3,1.5
188.216,-2.99451,-3.00906,1.50623,-3,-3,1.5
188.226,-2.99458,-3.00908,1.50631,-3,-3,1.5
188.236,-2.99465,-3.00909,1.50641,-3,-3,1.5
188.246,-2.99471,-3.00911,1.50648,-3,-3,1.5
188.256,-2.99478,-3.00913,1.50655,-3,-3,1.5
188.266,-2.99485,-3.00915,1.50665,-3,-3,1.5
188.276,-2.99492,-3.00918,1.50674,-3,-3,1.5
188.286,-2.99498,-3.0092,1.50684,-3,-3,1.5
188.296,-2.99505,-3.00923,1.50694,-3,-3,1.5
188.306,-2.99511,-3.00926,1.50699,-3,-3,1.5
188.316,-2.99518,-3.0093,1.50702,-3,-3,1.5
188.326,-2.99524,-3.00933,1.50704,-3,-3,1.5
188.336,-2.99531,-3.00937,1.50705,-3,-3,1.5
188.346,-2.99537,-3.00941,1.50704,-3,-3,1.5
188.356,-2.99544,-3.00945,1.50702,-3,-3,1.5
188.366,-2.9955,-3.00949,1.507,-3,-3,1.5
188.376,-2.99556,-3.00954,1.50698,-3,-3,1.5
188.386,-2.99563,-3.00959,1.50695,-3,-3,1.5
188.396,-2.9957,-3.00963,1.50693,-3,-3,1.5
188.406,-2.99576,-3.00968,1.5069,-3,-3,1.5
188.416,-2.99583,-3.00973,1.50686,-3,-3,1.5
188.426,-2.9959,-3.00979,1.50685,-3,-3,1.5
188.436,-2.99597,-3.00984,1.50685,-3,-3,1.5
188.446,-2.99603,-3.00988,1.50684,-3,-3,1.5
188.456,-2.99609,-3.00993,1.50682,-3,-3,1.5
188.466,-2.99616,-3.00998,1.50681,-3,-3,1.5
188.476,-2.99622,-3.01002,1.50682,-3,-3,1.5
188.486,-2.99628,-3.01007,1.50686,-3,-3,1.5
188.496,-2.99633,-3.01011,1.50693,-3,-3,1.5
188.506,-2.99639,-3.01015,1.50698,-3,-3,1.5
188.516,-2.99645,-3.0102,1.50701,-3,-3,1.5
188.526,-2.9965,-3.01024,1.50707,-3,-3,1.5
188.536,-2.99655,-3.01028,1.50713,-3,-3,1.5
188.546,-2.9966,-3.01033,1.50718,-3,-3,1.5
188.556,-2.99665,-3.01037,1.50723,-3,-3,1.5
188.566,-2.9967,-3.01041,1.50728,-3,-3,1.5
188.576,-2.99675,-3.01046,1.50733,-3,-3,1.5
188.586,-2.9968,-3.01051,1.50736,-3,-3,1.5
188.596,-2.99685,-3.01056,1.50736,-3,-3,1.5
188.606,-2.99689,-3.0106,1.50733,-3,-3,1.5
188.616,-2.99694,-3.01065,1.50731,-3,-3,1.5
188.626,-2.99698,-3.0107,1.50728,-3,-3,1.5
188.636,-2.99703,-3.01076,1.50725,-3,-3,1.5
188.646,-2.99707,-3.01081,1.5072,-3,-3,1.5
188.656,-2.99711,-3.01086,1.50716,-3,-3,1.5
188.666,-2.99716,-3.01091,1.50712,-3,-3,1.5
188.676,-2.9972,-3.01096,1.50709,-3,-3,1.5
188.686,-2.99724,-3.011,1.50706,-3,-3,1.5
188.696,-2.99728,-3.01105,1.50702,-3,-3,1.5
188.706,-2.99732,-3.0111,1.50698,-3,-3,1.5
188.716,-2.99736,-3.01115,1.50694,-3,-3,1.5
188.726,-2.9974,-3.01119,1.5069,-3,-3,1.5
188.736,-2.99744,-3.01123,1.50686,-3,-3,1.5
188.746,-2.99747,-3.01128,1.50683,-3,-3,1.5
188.756,-2.99751,-3.01132,1.50681,-3,-3,1.5
188.766,-2.99755,-3.01136,1.50678,-3,-3,1.5
188.776,-2.99759,-3.0114,1.50675,-3,-3,1.5
188.786,-2.99762,-3.01143,1.50672,-3,-3,1.5
188.796,-2.99765,-3.01147,1.50668,-3,-3,1.5
188.806,-2.99769,-3.01151,1.50664,-3,-3,1.5
188.816,-2.99772,-3.01154,1.50661,-3,-3,1.5
188.826,-2.99775,-3.01157,1.50657,-3,-3,1.5
188.835,-2.99778,-3.01161,1.50654,-3,-3,1.5
188.845,-2.99781,-3.01164,1.5065,-3,-3,1.5
188.855,-2.99783,-3.01167,1.50646,-3,-3,1.5
188.865,-2.99786,-3.0117,1.50643,-3,-3,1.5
188.875,-2.99788,-3.01173,1.50639,-3,-3,1.5
188.885,-2.9979,-3.01176,1.50635,-3,-3,1.5
188.895,-2.99792,-3.01179,1.50632,-3,-3,1.5
188.905,-2.99794,-3.01181,1.50628,-3,-3,1.5
188.915,-2.99796,-3.01184,1.50625,-3,-3,1.5
188.925,-2.99797,-3.01186,1.50622,-3,-3,1.5
188.935,-2.99798,-3.01189,1.5062,-3,-3,1.5
188.945,-2.998,-3.01191,1.50618,-3,-3,1.5
188.955,-2.998,-3.01194,1.50616,-3,-3,1.5
188.965,-2.99801,-3.01196,1.50613,-3,-3,1.5
188.975,-2.99802,-3.01198,1.50611,-3,-3,1.5
188.985,-2.99802,-3.012,1.50608,-3,-3,1.5
188.995,-2.99802,-3.01202,1.50606,-3,-3,1.5
189.005,-2.99802,-3.01204,1.50603,-3,-3,1.5
189.015,-2.99802,-3.01205,1.506,-3,-3,1.5
189.025,-2.99802,-3.01207,1.50597,-3,-3,1.5
189.035,-2.99802,-3.01208,1.50595,-3,-3,1.5
189.045,-2.99801,-3.0121,1.50593,-3,-3,1.5
189.055,-2.99801,-3.01211,1.5059,-3,-3,1.5
189.065,-2.998,-3.01212,1.50587,-3,-3,1.5
189.075,-2.99799,-3.01213,1.50585,-3,-3,1.5
189.085,-2.99797,-3.01214,1.50582,-3,-3,1.5
189.095,-2.99796,-3.01215,1.50579,-3,-3,1.5
189.105,-2.99795,-3.01216,1.50576,-3,-3,1.5
189.115,-2.99793,-3.01217,1.50573,-3,-3,1.5
189.125,-2.99791,-3.01218,1.5057,-3,-3,1.5
189.135,-2.99789,-3.01219,1.50567,-3,-3,1.5
189.145,-2.99787,-3.0122,1.50564,-3,-3,1.5
189.155,-2.99784,-3.01221,1.50561,-3,-3,1.5
189.165,-2.99782,-3.01222,1.50558,-3,-3,1.5
189.175,-2.99779,-3.01222,1.50556,-3,-3,1.5
189.185,-2.99776,-3.01223,1.50554,-3,-3,1.5
189.195,-2.99773,-3.01224,1.50551,-3,-3,1.5
189.205,-2.9977,-3.01225,1.50548,-3,-3,1.5
189.215,-2.99766,-3.01226,1.50546,-3,-3,1.5
189.225,-2.99763,-3.01226,1.50544,-3,-3,1.5
189.235,-2.99759,-3.01227,1.50541,-3,-3,1.5
189.245,-2.99755,-3.01228,1.50539,-3,-3,1.5
189.255,-2.99751,-3.01229,1.50538,-3,-3,1.5
189.265,-2.99748,-3.01229,1.50536,-3,-3,1.5
189.275,-2.99744,-3.0123,1.50534,-3,-3,1.5
189.285,-2.99741,-3.01231,1.50532,-3,-3,1.5
189.295,-2.99737,-3.01232,1.50531,-3,-3,1.5
189.305,-2.99734,-3.01232,1.5053,-3,-3,1.5
189.315,-2.99731,-3.01233,1.50528,-3,-3,1.5
189.325,-2.99728,-3.01234,1.50527,-3,-3,1.5
189.335,-2.99726,-3.01235,1.50527,-3,-3,1.5
189.345,-2.99724,-3.01236,1.50528,-3,-3,1.5
189.355,-2.99722,-3.01237,1.50531,-3,-3,1.5
189.365,-2.9972,-3.01238,1.50532,-3,-3,1.5
189.375,-2.99719,-3.01239,1.50532,-3,-3,1.5
189.385,-2.99717,-3.0124,1.50532,-3,-3,1.5
189.395,-2.99715,-3.01241,1.50532,-3,-3,1.5
189.405,-2.99714,-3.01242,1.5053,-3,-3,1.5
189.415,-2.99712,-3.01243,1.50528,-3,-3,1.5
189.425,-2.9971,-3.01244,1.50527,-3,-3,1.5
189.435,-2.99708,-3.01246,1.50526,-3,-3,1.5
189.445,-2.99706,-3.01247,1.50525,-3,-3,1.5
189.455,-2.99704,-3.01248,1.50525,-3,-3,1.5
189.465,-2.99702,-3.01249,1.50524,-3,-3,1.5
189.475,-2.997,-3.0125,1.50523,-3,-3,1.5
189.485,-2.99697,-3.01251,1.50522,-3,-3,1.5
189.495,-2.99695,-3.01252,1.50521,-3,-3,1.5
189.505,-2.99692,-3.01253,1.50521,-3,-3,1.5
189.515,-2.99689,-3.01254,1.5052,-3,-3,1.5
189.525,-2.99686,-3.01254,1.50521,-3,-3,1.5
189.535,-2.99682,-3.01255,1.50522,-3,-3,1.5
189.545,-2.99679,-3.01256,1.50522,-3,-3,1.5
189.555,-2.99676,-3.01257,1.50523,-3,-3,1.5
189.565,-2.99672,-3.01257,1.50523,-3,-3,1.5
189.575,-2.99668,-3.01258,1.50523,-3,-3,1.5
189.585,-2.99664,-3.01258,1.50523,-3,-3,1.5
189.595,-2.9966,-3.01259,1.50522,-3,-3,1.5
189.605,-2.99656,-3.01259,1.50522,-3,-3,1.5
189.615,-2.99651,-3.0126,1.50522,-3,-3,1.5
189.625,-2.99647,-3.0126,1.50521,-3,-3,1.5
189.635,-2.99642,-3.0126,1.50521,-3,-3,1.5
189.645,-2.99637,-3.0126,1.50521,-3,-3,1.5
189.655,-2.99632,-3.0126,1.5052,-3,-3,1.5
189.665,-2.99626,-3.01261,1.5052,-3,-3,1.5
189.675,-2.99621,-3.01261,1.5052,-3,-3,1.5
189.685,-2.99615,-3.01261,1.50521,-3,-3,1.5
189.695,-2.99609,-3.01261,1.50521,-3,-3,1.5
189.705,-2.99602,-3.01261,1.50521,-3,-3,1.5
189.715,-2.99596,-3.01261,1.50523,-3,-3,1.5
189.725,-2.99589,-3.0126,1.50525,-3,-3,1.5
189.735,-2.99582,-3.0126,1.50527,-3,-3,1.5
189.745,-2.99575,-3.0126,1.50528,-3,-3,1.5
189.755,-2.99567,-3.0126,1.5053,-3,-3,1.5
189.765,-2.9956,-3.01259,1.50532,-3,-3,1.5
189.775,-2.99552,-3.01259,1.50533,-3,-3,1.5
189.785,-2.99544,-3.01258,1.50535,-3,-3,1.5
189.795,-2.99536,-3.01258,1.50537,-3,-3,1.5
189.805,-2.99528,-3.01257,1.50538,-3,-3,1.5
189.815,-2.9952,-3.01256,1.50541,-3,-3,1.5
189.825,-2.99511,-3.01255,1.50543,-3,-3,1.5
189.835,-2.99503,-3.01254,1.50545,-3,-3,1.5
189.845,-2.99494,-3.01253,1.50547,-3,-3,1.5
189.855,-2.99485,-3.01252,1.5055,-3,-3,1.5
189.865,-2.99476,-3.01251,1.50552,-3,-3,1.5
189.875,-2.99466,-3.0125,1.50554,-3,-3,1.5
189.885,-2.99457,-3.01249,1.50555,-3,-3,1.5
189.895,-2.99447,-3.01247,1.50556,-3,-3,1.5
189.905,-2.99438,-3.01246,1.50558,-3,-3,1.5
189.915,-2.99428,-3.01245,1.50559,-3,-3,1.5
189.925,-2.99418,-3.01244,1.50561,-3,-3,1.5
189.935,-2.99408,-3.01242,1.50562,-3,-3,1.5
189.945,-2.99397,-3.01241,1.50564,-3,-3,1.5
189.955,-2.99387,-3.01239,1.50566,-3,-3,1.5
189.965,-2.99376,-3.01238,1.50569,-3,-3,1.5
189.975,-2.99366,-3.01237,1.50571,-3,-3,1.5
189.985,-2.99355,-3.01235,1.50574,-3,-3,1.5
189.995,-2.99344,-3.01234,1.50577,-3,-3,1.5
190.005,-2.99333,-3.01232,1.5058,-3,-3,1.5
190.015,-2.99322,-3.0123,1.50583,-3,-3,1.5
190.025,-2.9931,-3.01229,1.50586,-3,-3,1.5
190.035,-2.99299,-3.01227,1.50587,-3,-3,1.5
190.045,-2.99287,-3.01225,1.50587,-3,-3,1.5
190.055,-2.99275,-3.01223,1.50588,-3,-3,1.5
190.065,-2.99264,-3.01221,1.5059,-3,-3,1.5
190.075,-2.99252,-3.01219,1.50592,-3,-3,1.5
190.085,-2.9924,-3.01217,1.50593,-3,-3,1.5
190.095,-2.99227,-3.01215,1.50597,-3,-3,1.5
190.105,-2.99215,-3.01213,1.50603,-3,-3,1.5
190.115,-2.99203,-3.01211,1.50607,-3,-3,1.5
190.125,-2.9919,-3.01209,1.50611,-3,-3,1.5
190.135,-2.99178,-3.01207,1.50615,-3,-3,1.5
190.145,-2.99166,-3.01205,1.50618,-3,-3,1.5
190.155,-2.99153,-3.01203,1.50618,-3,-3,1.5
190.165,-2.99141,-3.01202,1.50618,-3,-3,1.5
190.175,-2.99129,-3.012,1.50618,-3,-3,1.5
190.185,-2.99116,-3.01198,1.50619,-3,-3,1.5
190.195,-2.99104,-3.01197,1.5062,-3,-3,1.5
190.205,-2.99092,-3.01195,1.5062,-3,-3,1.5
190.215,-2.9908,-3.01194,1.50621,-3,-3,1.5
190.225,-2.99068,-3.01192,1.50622,-3,-3,1.5
190.235,-2.99056,-3.01191,1.50623,-3,-3,1.5
190.245,-2.99044,-3.0119,1.50625,-3,-3,1.5
190.255,-2.99032,-3.01189,1.50626,-3,-3,1.5
190.265,-2.9902,-3.01188,1.50627,-3,-3,1.5
190.275,-2.99008,-3.01186,1.50627,-3,-3,1.5
190.285,-2.98996,-3.01185,1.50625,-3,-3,1.5
190.295,-2.98983,-3.01184,1.50624,-3,-3,1.5
190.305,-2.98971,-3.01182,1.50626,-3,-3,1.5
190.315,-2.98959,-3.01181,1.50626,-3,-3,1.5
190.325,-2.98946,-3.0118,1.5062,-3,-3,1.5
190.335,-2.98934,-3.01178,1.50614,-3,-3,1.5
190.345,-2.98922,-3.01177,1.50612,-3,-3,1.5
190.355,-2.9891,-3.01176,1.5061,-3,-3,1.5
190.365,-2.98899,-3.01175,1.50608,-3,-3,1.5
190.375,-2.98887,-3.01174,1.5061,-3,-3,1.5
190.385,-2.98876,-3.01173,1.50613,-3,-3,1.5
190.395,-2.98866,-3.01172,1.50617,-3,-3,1.5
190.405,-2.98855,-3.01171,1.50621,-3,-3,1.5
190.415,-2.98845,-3.0117,1.50624,-3,-3,1.5
190.425,-2.98836,-3.0117,1.50628,-3,-3,1.5
190.435,-2.98826,-3.01169,1.50631,-3,-3,1.5
190.445,-2.98817,-3.01169,1.50634,-3,-3,1.5
190.455,-2.98808,-3.01168,1.50637,-3,-3,1.5
190.465,-2.988,-3.01168,1.5064,-3,-3,1.5
190.475,-2.98791,-3.01167,1.50643,-3,-3,1.5
190.485,-2.98783,-3.01167,1.50644,-3,-3,1.5
190.495,-2.98774,-3.01166,1.50645,-3,-3,1.5
190.505,-2.98765,-3.01165,1.50648,-3,-3,1.5
190.515,-2.98757,-3.01165,1.5065,-3,-3,1.5
190.525,-2.98748,-3.01164,1.50653,-3,-3,1.5
190.535,-2.98739,-3.01163,1.50656,-3,-3,1.5
190.545,-2.98731,-3.01163,1.50659,-3,-3,1.5
190.555,-2.98722,-3.01162,1.50662,-3,-3,1.5
190.565,-2.98713,-3.01161,1.50663,-3,-3,1.5
190.575,-2.98704,-3.01161,1.50662,-3,-3,1.5
190.585,-2.98695,-3.0116,1.50661,-3,-3,1.5
190.595,-2.98686,-3.01159,1.50662,-3,-3,1.5
190.605,-2.98677,-3.01159,1.50664,-3,-3,1.5
190.615,-2.98669,-3.01158,1.50664,-3,-3,1.5
190.625,-2.9866,-3.01158,1.50664,-3,-3,1.5
190.635,-2.98652,-3.01157,1.50665,-3,-3,1.5
190.645,-2.98644,-3.01157,1.50666,-3,-3,1.5
190.654,-2.98636,-3.01158,1.50669,-3,-3,1.5
190.664,-2.98628,-3.01158,1.50673,-3,-3,1.5
190.674,-2.9862,-3.01159,1.50676,-3,-3,1.5
190.684,-2.98612,-3.01159,1.50679,-3,-3,1.5
190.694,-2.98605,-3.0116,1.5068,-3,-3,1.5
190.704,-2.98597,-3.01161,1.50676,-3,-3,1.5
190.714,-2.9859,-3.01161,1.5067,-3,-3,1.5
190.724,-2.98583,-3.01162,1.50667,-3,-3,1.5
190.734,-2.98576,-3.01163,1.50667,-3,-3,1.5
190.744,-2.98569,-3.01163,1.50668,-3,-3,1.5
190.754,-2.98563,-3.01164,1.5067,-3,-3,1.5
190.764,-2.98557,-3.01165,1.50671,-3,-3,1.5
190.774,-2.98552,-3.01165,1.50673,-3,-3,1.5
190.784,-2.98547,-3.01166,1.50677,-3,-3,1.5
190.794,-2.98543,-3.01166,1.50679,-3,-3,1.5
190.804,-2.98539,-3.01167,1.50679,-3,-3,1.5
190.814,-2.98535,-3.01168,1.50682,-3,-3,1.5
190.824,-2.98531,-3.0117,1.50687,-3,-3,1.5
190.834,-2.98527,-3.01171,1.50691,-3,-3,1.5
190.844,-2.98524,-3.01172,1.50695,-3,-3,1.5
190.854,-2.98521,-3.01174,1.507,-3,-3,1.5
190.864,-2.98517,-3.01176,1.50704,-3,-3,1.5
190.874,-2.98514,-3.01178,1.50707,-3,-3,1.5
190.884,-2.98511,-3.01179,1.5071,-3,-3,1.5
190.894,-2.98508,-3.01181,1.50713,-3,-3,1.5
190.904,-2.98505,-3.01183,1.50711,-3,-3,1.5
190.914,-2.98501,-3.01184,1.50707,-3,-3,1.5
190.924,-2.98498,-3.01186,1.50706,-3,-3,1.5
190.934,-2.98495,-3.01188,1.50706,-3,-3,1.5
190.944,-2.98491,-3.01189,1.50708,-3,-3,1.5
190.954,-2.98488,-3.01191,1.5071,-3,-3,1.5
190.964,-2.98485,-3.01192,1.50714,-3,-3,1.5
190.974,-2.98482,-3.01194,1.50716,-3,-3,1.5
190.984,-2.9848,-3.01195,1.50715,-3,-3,1.5
190.994,-2.98477,-3.01197,1.50716,-3,-3,1.5
191.004,-2.98475,-3.01199,1.50718,-3,-3,1.5
191.014,-2.98472,-3.01201,1.50721,-3,-3,1.5
191.024,-2.9847,-3.01202,1.50722,-3,-3,1.5
191.034,-2.98468,-3.01204,1.50724,-3,-3,1.5
191.044,-2.98466,-3.01206,1.50725,-3,-3,1.5
191.054,-2.98464,-3.01208,1.50727,-3,-3,1.5
191.064,-2.98463,-3.01209,1.50731,-3,-3,1.5
191.074,-2.98461,-3.01211,1.50735,-3,-3,1.5
191.084,-2.98459,-3.01213,1.50739,-3,-3,1.5
191.094,-2.98457,-3.01215,1.50743,-3,-3,1.5
191.104,-2.98454,-3.01216,1.50746,-3,-3,1.5
191.114,-2.98452,-3.01218,1.50748,-3,-3,1.5
191.124,-2.98449,-3.01219,1.50749,-3,-3,1.5
191.134,-2.98447,-3.01221,1.50753,-3,-3,1.5
191.144,-2.98444,-3.01222,1.50758,-3,-3,1.5
191.154,-2.9844,-3.01224,1.50761,-3,-3,1.5
191.164,-2.98437,-3.01225,1.50763,-3,-3,1.5
191.174,-2.98433,-3.01226,1.50764,-3,-3,1.5
191.184,-2.9843,-3.01227,1.50765,-3,-3,1.5
191.194,-2.98426,-3.01228,1.50766,-3,-3,1.5
191.204,-2.98422,-3.01229,1.50767,-3,-3,1.5
191.214,-2.98418,-3.0123,1.50769,-3,-3,1.5
191.224,-2.98414,-3.01231,1.50771,-3,-3,1.5
191.234,-2.98409,-3.01232,1.50772,-3,-3,1.5
191.244,-2.98405,-3.01233,1.50773,-3,-3,1.5
191.254,-2.984,-3.01233,1.50775,-3,-3,1.5
191.264,-2.98395,-3.01234,1.50776,-3,-3,1.5
191.274,-2.9839,-3.01234,1.50777,-3,-3,1.5
191.284,-2.98385,-3.01234,1.50779,-3,-3,1.5
191.294,-2.9838,-3.01235,1.5078,-3,-3,1.5
191.304,-2.98375,-3.01235,1.50781,-3,-3,1.5
191.314,-2.9837,-3.01235,1.50784,-3,-3,1.5
191.324,-2.98364,-3.01235,1.50787,-3,-3,1.5
191.334,-2.98359,-3.01235,1.50791,-3,-3,1.5
191.344,-2.98353,-3.01235,1.50793,-3,-3,1.5
191.354,-2.98348,-3.01235,1.50796,-3,-3,1.5
191.364,-2.98342,-3.01235,1.50798,-3,-3,1.5
191.374,-2.98336,-3.01235,1.508,-3,-3,1.5
191.384,-2.98331,-3.01234,1.50801,-3,-3,1.5
191.394,-2.98325,-3.01234,1.50801,-3,-3,1.5
191.404,-2.9832,-3.01234,1.50801,-3,-3,1.5
191.414,-2.98314,-3.01233,1.50801,-3,-3,1.5
191.424,-2.98309,-3.01233,1.50801,-3,-3,1.5
191.434,-2.98304,-3.01233,1.50801,-3,-3,1.5
191.444,-2.98299,-3.01232,1.50801,-3,-3,1.5
191.454,-2.98294,-3.01232,1.508,-3,-3,1.5
191.464,-2.98289,-3.01231,1.508,-3,-3,1.5
191.474,-2.98284,-3.0123,1.50799,-3,-3,1.5
191.484,-2.98278,-3.0123,1.50798,-3,-3,1.5
191.494,-2.98273,-3.01229,1.50797,-3,-3,1.5
191.504,-2.98268,-3.01229,1.50796,-3,-3,1.5
191.514,-2.98263,-3.01228,1.50795,-3,-3,1.5
191.524,-2.98258,-3.01227,1.50794,-3,-3,1.5
191.534,-2.98253,-3.01227,1.50793,-3,-3,1.5
191.544,-2.98248,-3.01226,1.50792,-3,-3,1.5
191.554,-2.98243,-3.01226,1.5079,-3,-3,1.5
191.564,-2.98238,-3.01225,1.50788,-3,-3,1.5
191.574,-2.98233,-3.01224,1.50786,-3,-3,1.5
191.584,-2.98228,-3.01224,1.50784,-3,-3,1.5
191.594,-2.98223,-3.01224,1.50782,-3,-3,1.5
191.604,-2.98218,-3.01223,1.50782,-3,-3,1.5
191.614,-2.98213,-3.01223,1.50781,-3,-3,1.5
191.624,-2.98208,-3.01222,1.50782,-3,-3,1.5
191.634,-2.98203,-3.01222,1.50782,-3,-3,1.5
191.644,-2.98198,-3.01222,1.50784,-3,-3,1.5
191.654,-2.98194,-3.01221,1.50785,-3,-3,1.5
191.664,-2.98189,-3.01221,1.50786,-3,-3,1.5
191.674,-2.98185,-3.0122,1.50786,-3,-3,1.5
191.684,-2.9818,-3.0122,1.50786,-3,-3,1.5
191.694,-2.98176,-3.01219,1.50785,-3,-3,1.5
191.704,-2.98172,-3.01219,1.50783,-3,-3,1.5
191.714,-2.98169,-3.01219,1.50782,-3,-3,1.5
191.724,-2.98165,-3.01218,1.5078,-3,-3,1.5
191.734,-2.98161,-3.01218,1.50779,-3,-3,1.5
191.744,-2.98158,-3.01217,1.50777,-3,-3,1.5
191.754,-2.98154,-3.01217,1.50774,-3,-3,1.5
191.764,-2.98151,-3.01216,1.50772,-3,-3,1.5
191.774,-2.98147,-3.01216,1.5077,-3,-3,1.5
191.784,-2.98144,-3.01215,1.50768,-3,-3,1.5
191.794,-2.9814,-3.01215,1.50766,-3,-3,1.5
191.804,-2.98137,-3.01215,1.50763,-3,-3,1.5
191.814,-2.98133,-3.01215,1.50762,-3,-3,1.5
191.824,-2.9813,-3.01214,1.50762,-3,-3,1.5
191.834,-2.98126,-3.01214,1.50761,-3,-3,1.5
191.844,-2.98123,-3.01214,1.50761,-3,-3,1.5
191.854,-2.98119,-3.01214,1.5076,-3,-3,1.5
191.864,-2.98116,-3.01214,1.5076,-3,-3,1.5
191.874,-2.98113,-3.01214,1.5076,-3,-3,1.5
191.884,-2.9811,-3.01214,1.50759,-3,-3,1.5
191.894,-2.98106,-3.01214,1.5076,-3,-3,1.5
191.904,-2.98103,-3.01214,1.50761,-3,-3,1.5
191.914,-2.98101,-3.01214,1.50762,-3,-3,1.5
191.924,-2.98098,-3.01214,1.50764,-3,-3,1.5
191.934,-2.98095,-3.01214,1.50765,-3,-3,1.5
191.944,-2.98093,-3.01214,1.50766,-3,-3,1.5
191.954,-2.98091,-3.01214,1.50766,-3,-3,1.5
191.964,-2.98088,-3.01214,1.50765,-3,-3,1.5
191.974,-2.98086,-3.01214,1.50764,-3,-3,1.5
191.984,-2.98084,-3.01213,1.50763,-3,-3,1.5
191.994,-2.98083,-3.01213,1.50761,-3,-3,1.5
192.004,-2.98081,-3.01213,1.50759,-3,-3,1.5
192.014,-2.98079,-3.01213,1.50756,-3,-3,1.5
192.024,-2.98077,-3.01212,1.50753,-3,-3,1.5
192.034,-2.98076,-3.01212,1.5075,-3,-3,1.5
192.044,-2.98074,-3.01212,1.50746,-3,-3,1.5
192.054,-2.98073,-3.01211,1.50744,-3,-3,1.5
192.064,-2.98071,-3.01211,1.50741,-3,-3,1.5
192.074,-2.9807,-3.01211,1.50738,-3,-3,1.5
192.084,-2.98068,-3.01211,1.50736,-3,-3,1.5
192.094,-2.98067,-3.0121,1.50734,-3,-3,1.5
192.104,-2.98065,-3.0121,1.50732,-3,-3,1.5
192.114,-2.98064,-3.0121,1.5073,-3,-3,1.5
192.124,-2.98062,-3.0121,1.50727,-3,-3,1.5
192.134,-2.98061,-3.01209,1.50725,-3,-3,1.5
192.144,-2.9806,-3.01209,1.50722,-3,-3,1.5
192.154,-2.98059,-3.01209,1.5072,-3,-3,1.5
192.164,-2.98058,-3.01209,1.50717,-3,-3,1.5
192.174,-2.98057,-3.01208,1.50715,-3,-3,1.5
192.184,-2.98056,-3.01208,1.50712,-3,-3,1.5
192.194,-2.98056,-3.01208,1.5071,-3,-3,1.5
192.204,-2.98056,-3.01207,1.50708,-3,-3,1.5
192.214,-2.98056,-3.01207,1.50706,-3,-3,1.5
192.224,-2.98057,-3.01207,1.50703,-3,-3,1.5
192.234,-2.98057,-3.01207,1.50701,-3,-3,1.5
192.244,-2.98058,-3.01206,1.50698,-3,-3,1.5
192.254,-2.9806,-3.01206,1.50695,-3,-3,1.5
192.264,-2.98062,-3.01206,1.50691,-3,-3,1.5
192.274,-2.98064,-3.01206,1.50688,-3,-3,1.5
192.284,-2.98066,-3.01206,1.50685,-3,-3,1.5
192.294,-2.98069,-3.01206,1.50682,-3,-3,1.5
192.304,-2.98072,-3.01206,1.50679,-3,-3,1.5
192.314,-2.98076,-3.01206,1.50676,-3,-3,1.5
192.324,-2.98079,-3.01206,1.50673,-3,-3,1.5
192.334,-2.98083,-3.01207,1.5067,-3,-3,1.5
192.344,-2.98087,-3.01207,1.50668,-3,-3,1.5
192.354,-2.98091,-3.01207,1.50665,-3,-3,1.5
192.364,-2.98095,-3.01208,1.50663,-3,-3,1.5
192.374,-2.98099,-3.01209,1.50661,-3,-3,1.5
192.384,-2.98102,-3.01209,1.50659,-3,-3,1.5
192.394,-2.98106,-3.0121,1.50657,-3,-3,1.5
192.404,-2.9811,-3.01211,1.50656,-3,-3,1.5
192.414,-2.98113,-3.01212,1.50655,-3,-3,1.5
192.424,-2.98117,-3.01213,1.50654,-3,-3,1.5
192.434,-2.9812,-3.01213,1.50652,-3,-3,1.5
192.444,-2.98123,-3.01214,1.50653,-3,-3,1.5
192.454,-2.98125,-3.01215,1.50655,-3,-3,1.5
192.464,-2.98128,-3.01215,1.50655,-3,-3,1.5
192.473,-2.9813,-3.01216,1.50656,-3,-3,1.5
192.483,-2.98133,-3.01216,1.50655,-3,-3,1.5
192.493,-2.98135,-3.01217,1.50654,-3,-3,1.5
192.503,-2.98138,-3.01217,1.50653,-3,-3,1.5
192.513,-2.9814,-3.01218,1.50651,-3,-3,1.5
192.523,-2.98143,-3.01218,1.50651,-3,-3,1.5
192.533,-2.98146,-3.01219,1.50653,-3,-3,1.5
192.543,-2.98149,-3.01219,1.50654,-3,-3,1.5
192.553,-2.98153,-3.0122,1.50653,-3,-3,1.5
192.563,-2.98156,-3.0122,1.50652,-3,-3,1.5
192.573,-2.9816,-3.01221,1.50651,-3,-3,1.5
192.583,-2.98163,-3.01221,1.5065,-3,-3,1.5
192.593,-2.98167,-3.01222,1.50648,-3,-3,1.5
192.603,-2.98171,-3.01223,1.50646,-3,-3,1.5
192.613,-2.98175,-3.01223,1.50644,-3,-3,1.5
192.623,-2.98178,-3.01224,1.50642,-3,-3,1.5
192.633,-2.98182,-3.01225,1.5064,-3,-3,1.5
192.643,-2.98186,-3.01225,1.50639,-3,-3,1.5
192.653,-2.9819,-3.01226,1.50637,-3,-3,1.5
192.663,-2.98194,-3.01226,1.50635,-3,-3,1.5
192.673,-2.98198,-3.01226,1.50634,-3,-3,1.5
192.683,-2.98202,-3.01227,1.50632,-3,-3,1.5
192.693,-2.98206,-3.01227,1.5063,-3,-3,1.5
192.703,-2.9821,-3.01227,1.50628,-3,-3,1.5
192.713,-2.98214,-3.01227,1.50627,-3,-3,1.5
192.723,-2.98218,-3.01227,1.50626,-3,-3,1.5
192.733,-2.98222,-3.01227,1.50624,-3,-3,1.5
192.743,-2.98225,-3.01227,1.5062,-3,-3,1.5
192.753,-2.98229,-3.01227,1.50617,-3,-3,1.5
192.763,-2.98233,-3.01226,1.50613,-3,-3,1.5
192.773,-2.98236,-3.01226,1.50609,-3,-3,1.5
192.783,-2.9824,-3.01226,1.50605,-3,-3,1.5
192.793,-2.98243,-3.01225,1.50601,-3,-3,1.5
192.803,-2.98246,-3.01225,1.50597,-3,-3,1.5
192.813,-2.9825,-3.01224,1.50593,-3,-3,1.5
192.823,-2.98253,-3.01224,1.5059,-3,-3,1.5
192.833,-2.98256,-3.01223,1.50587,-3,-3,1.5
192.843,-2.98259,-3.01223,1.50584,-3,-3,1.5
192.853,-2.98262,-3.01222,1.50582,-3,-3,1.5
192.863,-2.98265,-3.01222,1.5058,-3,-3,1.5
192.873,-2.98268,-3.01221,1.50577,-3,-3,1.5
192.883,-2.98271,-3.01221,1.50575,-3,-3,1.5
192.893,-2.98274,-3.0122,1.50573,-3,-3,1.5
192.903,-2.98277,-3.01219,1.5057,-3,-3,1.5
192.913,-2.9828,-3.01219,1.50565,-3,-3,1.5
192.923,-2.98283,-3.01218,1.50561,-3,-3,1.5
192.933,-2.98286,-3.01217,1.50558,-3,-3,1.5
192.943,-2.98288,-3.01216,1.50555,-3,-3,1.5
192.953,-2.98291,-3.01215,1.50551,-3,-3,1.5
192.963,-2.98294,-3.01214,1.50548,-3,-3,1.5
192.973,-2.98297,-3.01213,1.50545,-3,-3,1.5
192.983,-2.983,-3.01212,1.50542,-3,-3,1.5
192.993,-2.98303,-3.01211,1.50539,-3,-3,1.5
193.003,-2.98305,-3.0121,1.50536,-3,-3,1.5
193.013,-2.98308,-3.01209,1.50533,-3,-3,1.5
193.023,-2.98312,-3.01208,1.50529,-3,-3,1.5
193.033,-2.98315,-3.01207,1.50526,-3,-3,1.5
193.043,-2.98318,-3.01205,1.50524,-3,-3,1.5
193.053,-2.98321,-3.01204,1.50521,-3,-3,1.5
193.063,-2.98325,-3.01202,1.50516,-3,-3,1.5
193.073,-2.98329,-3.01201,1.50514,-3,-3,1.5
193.083,-2.98332,-3.01199,1.50515,-3,-3,1.5
193.093,-2.98336,-3.01197,1.50514,-3,-3,1.5
193.103,-2.9834,-3.01195,1.50512,-3,-3,1.5
193.113,-2.98345,-3.01193,1.50509,-3,-3,1.5
193.123,-2.98349,-3.01191,1.50507,-3,-3,1.5
193.133,-2.98354,-3.01189,1.50505,-3,-3,1.5
193.143,-2.98359,-3.01187,1.50506,-3,-3,1.5
193.153,-2.98364,-3.01185,1.50512,-3,-3,1.5
193.163,-2.98369,-3.01183,1.50516,-3,-3,1.5
193.173,-2.98375,-3.01181,1.50517,-3,-3,1.5
193.183,-2.9838,-3.01179,1.50518,-3,-3,1.5
193.193,-2.98386,-3.01177,1.50516,-3,-3,1.5
193.203,-2.98392,-3.01175,1.50512,-3,-3,1.5
193.213,-2.98398,-3.01173,1.50508,-3,-3,1.5
193.223,-2.98404,-3.01171,1.50505,-3,-3,1.5
193.233,-2.9841,-3.0117,1.50502,-3,-3,1.5
193.243,-2.98416,-3.01168,1.50501,-3,-3,1.5
193.253,-2.98422,-3.01166,1.505,-3,-3,1.5
193.263,-2.98429,-3.01165,1.50498,-3,-3,1.5
193.273,-2.98435,-3.01163,1.50498,-3,-3,1.5
193.283,-2.98441,-3.01161,1.50499,-3,-3,1.5
193.293,-2.98448,-3.01159,1.50504,-3,-3,1.5
193.303,-2.98454,-3.01158,1.5051,-3,-3,1.5
193.313,-2.98461,-3.01156,1.50515,-3,-3,1.5
193.323,-2.98467,-3.01155,1.50517,-3,-3,1.5
193.333,-2.98474,-3.01153,1.50518,-3,-3,1.5
193.343,-2.98481,-3.01152,1.50517,-3,-3,1.5
193.353,-2.98487,-3.01151,1.50517,-3,-3,1.5
193.363,-2.98493,-3.0115,1.50518,-3,-3,1.5
193.373,-2.985,-3.01149,1.50519,-3,-3,1.5
193.383,-2.98506,-3.01148,1.50523,-3,-3,1.5
193.393,-2.98512,-3.01147,1.50529,-3,-3,1.5
193.403,-2.98518,-3.01146,1.50533,-3,-3,1.5
193.413,-2.98524,-3.01146,1.50538,-3,-3,1.5
193.423,-2.9853,-3.01145,1.50543,-3,-3,1.5
193.433,-2.98536,-3.01145,1.50547,-3,-3,1.5
193.443,-2.98542,-3.01145,1.50551,-3,-3,1.5
193.453,-2.98548,-3.01145,1.50554,-3,-3,1.5
193.463,-2.98554,-3.01145,1.50556,-3,-3,1.5
193.473,-2.9856,-3.01145,1.50561,-3,-3,1.5
193.483,-2.98566,-3.01146,1.50569,-3,-3,1.5
193.493,-2.98573,-3.01147,1.50575,-3,-3,1.5
193.503,-2.98579,-3.01148,1.50579,-3,-3,1.5
193.513,-2.98585,-3.01149,1.50581,-3,-3,1.5
193.523,-2.98591,-3.01151,1.50583,-3,-3,1.5
193.533,-2.98597,-3.01152,1.50584,-3,-3,1.5
193.543,-2.98603,-3.01154,1.50588,-3,-3,1.5
193.553,-2.98609,-3.01156,1.50593,-3,-3,1.5
193.563,-2.98615,-3.01158,1.50596,-3,-3,1.5
193.573,-2.9862,-3.01161,1.50598,-3,-3,1.5
193.583,-2.98626,-3.01163,1.506,-3,-3,1.5
193.593,-2.98632,-3.01166,1.50601,-3,-3,1.5
193.603,-2.98637,-3.01168,1.50602,-3,-3,1.5
193.613,-2.98642,-3.01171,1.50603,-3,-3,1.5
193.623,-2.98647,-3.01174,1.50605,-3,-3,1.5
193.633,-2.98653,-3.01177,1.50608,-3,-3,1.5
193.643,-2.98658,-3.01181,1.50613,-3,-3,1.5
193.653,-2.98663,-3.01184,1.50621,-3,-3,1.5
193.663,-2.98668,-3.01188,1.50627,-3,-3,1.5
193.673,-2.98673,-3.01191,1.50633,-3,-3,1.5
193.683,-2.98678,-3.01195,1.50637,-3,-3,1.5
193.693,-2.98684,-3.01198,1.50641,-3,-3,1.5
193.703,-2.98689,-3.01202,1.50645,-3,-3,1.5
193.713,-2.98694,-3.01206,1.50646,-3,-3,1.5
193.723,-2.98699,-3.0121,1.50645,-3,-3,1.5
193.733,-2.98705,-3.01214,1.50642,-3,-3,1.5
193.743,-2.9871,-3.01218,1.50636,-3,-3,1.5
193.753,-2.98715,-3.01222,1.50629,-3,-3,1.5
193.763,-2.98721,-3.01226,1.50623,-3,-3,1.5
193.773,-2.98726,-3.0123,1.50617,-3,-3,1.5
193.783,-2.98732,-3.01234,1.50613,-3,-3,1.5
193.793,-2.98737,-3.01238,1.50609,-3,-3,1.5
193.803,-2.98742,-3.01242,1.50605,-3,-3,1.5
193.813,-2.98748,-3.01246,1.50602,-3,-3,1.5
193.823,-2.98754,-3.0125,1.50599,-3,-3,1.5
193.833,-2.98759,-3.01253,1.50595,-3,-3,1.5
193.843,-2.98765,-3.01257,1.50592,-3,-3,1.5
193.853,-2.9877,-3.0126,1.50589,-3,-3,1.5
193.863,-2.98776,-3.01263,1.50583,-3,-3,1.5
193.873,-2.98782,-3.01266,1.50581,-3,-3,1.5
193.883,-2.98788,-3.01269,1.50583,-3,-3,1.5
193.893,-2.98793,-3.01272,1.50584,-3,-3,1.5
193.903,-2.98799,-3.01274,1.50585,-3,-3,1.5
193.913,-2.98805,-3.01276,1.50588,-3,-3,1.5
193.923,-2.98811,-3.01279,1.50594,-3,-3,1.5
193.933,-2.98817,-3.01281,1.50598,-3,-3,1.5
193.943,-2.98824,-3.01283,1.50602,-3,-3,1.5
193.953,-2.9883,-3.01285,1.50607,-3,-3,1.5
193.963,-2.98836,-3.01287,1.50611,-3,-3,1.5
193.973,-2.98842,-3.01289,1.50613,-3,-3,1.5
193.983,-2.98848,-3.01291,1.50616,-3,-3,1.5
193.993,-2.98854,-3.01293,1.50616,-3,-3,1.5
194.003,-2.98859,-3.01295,1.50616,-3,-3,1.5
194.013,-2.98865,-3.01298,1.50614,-3,-3,1.5
194.023,-2.98871,-3.013,1.50612,-3,-3,1.5
194.033,-2.98876,-3.01302,1.5061,-3,-3,1.5
194.043,-2.98881,-3.01304,1.50607,-3,-3,1.5
194.053,-2.98886,-3.01307,1.50603,-3,-3,1.5
194.063,-2.98891,-3.01309,1.50601,-3,-3,1.5
194.073,-2.98896,-3.01311,1.50598,-3,-3,1.5
194.083,-2.98901,-3.01313,1.50595,-3,-3,1.5
194.093,-2.98906,-3.01315,1.50593,-3,-3,1.5
194.103,-2.9891,-3.01317,1.5059,-3,-3,1.5
194.113,-2.98915,-3.01319,1.50587,-3,-3,1.5
194.123,-2.98919,-3.01321,1.50583,-3,-3,1.5
194.133,-2.98924,-3.01323,1.50579,-3,-3,1.5
194.143,-2.98928,-3.01325,1.50575,-3,-3,1.5
194.153,-2.98933,-3.01327,1.50572,-3,-3,1.5
194.163,-2.98937,-3.01328,1.50569,-3,-3,1.5
194.173,-2.98941,-3.0133,1.50563,-3,-3,1.5
194.183,-2.98946,-3.01331,1.50556,-3,-3,1.5
194.193,-2.9895,-3.01333,1.5055,-3,-3,1.5
194.203,-2.98954,-3.01334,1.50545,-3,-3,1.5
194.213,-2.98959,-3.01335,1.5054,-3,-3,1.5
194.223,-2.98963,-3.01336,1.50536,-3,-3,1.5
194.233,-2.98968,-3.01337,1.50536,-3,-3,1.5
194.243,-2.98973,-3.01338,1.50538,-3,-3,1.5
194.253,-2.98978,-3.01338,1.50538,-3,-3,1.5
194.263,-2.98983,-3.01339,1.50537,-3,-3,1.5
194.273,-2.98988,-3.01339,1.50535,-3,-3,1.5
194.283,-2.98993,-3.0134,1.50532,-3,-3,1.5
194.292,-2.98998,-3.0134,1.5053,-3,-3,1.5
194.302,-2.99003,-3.0134,1.50527,-3,-3,1.5
194.312,-2.99008,-3.01341,1.50523,-3,-3,1.5
194.322,-2.99013,-3.01341,1.50521,-3,-3,1.5
194.332,-2.99018,-3.01341,1.50522,-3,-3,1.5
194.342,-2.99023,-3.01341,1.50523,-3,-3,1.5
194.352,-2.99028,-3.01341,1.50524,-3,-3,1.5
194.362,-2.99033,-3.01341,1.50525,-3,-3,1.5
194.372,-2.99038,-3.01341,1.50529,-3,-3,1.5
194.382,-2.99043,-3.01341,1.50535,-3,-3,1.5
194.392,-2.99048,-3.01341,1.50539,-3,-3,1.5
194.402,-2.99054,-3.01341,1.50542,-3,-3,1.5
194.412,-2.99059,-3.01341,1.50543,-3,-3,1.5
194.422,-2.99064,-3.01341,1.50543,-3,-3,1.5
194.432,-2.9907,-3.01341,1.50544,-3,-3,1.5
194.442,-2.99075,-3.01342,1.50544,-3,-3,1.5
194.452,-2.9908,-3.01342,1.50544,-3,-3,1.5
194.462,-2.99085,-3.01342,1.50543,-3,-3,1.5
194.472,-2.9909,-3.01343,1.50542,-3,-3,1.5
194.482,-2.99095,-3.01343,1.50539,-3,-3,1.5
194.492,-2.991,-3.01343,1.50536,-3,-3,1.5
194.502,-2.99105,-3.01344,1.50534,-3,-3,1.5
194.512,-2.9911,-3.01344,1.50532,-3,-3,1.5
194.522,-2.99114,-3.01344,1.50529,-3,-3,1.5
194.532,-2.99119,-3.01344,1.50527,-3,-3,1.5
194.542,-2.99123,-3.01344,1.50525,-3,-3,1.5
194.552,-2.99127,-3.01345,1.50522,-3,-3,1.5
194.562,-2.99131,-3.01345,1.5052,-3,-3,1.5
194.572,-2.99135,-3.01345,1.50518,-3,-3,1.5
194.582,-2.99139,-3.01345,1.50515,-3,-3,1.5
194.592,-2.99142,-3.01345,1.50513,-3,-3,1.5
194.602,-2.99146,-3.01345,1.50511,-3,-3,1.5
194.612,-2.99149,-3.01345,1.50508,-3,-3,1.5
194.622,-2.99152,-3.01345,1.50506,-3,-3,1.5
194.632,-2.99155,-3.01345,1.50504,-3,-3,1.5
194.642,-2.99158,-3.01345,1.50502,-3,-3,1.5
194.652,-2.9916,-3.01344,1.505,-3,-3,1.5
194.662,-2.99163,-3.01344,1.50499,-3,-3,1.5
194.672,-2.99165,-3.01344,1.50497,-3,-3,1.5
194.682,-2.99167,-3.01344,1.50496,-3,-3,1.5
194.692,-2.99169,-3.01343,1.50495,-3,-3,1.5
194.702,-2.99171,-3.01343,1.50494,-3,-3,1.5
194.712,-2.99172,-3.01342,1.50492,-3,-3,1.5
194.722,-2.99174,-3.01342,1.5049,-3,-3,1.5
194.732,-2.99175,-3.01342,1.50488,-3,-3,1.5
194.742,-2.99176,-3.01341,1.50487,-3,-3,1.5
194.752,-2.99177,-3.0134,1.50485,-3,-3,1.5
194.762,-2.99178,-3.0134,1.50484,-3,-3,1.5
194.772,-2.99178,-3.01339,1.50483,-3,-3,1.5
194.782,-2.99179,-3.01339,1.50481,-3,-3,1.5
194.792,-2.9918,-3.01338,1.5048,-3,-3,1.5
194.802,-2.99181,-3.01337,1.50478,-3,-3,1.5
194.812,-2.99181,-3.01336,1.50477,-3,-3,1.5
194.822,-2.99182,-3.01335,1.50475,-3,-3,1.5
194.832,-2.99183,-3.01334,1.50474,-3,-3,1.5
194.842,-2.99184,-3.01333,1.50473,-3,-3,1.5
194.852,-2.99185,-3.01332,1.50471,-3,-3,1.5
194.862,-2.99186,-3.01331,1.5047,-3,-3,1.5
194.872,-2.99187,-3.0133,1.50468,-3,-3,1.5
194.882,-2.99188,-3.01329,1.50466,-3,-3,1.5
194.892,-2.9919,-3.01328,1.50465,-3,-3,1.5
194.902,-2.99192,-3.01326,1.50463,-3,-3,1.5
194.912,-2.99194,-3.01325,1.50461,-3,-3,1.5
194.922,-2.99197,-3.01324,1.50459,-3,-3,1.5
194.932,-2.992,-3.01322,1.50457,-3,-3,1.5
194.942,-2.99203,-3.01321,1.50455,-3,-3,1.5
194.952,-2.99206,-3.0132,1.50454,-3,-3,1.5
194.962,-2.9921,-3.01319,1.50452,-3,-3,1.5
194.972,-2.99214,-3.01318,1.5045,-3,-3,1.5
194.982,-2.99218,-3.01317,1.50448,-3,-3,1.5
194.992,-2.99222,-3.01316,1.50447,-3,-3,1.5
195.002,-2.99227,-3.01315,1.50445,-3,-3,1.5
195.012,-2.99232,-3.01314,1.50444,-3,-3,1.5
195.022,-2.99237,-3.01313,1.50443,-3,-3,1.5
195.032,-2.99243,-3.01313,1.50442,-3,-3,1.5
195.042,-2.99249,-3.01312,1.5044,-3,-3,1.5
195.052,-2.99255,-3.01312,1.50439,-3,-3,1.5
195.062,-2.99261,-3.01311,1.50437,-3,-3,1.5
195.072,-2.99268,-3.0131,1.50437,-3,-3,1.5
195.082,-2.99275,-3.0131,1.50436,-3,-3,1.5
195.092,-2.99282,-3.01309,1.50436,-3,-3,1.5
195.102,-2.99289,-3.01309,1.50437,-3,-3,1.5
195.112,-2.99296,-3.01308,1.50437,-3,-3,1.5
195.122,-2.99303,-3.01308,1.50438,-3,-3,1.5
195.132,-2.9931,-3.01307,1.5044,-3,-3,1.5
195.142,-2.99318,-3.01307,1.50441,-3,-3,1.5
195.152,-2.99325,-3.01306,1.50443,-3,-3,1.5
195.162,-2.99332,-3.01305,1.50444,-3,-3,1.5
195.172,-2.9934,-3.01305,1.50445,-3,-3,1.5
195.182,-2.99347,-3.01304,1.50445,-3,-3,1.5
195.192,-2.99354,-3.01303,1.50447,-3,-3,1.5
195.202,-2.9936,-3.01303,1.50449,-3,-3,1.5
195.212,-2.99367,-3.01302,1.50451,-3,-3,1.5
195.222,-2.99373,-3.01301,1.50452,-3,-3,1.5
195.232,-2.99379,-3.013,1.50453,-3,-3,1.5
195.242,-2.99384,-3.01299,1.50453,-3,-3,1.5
195.252,-2.9939,-3.01299,1.50453,-3,-3,1.5
195.262,-2.99395,-3.01298,1.50453,-3,-3,1.5
195.272,-2.99399,-3.01297,1.50453,-3,-3,1.5
195.282,-2.99403,-3.01296,1.50453,-3,-3,1.5
195.292,-2.99407,-3.01295,1.50452,-3,-3,1.5
195.302,-2.9941,-3.01294,1.50452,-3,-3,1.5
195.312,-2.99413,-3.01293,1.50454,-3,-3,1.5
195.322,-2.99416,-3.01292,1.50457,-3,-3,1.5
195.332,-2.99418,-3.01292,1.50461,-3,-3,1.5
195.342,-2.9942,-3.01291,1.50464,-3,-3,1.5
195.352,-2.99422,-3.0129,1.50468,-3,-3,1.5
195.362,-2.99424,-3.01289,1.50472,-3,-3,1.5
195.372,-2.99425,-3.01289,1.50474,-3,-3,1.5
195.382,-2.99427,-3.01288,1.50477,-3,-3,1.5
195.392,-2.99428,-3.01288,1.50479,-3,-3,1.5
195.402,-2.9943,-3.01288,1.50485,-3,-3,1.5
195.412,-2.99432,-3.01288,1.50492,-3,-3,1.5
195.422,-2.99434,-3.01288,1.50498,-3,-3,1.5
195.432,-2.99437,-3.01289,1.50503,-3,-3,1.5
195.442,-2.99439,-3.01289,1.50508,-3,-3,1.5
195.452,-2.99441,-3.0129,1.50513,-3,-3,1.5
195.462,-2.99444,-3.01291,1.50517,-3,-3,1.5
195.472,-2.99446,-3.01292,1.50519,-3,-3,1.5
195.482,-2.99449,-3.01292,1.5052,-3,-3,1.5
195.492,-2.99452,-3.01294,1.50521,-3,-3,1.5
195.502,-2.99454,-3.01295,1.50521,-3,-3,1.5
195.512,-2.99457,-3.01296,1.50521,-3,-3,1.5
195.522,-2.99459,-3.01297,1.50522,-3,-3,1.5
195.532,-2.99461,-3.01298,1.50523,-3,-3,1.5
195.542,-2.99463,-3.013,1.50523,-3,-3,1.5
195.552,-2.99465,-3.01301,1.50526,-3,-3,1.5
195.562,-2.99467,-3.01302,1.50531,-3,-3,1.5
195.572,-2.99468,-3.01303,1.50534,-3,-3,1.5
195.582,-2.99469,-3.01304,1.50538,-3,-3,1.5
195.592,-2.9947,-3.01306,1.5054,-3,-3,1.5
195.602,-2.99471,-3.01307,1.50542,-3,-3,1.5
195.612,-2.99471,-3.01308,1.50544,-3,-3,1.5
195.622,-2.99472,-3.01309,1.50546,-3,-3,1.5
195.632,-2.99472,-3.0131,1.50548,-3,-3,1.5
195.642,-2.99472,-3.01311,1.50549,-3,-3,1.5
195.652,-2.99473,-3.01312,1.50551,-3,-3,1.5
195.662,-2.99473,-3.01313,1.50553,-3,-3,1.5
195.672,-2.99473,-3.01314,1.50555,-3,-3,1.5
195.682,-2.99473,-3.01314,1.50557,-3,-3,1.5
195.692,-2.99474,-3.01315,1.50559,-3,-3,1.5
195.702,-2.99474,-3.01316,1.50561,-3,-3,1.5
195.712,-2.99474,-3.01316,1.50562,-3,-3,1.5
195.722,-2.99474,-3.01317,1.50564,-3,-3,1.5
195.732,-2.99474,-3.01317,1.50566,-3,-3,1.5
195.742,-2.99474,-3.01317,1.50567,-3,-3,1.5
195.752,-2.99474,-3.01318,1.50569,-3,-3,1.5
195.762,-2.99474,-3.01318,1.5057,-3,-3,1.5
195.772,-2.99474,-3.01318,1.50572,-3,-3,1.5
195.782,-2.99474,-3.01318,1.50574,-3,-3,1.5
195.792,-2.99473,-3.01318,1.50577,-3,-3,1.5
195.802,-2.99473,-3.01318,1.50579,-3,-3,1.5
195.812,-2.99472,-3.01318,1.5058,-3,-3,1.5
195.822,-2.99471,-3.01317,1.50582,-3,-3,1.5
195.832,-2.9947,-3.01317,1.50583,-3,-3,1.5
195.842,-2.99468,-3.01316,1.50584,-3,-3,1.5
195.852,-2.99467,-3.01316,1.50584,-3,-3,1.5
195.862,-2.99465,-3.01315,1.50584,-3,-3,1.5
195.872,-2.99463,-3.01314,1.50588,-3,-3,1.5
195.882,-2.9946,-3.01314,1.50591,-3,-3,1.5
195.892,-2.99458,-3.01313,1.50593,-3,-3,1.5
195.902,-2.99455,-3.01312,1.50596,-3,-3,1.5
195.912,-2.99452,-3.01311,1.50599,-3,-3,1.5
195.922,-2.99449,-3.0131,1.50602,-3,-3,1.5
195.932,-2.99446,-3.01309,1.50604,-3,-3,1.5
195.942,-2.99442,-3.01308,1.50607,-3,-3,1.5
195.952,-2.99439,-3.01307,1.50609,-3,-3,1.5
195.962,-2.99436,-3.01306,1.50611,-3,-3,1.5
195.972,-2.99432,-3.01304,1.50613,-3,-3,1.5
195.982,-2.99429,-3.01303,1.50614,-3,-3,1.5
195.992,-2.99425,-3.01302,1.50616,-3,-3,1.5
196.002,-2.99422,-3.01301,1.50617,-3,-3,1.5
196.012,-2.99418,-3.013,1.50619,-3,-3,1.5
196.022,-2.99414,-3.01299,1.50622,-3,-3,1.5
196.032,-2.99411,-3.01297,1.50625,-3,-3,1.5
196.042,-2.99407,-3.01296,1.50629,-3,-3,1.5
196.052,-2.99403,-3.01295,1.50633,-3,-3,1.5
196.062,-2.99398,-3.01294,1.50635,-3,-3,1.5
196.072,-2.99394,-3.01292,1.50638,-3,-3,1.5
196.082,-2.9939,-3.01291,1.50641,-3,-3,1.5
196.092,-2.99385,-3.0129,1.50644,-3,-3,1.5
196.102,-2.9938,-3.01288,1.50648,-3,-3,1.5
196.111,-2.99375,-3.01287,1.50653,-3,-3,1.5
196.121,-2.9937,-3.01286,1.50657,-3,-3,1.5
196.131,-2.99365,-3.01284,1.50659,-3,-3,1.5
196.141,-2.9936,-3.01283,1.50662,-3,-3,1.5
196.151,-2.99354,-3.01281,1.50665,-3,-3,1.5
196.161,-2.99349,-3.0128,1.50668,-3,-3,1.5
196.171,-2.99343,-3.01278,1.50672,-3,-3,1.5
196.181,-2.99337,-3.01277,1.50675,-3,-3,1.5
196.191,-2.99331,-3.01275,1.50679,-3,-3,1.5
196.201,-2.99325,-3.01274,1.50683,-3,-3,1.5
196.211,-2.99318,-3.01272,1.50688,-3,-3,1.5
196.221,-2.99312,-3.0127,1.50692,-3,-3,1.5
196.231,-2.99305,-3.01268,1.50695,-3,-3,1.5
196.241,-2.99297,-3.01266,1.50698,-3,-3,1.5
196.251,-2.9929,-3.01265,1.50701,-3,-3,1.5
196.261,-2.99283,-3.01263,1.50704,-3,-3,1.5
196.271,-2.99275,-3.01261,1.50707,-3,-3,1.5
196.281,-2.99267,-3.01258,1.5071,-3,-3,1.5
196.291,-2.99259,-3.01256,1.50714,-3,-3,1.5
196.301,-2.99251,-3.01254,1.50717,-3,-3,1.5
196.311,-2.99242,-3.01252,1.50718,-3,-3,1.5
196.321,-2.99234,-3.01249,1.5072,-3,-3,1.5
196.331,-2.99225,-3.01247,1.50721,-3,-3,1.5
196.341,-2.99215,-3.01245,1.50721,-3,-3,1.5
196.351,-2.99206,-3.01242,1.50718,-3,-3,1.5
196.361,-2.99197,-3.0124,1.50712,-3,-3,1.5
196.371,-2.99187,-3.01238,1.50709,-3,-3,1.5
196.381,-2.99178,-3.01235,1.50705,-3,-3,1.5
196.391,-2.99168,-3.01233,1.507,-3,-3,1.5
196.401,-2.99159,-3.01231,1.50696,-3,-3,1.5
196.411,-2.9915,-3.01229,1.50698,-3,-3,1.5
196.421,-2.99141,-3.01227,1.507,-3,-3,1.5
196.431,-2.99132,-3.01226,1.50699,-3,-3,1.5
196.441,-2.99123,-3.01225,1.50699,-3,-3,1.5
196.451,-2.99115,-3.01224,1.50701,-3,-3,1.5
196.461,-2.99107,-3.01223,1.50703,-3,-3,1.5
196.471,-2.99098,-3.01222,1.50708,-3,-3,1.5
196.481,-2.9909,-3.01222,1.50711,-3,-3,1.5
196.491,-2.99082,-3.01222,1.50707,-3,-3,1.5
196.501,-2.99074,-3.01221,1.50702,-3,-3,1.5
196.511,-2.99066,-3.01221,1.50697,-3,-3,1.5
196.521,-2.99058,-3.01221,1.50693,-3,-3,1.5
196.531,-2.9905,-3.01221,1.50689,-3,-3,1.5
196.541,-2.99042,-3.0122,1.50685,-3,-3,1.5
196.551,-2.99035,-3.0122,1.5068,-3,-3,1.5
196.561,-2.99027,-3.0122,1.50674,-3,-3,1.5
196.571,-2.9902,-3.0122,1.50669,-3,-3,1.5
196.581,-2.99012,-3.0122,1.50667,-3,-3,1.5
196.591,-2.99005,-3.0122,1.50671,-3,-3,1.5
196.601,-2.98998,-3.01219,1.50675,-3,-3,1.5
196.611,-2.98992,-3.01219,1.50678,-3,-3,1.5
196.621,-2.98985,-3.01219,1.5068,-3,-3,1.5
196.631,-2.98979,-3.01218,1.50682,-3,-3,1.5
196.641,-2.98973,-3.01218,1.50683,-3,-3,1.5
196.651,-2.98967,-3.01217,1.50684,-3,-3,1.5
196.661,-2.9896,-3.01217,1.50686,-3,-3,1.5
196.671,-2.98954,-3.01216,1.50688,-3,-3,1.5
196.681,-2.98948,-3.01215,1.50691,-3,-3,1.5
196.691,-2.98942,-3.01214,1.50695,-3,-3,1.5
196.701,-2.98936,-3.01213,1.50698,-3,-3,1.5
196.711,-2.98929,-3.01212,1.50702,-3,-3,1.5
196.721,-2.98923,-3.01211,1.50704,-3,-3,1.5
196.731,-2.98916,-3.0121,1.50707,-3,-3,1.5
196.741,-2.98909,-3.01209,1.50707,-3,-3,1.5
196.751,-2.98902,-3.01208,1.50706,-3,-3,1.5
196.761,-2.98895,-3.01206,1.50708,-3,-3,1.5
196.771,-2.98887,-3.01205,1.50713,-3,-3,1.5
196.781,-2.9888,-3.01203,1.50717,-3,-3,1.5
196.791,-2.98872,-3.01201,1.50715,-3,-3,1.5
196.801,-2.98865,-3.012,1.50712,-3,-3,1.5
196.811,-2.98858,-3.01198,1.5071,-3,-3,1.5
196.821,-2.98851,-3.01197,1.5071,-3,-3,1.5
196.831,-2.98844,-3.01195,1.5071,-3,-3,1.5
196.841,-2.98837,-3.01194,1.50711,-3,-3,1.5
196.851,-2.9883,-3.01193,1.50711,-3,-3,1.5
196.861,-2.98823,-3.01192,1.50712,-3,-3,1.5
196.871,-2.98816,-3.01192,1.50711,-3,-3,1.5
196.881,-2.9881,-3.01192,1.5071,-3,-3,1.5
196.891,-2.98803,-3.01192,1.50711,-3,-3,1.5
196.901,-2.98796,-3.01193,1.50713,-3,-3,1.5
196.911,-2.98789,-3.01194,1.50715,-3,-3,1.5
196.921,-2.98782,-3.01195,1.50718,-3,-3,1.5
196.931,-2.98775,-3.01197,1.5072,-3,-3,1.5
196.941,-2.98767,-3.01199,1.5072,-3,-3,1.5
196.951,-2.9876,-3.01201,1.50721,-3,-3,1.5
196.961,-2.98753,-3.01204,1.50722,-3,-3,1.5
196.971,-2.98745,-3.01207,1.50723,-3,-3,1.5
196.981,-2.98737,-3.0121,1.50723,-3,-3,1.5
196.991,-2.98729,-3.01213,1.50723,-3,-3,1.5
197.001,-2.9872,-3.01217,1.50723,-3,-3,1.5
197.011,-2.98712,-3.0122,1.50725,-3,-3,1.5
197.021,-2.98703,-3.01223,1.50728,-3,-3,1.5
197.031,-2.98694,-3.01227,1.50731,-3,-3,1.5
197.041,-2.98684,-3.0123,1.50733,-3,-3,1.5
197.051,-2.98675,-3.01233,1.50736,-3,-3,1.5
197.061,-2.98665,-3.01236,1.50738,-3,-3,1.5
197.071,-2.98655,-3.01239,1.50741,-3,-3,1.5
197.081,-2.98646,-3.01242,1.50743,-3,-3,1.5
197.091,-2.98636,-3.01245,1.50746,-3,-3,1.5
197.101,-2.98626,-3.01248,1.50748,-3,-3,1.5
197.111,-2.98617,-3.01251,1.5075,-3,-3,1.5
197.121,-2.98607,-3.01254,1.50752,-3,-3,1.5
197.131,-2.98598,-3.01257,1.50755,-3,-3,1.5
197.141,-2.98589,-3.01259,1.50758,-3,-3,1.5
197.151,-2.9858,-3.01262,1.5076,-3,-3,1.5
197.161,-2.98571,-3.01264,1.50763,-3,-3,1.5
197.171,-2.98563,-3.01267,1.50765,-3,-3,1.5
197.181,-2.98554,-3.01269,1.50768,-3,-3,1.5
197.191,-2.98546,-3.01271,1.50771,-3,-3,1.5
197.201,-2.98538,-3.01273,1.50773,-3,-3,1.5
197.211,-2.98529,-3.01275,1.50775,-3,-3,1.5
197.221,-2.98522,-3.01277,1.50776,-3,-3,1.5
197.231,-2.98514,-3.01279,1.50777,-3,-3,1.5
197.241,-2.98506,-3.0128,1.50778,-3,-3,1.5
197.251,-2.98498,-3.01282,1.50777,-3,-3,1.5
197.261,-2.9849,-3.01283,1.50777,-3,-3,1.5
197.271,-2.98483,-3.01285,1.50777,-3,-3,1.5
197.281,-2.98475,-3.01286,1.50778,-3,-3,1.5
197.291,-2.98467,-3.01287,1.50779,-3,-3,1.5
197.301,-2.98459,-3.01288,1.50779,-3,-3,1.5
197.311,-2.98451,-3.01289,1.5078,-3,-3,1.5
197.321,-2.98443,-3.0129,1.50782,-3,-3,1.5
197.331,-2.98434,-3.01291,1.50783,-3,-3,1.5
197.341,-2.98426,-3.01291,1.50785,-3,-3,1.5
197.351,-2.98417,-3.01292,1.50786,-3,-3,1.5
197.361,-2.98409,-3.01293,1.50787,-3,-3,1.5
197.371,-2.984,-3.01293,1.50788,-3,-3,1.5
197.381,-2.98391,-3.01293,1.50788,-3,-3,1.5
197.391,-2.98381,-3.01294,1.50789,-3,-3,1.5
197.401,-2.98372,-3.01294,1.5079,-3,-3,1.5
197.411,-2.98362,-3.01294,1.50791,-3,-3,1.5
197.421,-2.98353,-3.01294,1.50791,-3,-3,1.5
197.431,-2.98343,-3.01294,1.50791,-3,-3,1.5
197.441,-2.98333,-3.01293,1.50791,-3,-3,1.5
197.451,-2.98323,-3.01293,1.50791,-3,-3,1.5
197.461,-2.98313,-3.01293,1.50791,-3,-3,1.5
197.471,-2.98303,-3.01292,1.50791,-3,-3,1.5
197.481,-2.98293,-3.01292,1.5079,-3,-3,1.5
197.491,-2.98283,-3.01291,1.50789,-3,-3,1.5
197.501,-2.98272,-3.01291,1.50788,-3,-3,1.5
197.511,-2.98262,-3.0129,1.50787,-3,-3,1.5
197.521,-2.98252,-3.01289,1.50786,-3,-3,1.5
197.531,-2.98242,-3.01289,1.50786,-3,-3,1.5
197.541,-2.98231,-3.01288,1.50785,-3,-3,1.5
197.551,-2.98221,-3.01287,1.50784,-3,-3,1.5
197.561,-2.98211,-3.01286,1.50784,-3,-3,1.5
197.571,-2.982,-3.01285,1.50783,-3,-3,1.5
197.581,-2.9819,-3.01284,1.50783,-3,-3,1.5
197.591,-2.98179,-3.01283,1.50782,-3,-3,1.5
197.601,-2.98169,-3.01282,1.50782,-3,-3,1.5
197.611,-2.98158,-3.01281,1.50781,-3,-3,1.5
197.621,-2.98148,-3.0128,1.50781,-3,-3,1.5
197.631,-2.98138,-3.01278,1.50781,-3,-3,1.5
197.641,-2.98127,-3.01277,1.5078,-3,-3,1.5
197.651,-2.98117,-3.01276,1.50778,-3,-3,1.5
197.661,-2.98107,-3.01274,1.50777,-3,-3,1.5
197.671,-2.98097,-3.01273,1.50775,-3,-3,1.5
197.681,-2.98087,-3.01271,1.50773,-3,-3,1.5
197.691,-2.98078,-3.0127,1.50771,-3,-3,1.5
197.701,-2.98068,-3.01268,1.50769,-3,-3,1.5
197.711,-2.98059,-3.01267,1.50767,-3,-3,1.5
197.721,-2.98051,-3.01265,1.50765,-3,-3,1.5
197.731,-2.98042,-3.01263,1.50763,-3,-3,1.5
197.741,-2.98035,-3.01262,1.50762,-3,-3,1.5
197.751,-2.98027,-3.0126,1.50761,-3,-3,1.5
197.761,-2.9802,-3.01259,1.50761,-3,-3,1.5
197.771,-2.98014,-3.01257,1.5076,-3,-3,1.5
197.781,-2.98008,-3.01255,1.5076,-3,-3,1.5
197.791,-2.98003,-3.01254,1.50759,-3,-3,1.5
197.801,-2.97998,-3.01253,1.50759,-3,-3,1.5
197.811,-2.97994,-3.01251,1.50758,-3,-3,1.5
197.821,-2.9799,-3.0125,1.50761,-3,-3,1.5
197.831,-2.97987,-3.0125,1.50767,-3,-3,1.5
197.841,-2.97985,-3.01249,1.5077,-3,-3,1.5
197.851,-2.97983,-3.01248,1.50773,-3,-3,1.5
197.861,-2.97981,-3.01248,1.50776,-3,-3,1.5
197.871,-2.97979,-3.01247,1.50779,-3,-3,1.5
197.881,-2.97978,-3.01247,1.50782,-3,-3,1.5
197.891,-2.97977,-3.01247,1.50785,-3,-3,1.5
197.901,-2.97976,-3.01247,1.50787,-3,-3,1.5
197.911,-2.97976,-3.01247,1.50789,-3,-3,1.5
197.921,-2.97975,-3.01247,1.5079,-3,-3,1.5
197.93,-2.97975,-3.01247,1.50791,-3,-3,1.5
197.94,-2.97974,-3.01248,1.50792,-3,-3,1.5
197.95,-2.97974,-3.01248,1.50792,-3,-3,1.5
197.96,-2.97973,-3.01249,1.50793,-3,-3,1.5
197.97,-2.97973,-3.0125,1.50793,-3,-3,1.5
197.98,-2.97972,-3.01251,1.50794,-3,-3,1.5
197.99,-2.97971,-3.01252,1.50797,-3,-3,1.5
198,-2.9797,-3.01253,1.50799,-3,-3,1.5
198.01,-2.97969,-3.01254,1.508,-3,-3,1.5
198.02,-2.97968,-3.01255,1.508,-3,-3,1.5
198.03,-2.97967,-3.01256,1.508,-3,-3,1.5
198.04,-2.97966,-3.01257,1.508,-3,-3,1.5
198.05,-2.97965,-3.01258,1.508,-3,-3,1.5
198.06,-2.97965,-3.01259,1.50799,-3,-3,1.5
198.07,-2.97965,-3.0126,1.50796,-3,-3,1.5
198.08,-2.97965,-3.01262,1.50795,-3,-3,1.5
198.09,-2.97965,-3.01263,1.50792,-3,-3,1.5
198.1,-2.97966,-3.01264,1.50791,-3,-3,1.5
198.11,-2.97967,-3.01265,1.5079,-3,-3,1.5
198.12,-2.97968,-3.01266,1.50788,-3,-3,1.5
198.13,-2.97969,-3.01267,1.50786,-3,-3,1.5
198.14,-2.97971,-3.01268,1.50784,-3,-3,1.5
198.15,-2.97973,-3.01269,1.50781,-3,-3,1.5
198.16,-2.97976,-3.01269,1.50777,-3,-3,1.5
198.17,-2.97979,-3.0127,1.50774,-3,-3,1.5
198.18,-2.97982,-3.01271,1.5077,-3,-3,1.5
198.19,-2.97985,-3.01272,1.50766,-3,-3,1.5
198.2,-2.97988,-3.01272,1.50761,-3,-3,1.5
198.21,-2.97992,-3.01273,1.50758,-3,-3,1.5
198.22,-2.97996,-3.01274,1.50755,-3,-3,1.5
198.23,-2.98,-3.01274,1.50752,-3,-3,1.5
198.24,-2.98004,-3.01275,1.50749,-3,-3,1.5
198.25,-2.98008,-3.01276,1.50745,-3,-3,1.5
198.26,-2.98013,-3.01276,1.50742,-3,-3,1.5
198.27,-2.98017,-3.01277,1.50739,-3,-3,1.5
198.28,-2.98021,-3.01277,1.50736,-3,-3,1.5
198.29,-2.98026,-3.01278,1.50734,-3,-3,1.5
198.3,-2.9803,-3.01278,1.50731,-3,-3,1.5
198.31,-2.98035,-3.01279,1.50728,-3,-3,1.5
198.32,-2.9804,-3.01279,1.50725,-3,-3,1.5
198.33,-2.98044,-3.01279,1.50723,-3,-3,1.5
198.34,-2.98049,-3.01279,1.50721,-3,-3,1.5
198.35,-2.98053,-3.01279,1.50718,-3,-3,1.5
198.36,-2.98058,-3.01279,1.50716,-3,-3,1.5
198.37,-2.98062,-3.01279,1.50713,-3,-3,1.5
198.38,-2.98067,-3.01279,1.5071,-3,-3,1.5
198.39,-2.98071,-3.01279,1.50708,-3,-3,1.5
198.4,-2.98075,-3.01279,1.50705,-3,-3,1.5
198.41,-2.98079,-3.01278,1.50702,-3,-3,1.5
198.42,-2.98084,-3.01278,1.50699,-3,-3,1.5
198.43,-2.98087,-3.01278,1.50697,-3,-3,1.5
198.44,-2.98091,-3.01277,1.50694,-3,-3,1.5
198.45,-2.98095,-3.01276,1.50691,-3,-3,1.5
198.46,-2.98099,-3.01276,1.50689,-3,-3,1.5
198.47,-2.98102,-3.01275,1.50687,-3,-3,1.5
198.48,-2.98105,-3.01274,1.50685,-3,-3,1.5
198.49,-2.98109,-3.01273,1.50682,-3,-3,1.5
198.5,-2.98112,-3.01272,1.5068,-3,-3,1.5
198.51,-2.98114,-3.01271,1.50677,-3,-3,1.5
198.52,-2.98117,-3.0127,1.50674,-3,-3,1.5
198.53,-2.9812,-3.01269,1.5067,-3,-3,1.5
198.54,-2.98122,-3.01268,1.50666,-3,-3,1.5
198.55,-2.98125,-3.01266,1.50663,-3,-3,1.5
198.56,-2.98127,-3.01265,1.50659,-3,-3,1.5
198.57,-2.98129,-3.01264,1.50655,-3,-3,1.5
198.58,-2.98132,-3.01262,1.50652,-3,-3,1.5
198.59,-2.98134,-3.01261,1.50648,-3,-3,1.5
198.6,-2.98136,-3.01259,1.50645,-3,-3,1.5
198.61,-2.98138,-3.01258,1.50639,-3,-3,1.5
198.62,-2.9814,-3.01257,1.50632,-3,-3,1.5
198.63,-2.98143,-3.01255,1.50624,-3,-3,1.5
198.64,-2.98145,-3.01254,1.50618,-3,-3,1.5
198.65,-2.98147,-3.01252,1.50615,-3,-3,1.5
198.66,-2.9815,-3.0125,1.50615,-3,-3,1.5
198.67,-2.98152,-3.01248,1.50614,-3,-3,1.5
198.68,-2.98155,-3.01247,1.50612,-3,-3,1.5
198.69,-2.98158,-3.01245,1.50611,-3,-3,1.5
198.7,-2.9816,-3.01243,1.50609,-3,-3,1.5
198.71,-2.98163,-3.01242,1.50607,-3,-3,1.5
198.72,-2.98166,-3.01241,1.50604,-3,-3,1.5
198.73,-2.9817,-3.01239,1.50603,-3,-3,1.5
198.74,-2.98173,-3.01238,1.50606,-3,-3,1.5
198.75,-2.98177,-3.01237,1.50608,-3,-3,1.5
198.76,-2.9818,-3.01235,1.50609,-3,-3,1.5
198.77,-2.98184,-3.01234,1.50609,-3,-3,1.5
198.78,-2.98188,-3.01233,1.50609,-3,-3,1.5
198.79,-2.98193,-3.01231,1.50609,-3,-3,1.5
198.8,-2.98197,-3.0123,1.50609,-3,-3,1.5
198.81,-2.98201,-3.01229,1.50609,-3,-3,1.5
198.82,-2.98206,-3.01229,1.50608,-3,-3,1.5
198.83,-2.98211,-3.01228,1.50607,-3,-3,1.5
198.84,-2.98215,-3.01227,1.50606,-3,-3,1.5
198.85,-2.9822,-3.01227,1.50604,-3,-3,1.5
198.86,-2.98225,-3.01226,1.50601,-3,-3,1.5
198.87,-2.9823,-3.01226,1.50599,-3,-3,1.5
198.88,-2.98235,-3.01225,1.50597,-3,-3,1.5
198.89,-2.9824,-3.01225,1.50594,-3,-3,1.5
198.9,-2.98245,-3.01225,1.50591,-3,-3,1.5
198.91,-2.9825,-3.01224,1.50587,-3,-3,1.5
198.92,-2.98255,-3.01224,1.50585,-3,-3,1.5
198.93,-2.9826,-3.01223,1.50586,-3,-3,1.5
198.94,-2.98265,-3.01223,1.50586,-3,-3,1.5
198.95,-2.9827,-3.01223,1.50587,-3,-3,1.5
198.96,-2.98275,-3.01222,1.50588,-3,-3,1.5
198.97,-2.9828,-3.01222,1.50589,-3,-3,1.5
198.98,-2.98286,-3.01222,1.50593,-3,-3,1.5
198.99,-2.98291,-3.01222,1.50598,-3,-3,1.5
199,-2.98297,-3.01222,1.50602,-3,-3,1.5
199.01,-2.98302,-3.01222,1.50605,-3,-3,1.5
199.02,-2.98308,-3.01223,1.5061,-3,-3,1.5
199.03,-2.98313,-3.01224,1.50616,-3,-3,1.5
199.04,-2.98319,-3.01225,1.5062,-3,-3,1.5
199.05,-2.98324,-3.01226,1.50621,-3,-3,1.5
199.06,-2.9833,-3.01227,1.5062,-3,-3,1.5
199.07,-2.98335,-3.01229,1.50619,-3,-3,1.5
199.08,-2.9834,-3.0123,1.50618,-3,-3,1.5
199.09,-2.98345,-3.01232,1.50617,-3,-3,1.5
199.1,-2.9835,-3.01234,1.50615,-3,-3,1.5
199.11,-2.98355,-3.01235,1.50616,-3,-3,1.5
199.12,-2.98361,-3.01237,1.50615,-3,-3,1.5
199.13,-2.98366,-3.01239,1.50614,-3,-3,1.5
199.14,-2.98371,-3.01241,1.50613,-3,-3,1.5
199.15,-2.98376,-3.01243,1.50612,-3,-3,1.5
199.16,-2.98381,-3.01245,1.50613,-3,-3,1.5
199.17,-2.98387,-3.01248,1.50616,-3,-3,1.5
199.18,-2.98392,-3.0125,1.5062,-3,-3,1.5
199.19,-2.98398,-3.01253,1.50626,-3,-3,1.5
199.2,-2.98404,-3.01255,1.50628,-3,-3,1.5
199.21,-2.98409,-3.01258,1.50627,-3,-3,1.5
199.22,-2.98415,-3.01261,1.50625,-3,-3,1.5
199.23,-2.98421,-3.01264,1.50623,-3,-3,1.5
199.24,-2.98427,-3.01267,1.50621,-3,-3,1.5
199.25,-2.98433,-3.0127,1.5062,-3,-3,1.5
199.26,-2.98439,-3.01274,1.50618,-3,-3,1.5
199.27,-2.98445,-3.01277,1.50616,-3,-3,1.5
199.28,-2.98452,-3.0128,1.50614,-3,-3,1.5
199.29,-2.98459,-3.01284,1.5061,-3,-3,1.5
199.3,-2.98466,-3.01287,1.50608,-3,-3,1.5
199.31,-2.98473,-3.0129,1.5061,-3,-3,1.5
199.32,-2.9848,-3.01293,1.5061,-3,-3,1.5
199.33,-2.98488,-3.01296,1.50608,-3,-3,1.5
199.34,-2.98495,-3.01299,1.50606,-3,-3,1.5
199.35,-2.98503,-3.01302,1.50606,-3,-3,1.5
199.36,-2.98511,-3.01304,1.50608,-3,-3,1.5
199.37,-2.98518,-3.01306,1.50609,-3,-3,1.5
199.38,-2.98526,-3.01308,1.50609,-3,-3,1.5
199.39,-2.98534,-3.0131,1.50608,-3,-3,1.5
199.4,-2.98542,-3.01311,1.50605,-3,-3,1.5
199.41,-2.98549,-3.01313,1.50603,-3,-3,1.5
199.42,-2.98557,-3.01314,1.506,-3,-3,1.5
199.43,-2.98565,-3.01315,1.50595,-3,-3,1.5
199.44,-2.98573,-3.01316,1.50589,-3,-3,1.5
199.45,-2.98581,-3.01317,1.50585,-3,-3,1.5
199.46,-2.98589,-3.01318,1.50581,-3,-3,1.5
199.47,-2.98597,-3.01319,1.50578,-3,-3,1.5
199.48,-2.98605,-3.0132,1.50576,-3,-3,1.5
199.49,-2.98614,-3.0132,1.50576,-3,-3,1.5
199.5,-2.98622,-3.01321,1.50578,-3,-3,1.5
199.51,-2.9863,-3.01322,1.50584,-3,-3,1.5
199.52,-2.98639,-3.01322,1.50587,-3,-3,1.5
199.53,-2.98648,-3.01323,1.50588,-3,-3,1.5
199.54,-2.98656,-3.01324,1.50587,-3,-3,1.5
199.55,-2.98665,-3.01325,1.50585,-3,-3,1.5
199.56,-2.98673,-3.01327,1.50582,-3,-3,1.5
199.57,-2.98682,-3.01328,1.50579,-3,-3,1.5
199.58,-2.9869,-3.01329,1.50575,-3,-3,1.5
199.59,-2.98699,-3.0133,1.50573,-3,-3,1.5
199.6,-2.98707,-3.01331,1.50574,-3,-3,1.5
199.61,-2.98715,-3.01332,1.50577,-3,-3,1.5
199.62,-2.98724,-3.01333,1.50578,-3,-3,1.5
199.63,-2.98732,-3.01334,1.50578,-3,-3,1.5
199.64,-2.9874,-3.01336,1.50577,-3,-3,1.5
199.65,-2.98749,-3.01337,1.50575,-3,-3,1.5
199.66,-2.98757,-3.01338,1.50577,-3,-3,1.5
199.67,-2.98766,-3.01339,1.50581,-3,-3,1.5
199.68,-2.98774,-3.0134,1.50583,-3,-3,1.5
199.69,-2.98783,-3.01342,1.50587,-3,-3,1.5
199.7,-2.98791,-3.01343,1.50592,-3,-3,1.5
199.71,-2.988,-3.01344,1.50596,-3,-3,1.5
199.72,-2.98808,-3.01346,1.506,-3,-3,1.5
199.73,-2.98816,-3.01347,1.50605,-3,-3,1.5
199.74,-2.98824,-3.01349,1.50608,-3,-3,1.5
199.749,-2.98833,-3.01351,1.50612,-3,-3,1.5
199.759,-2.98841,-3.01353,1.50615,-3,-3,1.5
199.769,-2.98849,-3.01355,1.50616,-3,-3,1.5
199.779,-2.98857,-3.01357,1.50617,-3,-3,1.5
199.789,-2.98865,-3.01359,1.50618,-3,-3,1.5
199.799,-2.98873,-3.01362,1.50615,-3,-3,1.5
199.809,-2.98881,-3.01364,1.50611,-3,-3,1.5
199.819,-2.9889,-3.01367,1.50606,-3,-3,1.5
199.829,-2.98898,-3.01369,1.50603,-3,-3,1.5
199.839,-2.98906,-3.01371,1.506,-3,-3,1.5
199.849,-2.98914,-3.01373,1.50597,-3,-3,1.5
199.859,-2.98922,-3.01375,1.50591,-3,-3,1.5
199.869,-2.9893,-3.01377,1.50584,-3,-3,1.5
199.879,-2.98938,-3.01379,1.50578,-3,-3,1.5
199.889,-2.98946,-3.0138,1.50573,-3,-3,1.5
199.899,-2.98954,-3.01382,1.50566,-3,-3,1.5
199.909,-2.98962,-3.01383,1.50562,-3,-3,1.5
199.919,-2.9897,-3.01384,1.50562,-3,-3,1.5
199.929,-2.98978,-3.01385,1.50561,-3,-3,1.5
199.939,-2.98986,-3.01386,1.50559,-3,-3,1.5
199.949,-2.98994,-3.01386,1.50557,-3,-3,1.5
199.959,-2.99002,-3.01386,1.50554,-3,-3,1.5
199.969,-2.99011,-3.01386,1.5055,-3,-3,1.5
199.979,-2.99019,-3.01386,1.50544,-3,-3,1.5
199.989,-2.99027,-3.01386,1.50539,-3,-3,1.5
199.999,-2.99035,-3.01385,1.50539,-3,-3,1.5
200.009,-2.99044,-3.01385,1.5054,-3,-3,1.5
200.019,-2.99052,-3.01384,1.50539,-3,-3,1.5
200.029,-2.9906,-3.01383,1.50537,-3,-3,1.5
200.039,-2.99068,-3.01381,1.50535,-3,-3,1.5
200.049,-2.99076,-3.0138,1.50532,-3,-3,1.5
200.059,-2.99084,-3.01378,1.5053,-3,-3,1.5
200.069,-2.99091,-3.01377,1.50527,-3,-3,1.5
200.079,-2.99099,-3.01375,1.50525,-3,-3,1.5
200.089,-2.99107,-3.01373,1.50523,-3,-3,1.5
200.099,-2.99114,-3.01372,1.5052,-3,-3,1.5
200.109,-2.99121,-3.0137,1.50518,-3,-3,1.5
200.119,-2.99129,-3.01368,1.50515,-3,-3,1.5
200.129,-2.99136,-3.01366,1.50513,-3,-3,1.5
200.139,-2.99143,-3.01364,1.50511,-3,-3,1.5
200.149,-2.9915,-3.01362,1.50509,-3,-3,1.5
200.159,-2.99157,-3.01359,1.50508,-3,-3,1.5
200.169,-2.99164,-3.01357,1.50506,-3,-3,1.5
200.179,-2.99171,-3.01355,1.50504,-3,-3,1.5
200.189,-2.99178,-3.01353,1.50502,-3,-3,1.5
200.199,-2.99185,-3.01351,1.50499,-3,-3,1.5
200.209,-2.99191,-3.01349,1.50497,-3,-3,1.5
200.219,-2.99198,-3.01347,1.50495,-3,-3,1.5
200.229,-2.99205,-3.01345,1.50493,-3,-3,1.5
200.239,-2.99212,-3.01342,1.50491,-3,-3,1.5
200.249,-2.99218,-3.0134,1.50489,-3,-3,1.5
200.259,-2.99225,-3.01338,1.50488,-3,-3,1.5
200.269,-2.99232,-3.01336,1.50487,-3,-3,1.5
200.279,-2.99238,-3.01334,1.50486,-3,-3,1.5
200.289,-2.99245,-3.01331,1.50485,-3,-3,1.5
200.299,-2.99252,-3.01329,1.50483,-3,-3,1.5
200.309,-2.99259,-3.01327,1.50482,-3,-3,1.5
200.319,-2.99265,-3.01324,1.50481,-3,-3,1.5
200.329,-2.99272,-3.01322,1.5048,-3,-3,1.5
200.339,-2.99279,-3.0132,1.50479,-3,-3,1.5
200.349,-2.99286,-3.01317,1.50478,-3,-3,1.5
200.359,-2.99293,-3.01315,1.50477,-3,-3,1.5
200.369,-2.993,-3.01312,1.50476,-3,-3,1.5
200.379,-2.99307,-3.0131,1.50475,-3,-3,1.5
200.389,-2.99314,-3.01307,1.50474,-3,-3,1.5
200.399,-2.99321,-3.01304,1.50473,-3,-3,1.5
200.409,-2.99329,-3.01302,1.50472,-3,-3,1.5
200.419,-2.99336,-3.01299,1.50471,-3,-3,1.5
200.429,-2.99344,-3.01297,1.50469,-3,-3,1.5
200.439,-2.99351,-3.01294,1.50467,-3,-3,1.5
200.449,-2.99359,-3.01291,1.50466,-3,-3,1.5
200.459,-2.99367,-3.01288,1.50465,-3,-3,1.5
200.469,-2.99375,-3.01286,1.50464,-3,-3,1.5
200.479,-2.99383,-3.01283,1.50463,-3,-3,1.5
200.489,-2.99391,-3.0128,1.50462,-3,-3,1.5
200.499,-2.994,-3.01277,1.50462,-3,-3,1.5
200.509,-2.99409,-3.01275,1.50461,-3,-3,1.5
200.519,-2.99418,-3.01272,1.5046,-3,-3,1.5
200.529,-2.99427,-3.01269,1.50458,-3,-3,1.5
200.539,-2.99436,-3.01266,1.50456,-3,-3,1.5
200.549,-2.99446,-3.01263,1.50455,-3,-3,1.5
200.559,-2.99455,-3.01261,1.50453,-3,-3,1.5
200.569,-2.99465,-3.01258,1.50452,-3,-3,1.5
200.579,-2.99476,-3.01255,1.5045,-3,-3,1.5
200.589,-2.99486,-3.01253,1.50448,-3,-3,1.5
200.599,-2.99496,-3.01251,1.50448,-3,-3,1.5
200.609,-2.99507,-3.01248,1.50447,-3,-3,1.5
200.619,-2.99518,-3.01246,1.50446,-3,-3,1.5
200.629,-2.99529,-3.01244,1.50445,-3,-3,1.5
200.639,-2.9954,-3.01242,1.50444,-3,-3,1.5
200.649,-2.99551,-3.01241,1.50442,-3,-3,1.5
200.659,-2.99562,-3.01239,1.50441,-3,-3,1.5
200.669,-2.99573,-3.01238,1.5044,-3,-3,1.5
200.679,-2.99584,-3.01237,1.5044,-3,-3,1.5
200.689,-2.99595,-3.01236,1.5044,-3,-3,1.5
200.699,-2.99605,-3.01235,1.5044,-3,-3,1.5
200.709,-2.99616,-3.01235,1.50441,-3,-3,1.5
200.719,-2.99627,-3.01234,1.50443,-3,-3,1.5
200.729,-2.99638,-3.01234,1.50446,-3,-3,1.5
200.739,-2.99648,-3.01234,1.50449,-3,-3,1.5
200.749,-2.99659,-3.01235,1.50452,-3,-3,1.5
200.759,-2.99669,-3.01235,1.50456,-3,-3,1.5
200.769,-2.9968,-3.01236,1.50459,-3,-3,1.5
200.779,-2.9969,-3.01236,1.50462,-3,-3,1.5
200.789,-2.99701,-3.01237,1.50465,-3,-3,1.5
200.799,-2.99711,-3.01239,1.50468,-3,-3,1.5
200.809,-2.99722,-3.0124,1.50472,-3,-3,1.5
200.819,-2.99732,-3.01241,1.50476,-3,-3,1.5
200.829,-2.99743,-3.01243,1.5048,-3,-3,1.5
200.839,-2.99753,-3.01245,1.50484,-3,-3,1.5
200.849,-2.99764,-3.01247,1.50488,-3,-3,1.5
200.859,-2.99775,-3.01249,1.50492,-3,-3,1.5
200.869,-2.99785,-3.01252,1.50497,-3,-3,1.5
200.879,-2.99796,-3.01254,1.50502,-3,-3,1.5
200.889,-2.99806,-3.01257,1.50507,-3,-3,1.5
200.899,-2.99817,-3.0126,1.50511,-3,-3,1.5
200.909,-2.99828,-3.01263,1.50516,-3,-3,1.5
200.919,-2.99838,-3.01266,1.50519,-3,-3,1.5
200.929,-2.99849,-3.0127,1.50521,-3,-3,1.5
200.939,-2.9986,-3.01273,1.50522,-3,-3,1.5
200.949,-2.9987,-3.01277,1.50523,-3,-3,1.5
200.959,-2.9988,-3.01281,1.50525,-3,-3,1.5
200.969,-2.99891,-3.01285,1.50526,-3,-3,1.5
200.979,-2.99901,-3.01289,1.50526,-3,-3,1.5
200.989,-2.9991,-3.01292,1.50527,-3,-3,1.5
200.999,-2.99919,-3.01296,1.50528,-3,-3,1.5
201.009,-2.99928,-3.013,1.50529,-3,-3,1.5
201.019,-2.99937,-3.01304,1.50532,-3,-3,1.5
201.029,-2.99945,-3.01308,1.50537,-3,-3,1.5
201.039,-2.99952,-3.01311,1.50541,-3,-3,1.5
201.049,-2.99959,-3.01315,1.50544,-3,-3,1.5
201.059,-2.99966,-3.01318,1.50548,-3,-3,1.5
201.069,-2.99973,-3.01322,1.50551,-3,-3,1.5
201.079,-2.99979,-3.01325,1.50555,-3,-3,1.5
201.089,-2.99985,-3.01329,1.50558,-3,-3,1.5
201.099,-2.99991,-3.01332,1.50561,-3,-3,1.5
201.109,-2.99997,-3.01335,1.50564,-3,-3,1.5
201.119,-3.00002,-3.01338,1.50566,-3,-3,1.5
201.129,-3.00008,-3.01341,1.50568,-3,-3,1.5
201.139,-3.00013,-3.01344,1.50568,-3,-3,1.5
201.149,-3.00017,-3.01347,1.50569,-3,-3,1.5
201.159,-3.00022,-3.0135,1.50569,-3,-3,1.5
201.169,-3.00026,-3.01352,1.5057,-3,-3,1.5
201.179,-3.0003,-3.01355,1.5057,-3,-3,1.5
201.189,-3.00034,-3.01358,1.50571,-3,-3,1.5
201.199,-3.00037,-3.0136,1.50573,-3,-3,1.5
201.209,-3.00041,-3.01362,1.50575,-3,-3,1.5
201.219,-3.00044,-3.01364,1.50577,-3,-3,1.5
201.229,-3.00046,-3.01366,1.50579,-3,-3,1.5
201.239,-3.00048,-3.01368,1.50581,-3,-3,1.5
201.249,-3.0005,-3.0137,1.50583,-3,-3,1.5
201.259,-3.00052,-3.01372,1.50584,-3,-3,1.5
201.269,-3.00053,-3.01373,1.50585,-3,-3,1.5
201.279,-3.00054,-3.01375,1.50586,-3,-3,1.5
201.289,-3.00055,-3.01376,1.50587,-3,-3,1.5
201.299,-3.00055,-3.01378,1.50588,-3,-3,1.5
201.309,-3.00055,-3.01379,1.5059,-3,-3,1.5
201.319,-3.00055,-3.0138,1.50591,-3,-3,1.5
201.329,-3.00054,-3.01381,1.50593,-3,-3,1.5
201.339,-3.00053,-3.01382,1.50594,-3,-3,1.5
201.349,-3.00052,-3.01383,1.50595,-3,-3,1.5
201.359,-3.0005,-3.01383,1.50596,-3,-3,1.5
201.369,-3.00048,-3.01384,1.50598,-3,-3,1.5
201.379,-3.00045,-3.01385,1.50599,-3,-3,1.5
201.389,-3.00043,-3.01385,1.50601,-3,-3,1.5
201.399,-3.0004,-3.01385,1.50603,-3,-3,1.5
201.409,-3.00036,-3.01386,1.50605,-3,-3,1.5
201.419,-3.00033,-3.01386,1.50607,-3,-3,1.5
201.429,-3.00029,-3.01386,1.50607,-3,-3,1.5
201.439,-3.00025,-3.01386,1.50609,-3,-3,1.5
201.449,-3.00021,-3.01386,1.50612,-3,-3,1.5
201.459,-3.00017,-3.01386,1.50616,-3,-3,1.5
201.469,-3.00013,-3.01386,1.5062,-3,-3,1.5
201.479,-3.00008,-3.01386,1.50623,-3,-3,1.5
201.489,-3.00003,-3.01386,1.50627,-3,-3,1.5
201.499,-2.99998,-3.01386,1.5063,-3,-3,1.5
201.509,-2.99993,-3.01386,1.50634,-3,-3,1.5
201.519,-2.99988,-3.01386,1.50637,-3,-3,1.5
201.529,-2.99982,-3.01387,1.5064,-3,-3,1.5
201.539,-2.99976,-3.01387,1.50643,-3,-3,1.5
201.549,-2.99971,-3.01388,1.50647,-3,-3,1.5
201.559,-2.99965,-3.01388,1.5065,-3,-3,1.5
201.568,-2.99958,-3.01389,1.50653,-3,-3,1.5
201.578,-2.99952,-3.0139,1.50655,-3,-3,1.5
201.588,-2.99946,-3.0139,1.50656,-3,-3,1.5
201.598,-2.99939,-3.01391,1.50657,-3,-3,1.5
201.608,-2.99932,-3.01392,1.50659,-3,-3,1.5
201.618,-2.99926,-3.01393,1.5066,-3,-3,1.5
201.628,-2.99919,-3.01393,1.50663,-3,-3,1.5
201.638,-2.99912,-3.01394,1.50665,-3,-3,1.5
201.648,-2.99905,-3.01395,1.50667,-3,-3,1.5
201.658,-2.99898,-3.01395,1.5067,-3,-3,1.5
201.668,-2.9989,-3.01396,1.50674,-3,-3,1.5
201.678,-2.99883,-3.01396,1.50677,-3,-3,1.5
201.688,-2.99875,-3.01397,1.50677,-3,-3,1.5
201.698,-2.99867,-3.01397,1.50675,-3,-3,1.5
201.708,-2.99858,-3.01397,1.50674,-3,-3,1.5
201.718,-2.9985,-3.01397,1.50672,-3,-3,1.5
201.728,-2.99841,-3.01397,1.5067,-3,-3,1.5
201.738,-2.99832,-3.01397,1.50667,-3,-3,1.5
201.748,-2.99823,-3.01397,1.50665,-3,-3,1.5
201.758,-2.99813,-3.01396,1.5066,-3,-3,1.5
201.768,-2.99804,-3.01396,1.50654,-3,-3,1.5
201.778,-2.99794,-3.01395,1.50651,-3,-3,1.5
201.788,-2.99784,-3.01395,1.50651,-3,-3,1.5
201.798,-2.99775,-3.01394,1.50651,-3,-3,1.5
201.808,-2.99765,-3.01393,1.50651,-3,-3,1.5
201.818,-2.99755,-3.01392,1.50654,-3,-3,1.5
201.828,-2.99746,-3.01392,1.50656,-3,-3,1.5
201.838,-2.99737,-3.01391,1.50659,-3,-3,1.5
201.848,-2.99728,-3.01391,1.50662,-3,-3,1.5
201.858,-2.9972,-3.0139,1.50666,-3,-3,1.5
201.868,-2.99711,-3.0139,1.50669,-3,-3,1.5
201.878,-2.99703,-3.0139,1.50673,-3,-3,1.5
201.888,-2.99695,-3.01391,1.50676,-3,-3,1.5
201.898,-2.99688,-3.01391,1.50677,-3,-3,1.5
201.908,-2.9968,-3.01392,1.50678,-3,-3,1.5
201.918,-2.99673,-3.01393,1.50679,-3,-3,1.5
201.928,-2.99665,-3.01394,1.50682,-3,-3,1.5
201.938,-2.99658,-3.01395,1.50685,-3,-3,1.5
201.948,-2.9965,-3.01396,1.50685,-3,-3,1.5
201.958,-2.99642,-3.01397,1.50683,-3,-3,1.5
201.968,-2.99635,-3.01398,1.50681,-3,-3,1.5
201.978,-2.99627,-3.01399,1.50679,-3,-3,1.5
201.988,-2.99619,-3.014,1.50678,-3,-3,1.5
201.998,-2.9961,-3.01401,1.50679,-3,-3,1.5
202.008,-2.99602,-3.01402,1.50681,-3,-3,1.5
202.018,-2.99593,-3.01403,1.50684,-3,-3,1.5
202.028,-2.99585,-3.01403,1.50687,-3,-3,1.5
202.038,-2.99576,-3.01404,1.50691,-3,-3,1.5
202.048,-2.99566,-3.01404,1.50693,-3,-3,1.5
202.058,-2.99557,-3.01405,1.50695,-3,-3,1.5
202.068,-2.99548,-3.01405,1.50696,-3,-3,1.5
202.078,-2.99539,-3.01405,1.50697,-3,-3,1.5
202.088,-2.99529,-3.01405,1.50698,-3,-3,1.5
202.098,-2.9952,-3.01405,1.50701,-3,-3,1.5
202.108,-2.9951,-3.01405,1.50703,-3,-3,1.5
202.118,-2.995,-3.01405,1.50705,-3,-3,1.5
202.128,-2.9949,-3.01404,1.50707,-3,-3,1.5
202.138,-2.99481,-3.01404,1.50709,-3,-3,1.5
202.148,-2.99471,-3.01404,1.50711,-3,-3,1.5
202.158,-2.99461,-3.01403,1.50714,-3,-3,1.5
202.168,-2.99451,-3.01403,1.50718,-3,-3,1.5
202.178,-2.9944,-3.01402,1.50722,-3,-3,1.5
202.188,-2.9943,-3.01401,1.50724,-3,-3,1.5
202.198,-2.9942,-3.01401,1.50726,-3,-3,1.5
202.208,-2.99409,-3.014,1.50728,-3,-3,1.5
202.218,-2.99399,-3.01399,1.50731,-3,-3,1.5
202.228,-2.99388,-3.01398,1.50734,-3,-3,1.5
202.238,-2.99378,-3.01397,1.50737,-3,-3,1.5
202.248,-2.99367,-3.01396,1.5074,-3,-3,1.5
202.258,-2.99356,-3.01395,1.50741,-3,-3,1.5
202.268,-2.99345,-3.01393,1.50742,-3,-3,1.5
202.278,-2.99335,-3.01392,1.50743,-3,-3,1.5
202.288,-2.99324,-3.01391,1.50744,-3,-3,1.5
202.298,-2.99313,-3.01389,1.50745,-3,-3,1.5
202.308,-2.99302,-3.01388,1.50747,-3,-3,1.5
202.318,-2.99291,-3.01386,1.50749,-3,-3,1.5
202.328,-2.9928,-3.01384,1.50751,-3,-3,1.5
202.338,-2.99269,-3.01383,1.50753,-3,-3,1.5
202.348,-2.99258,-3.01381,1.50753,-3,-3,1.5
202.358,-2.99247,-3.01379,1.50754,-3,-3,1.5
202.368,-2.99236,-3.01377,1.50756,-3,-3,1.5
202.378,-2.99225,-3.01375,1.50757,-3,-3,1.5
202.388,-2.99213,-3.01373,1.50759,-3,-3,1.5
202.398,-2.99202,-3.01371,1.50762,-3,-3,1.5
202.408,-2.99191,-3.01369,1.50764,-3,-3,1.5
202.418,-2.99179,-3.01367,1.50766,-3,-3,1.5
202.428,-2.99168,-3.01365,1.50767,-3,-3,1.5
202.438,-2.99156,-3.01363,1.50769,-3,-3,1.5
202.448,-2.99145,-3.01361,1.5077,-3,-3,1.5
202.458,-2.99133,-3.01359,1.50771,-3,-3,1.5
202.468,-2.99122,-3.01356,1.50772,-3,-3,1.5
202.478,-2.9911,-3.01354,1.50773,-3,-3,1.5
202.488,-2.99098,-3.01352,1.50774,-3,-3,1.5
202.498,-2.99086,-3.0135,1.50776,-3,-3,1.5
202.508,-2.99074,-3.01349,1.50777,-3,-3,1.5
202.518,-2.99062,-3.01347,1.50778,-3,-3,1.5
202.528,-2.9905,-3.01346,1.50779,-3,-3,1.5
202.538,-2.99038,-3.01345,1.5078,-3,-3,1.5
202.548,-2.99026,-3.01345,1.50781,-3,-3,1.5
202.558,-2.99014,-3.01345,1.50783,-3,-3,1.5
202.568,-2.99002,-3.01345,1.50782,-3,-3,1.5
202.578,-2.98989,-3.01346,1.50782,-3,-3,1.5
202.588,-2.98977,-3.01347,1.50782,-3,-3,1.5
202.598,-2.98965,-3.01349,1.50782,-3,-3,1.5
202.608,-2.98952,-3.01351,1.50779,-3,-3,1.5
202.618,-2.98939,-3.01353,1.50774,-3,-3,1.5
202.628,-2.98927,-3.01355,1.5077,-3,-3,1.5
202.638,-2.98914,-3.01358,1.50767,-3,-3,1.5
202.648,-2.98901,-3.01361,1.50765,-3,-3,1.5
202.658,-2.98888,-3.01363,1.50763,-3,-3,1.5
202.668,-2.98875,-3.01366,1.50763,-3,-3,1.5
202.678,-2.98862,-3.01369,1.50762,-3,-3,1.5
202.688,-2.98849,-3.01372,1.50762,-3,-3,1.5
202.698,-2.98836,-3.01375,1.50763,-3,-3,1.5
202.708,-2.98823,-3.01379,1.50763,-3,-3,1.5
202.718,-2.9881,-3.01382,1.50763,-3,-3,1.5
202.728,-2.98797,-3.01385,1.50764,-3,-3,1.5
202.738,-2.98784,-3.01388,1.50765,-3,-3,1.5
202.748,-2.98771,-3.01391,1.50765,-3,-3,1.5
202.758,-2.98759,-3.01394,1.50767,-3,-3,1.5
202.768,-2.98746,-3.01397,1.50769,-3,-3,1.5
202.778,-2.98733,-3.014,1.50771,-3,-3,1.5
202.788,-2.98721,-3.01403,1.50773,-3,-3,1.5
202.798,-2.98709,-3.01406,1.50774,-3,-3,1.5
202.808,-2.98696,-3.01408,1.50775,-3,-3,1.5
202.818,-2.98684,-3.01411,1.50776,-3,-3,1.5
202.828,-2.98672,-3.01414,1.5078,-3,-3,1.5
202.838,-2.98659,-3.01416,1.50785,-3,-3,1.5
202.848,-2.98647,-3.01418,1.50789,-3,-3,1.5
202.858,-2.98635,-3.01421,1.50793,-3,-3,1.5
202.868,-2.98623,-3.01423,1.50797,-3,-3,1.5
202.878,-2.98611,-3.01426,1.508,-3,-3,1.5
202.888,-2.98599,-3.01428,1.50803,-3,-3,1.5
202.898,-2.98588,-3.01431,1.50805,-3,-3,1.5
202.908,-2.98576,-3.01433,1.50807,-3,-3,1.5
202.918,-2.98564,-3.01436,1.5081,-3,-3,1.5
202.928,-2.98553,-3.01438,1.50811,-3,-3,1.5
202.938,-2.98541,-3.0144,1.50812,-3,-3,1.5
202.948,-2.98529,-3.01443,1.50815,-3,-3,1.5
202.958,-2.98518,-3.01445,1.50819,-3,-3,1.5
202.968,-2.98506,-3.01447,1.50823,-3,-3,1.5
202.978,-2.98494,-3.01449,1.50827,-3,-3,1.5
202.988,-2.98483,-3.01451,1.50829,-3,-3,1.5
202.998,-2.98471,-3.01453,1.50831,-3,-3,1.5
203.008,-2.9846,-3.01455,1.50833,-3,-3,1.5
203.018,-2.98449,-3.01457,1.50835,-3,-3,1.5
203.028,-2.98437,-3.01459,1.50837,-3,-3,1.5
203.038,-2.98426,-3.01461,1.50838,-3,-3,1.5
203.048,-2.98415,-3.01463,1.5084,-3,-3,1.5
203.058,-2.98404,-3.01464,1.50842,-3,-3,1.5
203.068,-2.98393,-3.01466,1.50844,-3,-3,1.5
203.078,-2.98383,-3.01467,1.50844,-3,-3,1.5
203.088,-2.98372,-3.01469,1.50845,-3,-3,1.5
203.098,-2.98362,-3.0147,1.50845,-3,-3,1.5
203.108,-2.98352,-3.01471,1.50847,-3,-3,1.5
203.118,-2.98342,-3.01472,1.50848,-3,-3,1.5
203.128,-2.98333,-3.01473,1.50849,-3,-3,1.5
203.138,-2.98323,-3.01475,1.5085,-3,-3,1.5
203.148,-2.98314,-3.01475,1.50851,-3,-3,1.5
203.158,-2.98305,-3.01476,1.50853,-3,-3,1.5
203.168,-2.98296,-3.01477,1.50855,-3,-3,1.5
203.178,-2.98287,-3.01478,1.50857,-3,-3,1.5
203.188,-2.98278,-3.01478,1.50859,-3,-3,1.5
203.198,-2.9827,-3.01478,1.50859,-3,-3,1.5
203.208,-2.98261,-3.01479,1.50859,-3,-3,1.5
203.218,-2.98253,-3.01479,1.50859,-3,-3,1.5
203.228,-2.98245,-3.01479,1.50858,-3,-3,1.5
203.238,-2.98237,-3.01479,1.50858,-3,-3,1.5
203.248,-2.98229,-3.01479,1.50857,-3,-3,1.5
203.258,-2.98221,-3.01479,1.50857,-3,-3,1.5
203.268,-2.98213,-3.01479,1.50856,-3,-3,1.5
203.278,-2.98205,-3.01478,1.50855,-3,-3,1.5
203.288,-2.98197,-3.01478,1.50854,-3,-3,1.5
203.298,-2.98189,-3.01478,1.50854,-3,-3,1.5
203.308,-2.98181,-3.01477,1.50854,-3,-3,1.5
203.318,-2.98173,-3.01477,1.50854,-3,-3,1.5
203.328,-2.98165,-3.01477,1.50854,-3,-3,1.5
203.338,-2.98157,-3.01476,1.50855,-3,-3,1.5
203.348,-2.98148,-3.01475,1.50856,-3,-3,1.5
203.358,-2.9814,-3.01475,1.50859,-3,-3,1.5
203.368,-2.98132,-3.01474,1.50861,-3,-3,1.5
203.378,-2.98124,-3.01473,1.50862,-3,-3,1.5
203.387,-2.98116,-3.01473,1.50864,-3,-3,1.5
203.397,-2.98108,-3.01472,1.50864,-3,-3,1.5
203.407,-2.98101,-3.01471,1.50864,-3,-3,1.5
203.417,-2.98093,-3.0147,1.50864,-3,-3,1.5
203.427,-2.98085,-3.01469,1.50863,-3,-3,1.5
203.437,-2.98078,-3.01468,1.50862,-3,-3,1.5
203.447,-2.9807,-3.01467,1.50861,-3,-3,1.5
203.457,-2.98063,-3.01466,1.50861,-3,-3,1.5
203.467,-2.98056,-3.01464,1.5086,-3,-3,1.5
203.477,-2.98049,-3.01463,1.50859,-3,-3,1.5
203.487,-2.98042,-3.01462,1.50858,-3,-3,1.5
203.497,-2.98035,-3.01461,1.50856,-3,-3,1.5
203.507,-2.98029,-3.0146,1.50855,-3,-3,1.5
203.517,-2.98022,-3.01458,1.50853,-3,-3,1.5
203.527,-2.98016,-3.01457,1.5085,-3,-3,1.5
203.537,-2.9801,-3.01456,1.50848,-3,-3,1.5
203.547,-2.98003,-3.01455,1.50847,-3,-3,1.5
203.557,-2.97997,-3.01454,1.50845,-3,-3,1.5
203.567,-2.97991,-3.01453,1.50844,-3,-3,1.5
203.577,-2.97985,-3.01451,1.50842,-3,-3,1.5
203.587,-2.97978,-3.0145,1.50842,-3,-3,1.5
203.597,-2.97972,-3.01449,1.50844,-3,-3,1.5
203.607,-2.97965,-3.01448,1.50846,-3,-3,1.5
203.617,-2.97959,-3.01447,1.50847,-3,-3,1.5
203.627,-2.97952,-3.01445,1.50846,-3,-3,1.5
203.637,-2.97946,-3.01444,1.50846,-3,-3,1.5
203.647,-2.9794,-3.01443,1.50845,-3,-3,1.5
203.657,-2.97934,-3.01442,1.50844,-3,-3,1.5
203.667,-2.97928,-3.01441,1.50842,-3,-3,1.5
203.677,-2.97922,-3.0144,1.50843,-3,-3,1.5
203.687,-2.97917,-3.01439,1.50846,-3,-3,1.5
203.697,-2.97912,-3.01439,1.50849,-3,-3,1.5
203.707,-2.97907,-3.01439,1.50852,-3,-3,1.5
203.717,-2.97903,-3.01438,1.50855,-3,-3,1.5
203.727,-2.97899,-3.01438,1.50858,-3,-3,1.5
203.737,-2.97895,-3.01438,1.50861,-3,-3,1.5
203.747,-2.97891,-3.01438,1.50864,-3,-3,1.5
203.757,-2.97887,-3.01438,1.50867,-3,-3,1.5
203.767,-2.97884,-3.01438,1.50868,-3,-3,1.5
203.777,-2.97881,-3.01439,1.50869,-3,-3,1.5
203.787,-2.97877,-3.01439,1.50869,-3,-3,1.5
203.797,-2.97874,-3.01439,1.50869,-3,-3,1.5
203.807,-2.97871,-3.01439,1.50868,-3,-3,1.5
203.817,-2.97868,-3.0144,1.50866,-3,-3,1.5
203.827,-2.97865,-3.0144,1.50865,-3,-3,1.5
203.837,-2.97862,-3.0144,1.50863,-3,-3,1.5
203.847,-2.97859,-3.01441,1.50864,-3,-3,1.5
203.857,-2.97856,-3.01441,1.50865,-3,-3,1.5
203.867,-2.97853,-3.01442,1.50865,-3,-3,1.5
203.877,-2.97849,-3.01442,1.50864,-3,-3,1.5
203.887,-2.97846,-3.01442,1.50863,-3,-3,1.5
203.897,-2.97843,-3.01443,1.50861,-3,-3,1.5
203.907,-2.9784,-3.01443,1.50863,-3,-3,1.5
203.917,-2.97838,-3.01444,1.50867,-3,-3,1.5
203.927,-2.97836,-3.01444,1.5087,-3,-3,1.5
203.937,-2.97834,-3.01445,1.50872,-3,-3,1.5
203.947,-2.97832,-3.01445,1.50873,-3,-3,1.5
203.957,-2.97831,-3.01445,1.50874,-3,-3,1.5
203.967,-2.97829,-3.01446,1.50874,-3,-3,1.5
203.977,-2.97829,-3.01446,1.50874,-3,-3,1.5
203.987,-2.97828,-3.01446,1.50873,-3,-3,1.5
203.997,-2.97828,-3.01447,1.50872,-3,-3,1.5
204.007,-2.97827,-3.01447,1.50872,-3,-3,1.5
204.017,-2.97827,-3.01447,1.50872,-3,-3,1.5
204.027,-2.97828,-3.01447,1.50872,-3,-3,1.5
204.037,-2.97828,-3.01448,1.50871,-3,-3,1.5
204.047,-2.97829,-3.01448,1.50869,-3,-3,1.5
204.057,-2.97829,-3.01449,1.50867,-3,-3,1.5
204.067,-2.9783,-3.0145,1.50865,-3,-3,1.5
204.077,-2.97831,-3.0145,1.50863,-3,-3,1.5
204.087,-2.97832,-3.01451,1.50861,-3,-3,1.5
204.097,-2.97832,-3.01452,1.50858,-3,-3,1.5
204.107,-2.97833,-3.01453,1.50856,-3,-3,1.5
204.117,-2.97834,-3.01454,1.50853,-3,-3,1.5
204.127,-2.97834,-3.01455,1.5085,-3,-3,1.5
204.137,-2.97834,-3.01456,1.50848,-3,-3,1.5
204.147,-2.97835,-3.01457,1.50846,-3,-3,1.5
204.157,-2.97835,-3.01458,1.50845,-3,-3,1.5
204.167,-2.97835,-3.01459,1.50843,-3,-3,1.5
204.177,-2.97835,-3.0146,1.50841,-3,-3,1.5
204.187,-2.97835,-3.01461,1.5084,-3,-3,1.5
204.197,-2.97835,-3.01462,1.50838,-3,-3,1.5
204.207,-2.97835,-3.01463,1.50836,-3,-3,1.5
204.217,-2.97835,-3.01464,1.50834,-3,-3,1.5
204.227,-2.97835,-3.01465,1.50832,-3,-3,1.5
204.237,-2.97834,-3.01466,1.5083,-3,-3,1.5
204.247,-2.97834,-3.01467,1.50828,-3,-3,1.5
204.257,-2.97834,-3.01468,1.50824,-3,-3,1.5
204.267,-2.97833,-3.01469,1.50822,-3,-3,1.5
204.277,-2.97833,-3.0147,1.50819,-3,-3,1.5
204.287,-2.97832,-3.01471,1.50817,-3,-3,1.5
204.297,-2.97832,-3.01472,1.50815,-3,-3,1.5
204.307,-2.97831,-3.01472,1.50813,-3,-3,1.5
204.317,-2.9783,-3.01473,1.5081,-3,-3,1.5
204.327,-2.97829,-3.01474,1.50808,-3,-3,1.5
204.337,-2.97829,-3.01474,1.50806,-3,-3,1.5
204.347,-2.97828,-3.01475,1.50804,-3,-3,1.5
204.357,-2.97827,-3.01475,1.50802,-3,-3,1.5
204.367,-2.97826,-3.01476,1.508,-3,-3,1.5
204.377,-2.97825,-3.01477,1.50798,-3,-3,1.5
204.387,-2.97825,-3.01477,1.50796,-3,-3,1.5
204.397,-2.97824,-3.01477,1.50794,-3,-3,1.5
204.407,-2.97824,-3.01478,1.50793,-3,-3,1.5
204.417,-2.97824,-3.01478,1.50791,-3,-3,1.5
204.427,-2.97825,-3.01478,1.50789,-3,-3,1.5
204.437,-2.97825,-3.01479,1.50791,-3,-3,1.5
204.447,-2.97826,-3.01479,1.50795,-3,-3,1.5
204.457,-2.97828,-3.01479,1.50798,-3,-3,1.5
204.467,-2.97829,-3.01479,1.508,-3,-3,1.5
204.477,-2.97831,-3.01479,1.50802,-3,-3,1.5
204.487,-2.97833,-3.01479,1.50803,-3,-3,1.5
204.497,-2.97836,-3.01479,1.50805,-3,-3,1.5
204.507,-2.97838,-3.01478,1.50806,-3,-3,1.5
204.517,-2.9784,-3.01478,1.50807,-3,-3,1.5
204.527,-2.97843,-3.01478,1.50807,-3,-3,1.5
204.537,-2.97845,-3.01478,1.50807,-3,-3,1.5
204.547,-2.97847,-3.01478,1.50806,-3,-3,1.5
204.557,-2.97849,-3.01478,1.50806,-3,-3,1.5
204.567,-2.97851,-3.01478,1.50804,-3,-3,1.5
204.577,-2.97853,-3.01478,1.50803,-3,-3,1.5
204.587,-2.97854,-3.01478,1.50801,-3,-3,1.5
204.597,-2.97856,-3.01478,1.508,-3,-3,1.5
204.607,-2.97857,-3.01478,1.50798,-3,-3,1.5
204.617,-2.97857,-3.01478,1.50797,-3,-3,1.5
204.627,-2.97858,-3.01477,1.50795,-3,-3,1.5
204.637,-2.97858,-3.01477,1.50793,-3,-3,1.5
204.647,-2.97858,-3.01477,1.50791,-3,-3,1.5
204.657,-2.97858,-3.01477,1.50789,-3,-3,1.5
204.667,-2.97857,-3.01476,1.50787,-3,-3,1.5
204.677,-2.97857,-3.01476,1.50786,-3,-3,1.5
204.687,-2.97855,-3.01476,1.50784,-3,-3,1.5
204.697,-2.97854,-3.01475,1.50783,-3,-3,1.5
204.707,-2.97852,-3.01475,1.50781,-3,-3,1.5
204.717,-2.9785,-3.01475,1.5078,-3,-3,1.5
204.727,-2.97848,-3.01474,1.50779,-3,-3,1.5
204.737,-2.97846,-3.01474,1.50777,-3,-3,1.5
204.747,-2.97844,-3.01473,1.50775,-3,-3,1.5
204.757,-2.97842,-3.01472,1.50773,-3,-3,1.5
204.767,-2.97839,-3.01472,1.50772,-3,-3,1.5
204.777,-2.97837,-3.01471,1.5077,-3,-3,1.5
204.787,-2.97835,-3.0147,1.50768,-3,-3,1.5
204.797,-2.97832,-3.01469,1.50766,-3,-3,1.5
204.807,-2.97831,-3.01468,1.50764,-3,-3,1.5
204.817,-2.97829,-3.01467,1.50761,-3,-3,1.5
204.827,-2.97827,-3.01466,1.50759,-3,-3,1.5
204.837,-2.97826,-3.01465,1.50761,-3,-3,1.5
204.847,-2.97826,-3.01464,1.50766,-3,-3,1.5
204.857,-2.97825,-3.01463,1.50769,-3,-3,1.5
204.867,-2.97825,-3.01462,1.50771,-3,-3,1.5
204.877,-2.97825,-3.01461,1.50771,-3,-3,1.5
204.887,-2.97825,-3.0146,1.50771,-3,-3,1.5
204.897,-2.97825,-3.01459,1.50771,-3,-3,1.5
204.907,-2.97825,-3.01458,1.50771,-3,-3,1.5
204.917,-2.97826,-3.01457,1.50771,-3,-3,1.5
204.927,-2.97826,-3.01456,1.50771,-3,-3,1.5
204.937,-2.97827,-3.01455,1.50771,-3,-3,1.5
204.947,-2.97827,-3.01454,1.5077,-3,-3,1.5
204.957,-2.97828,-3.01453,1.5077,-3,-3,1.5
204.967,-2.97828,-3.01452,1.50769,-3,-3,1.5
204.977,-2.97829,-3.01451,1.50768,-3,-3,1.5
204.987,-2.97829,-3.0145,1.50766,-3,-3,1.5
204.997,-2.9783,-3.01449,1.50764,-3,-3,1.5
205.007,-2.9783,-3.01448,1.50761,-3,-3,1.5
205.017,-2.9783,-3.01447,1.50759,-3,-3,1.5
205.027,-2.9783,-3.01446,1.50756,-3,-3,1.5
205.037,-2.9783,-3.01445,1.50754,-3,-3,1.5
205.047,-2.9783,-3.01444,1.50751,-3,-3,1.5
205.057,-2.9783,-3.01443,1.50748,-3,-3,1.5
205.067,-2.9783,-3.01442,1.50745,-3,-3,1.5
205.077,-2.9783,-3.01441,1.50743,-3,-3,1.5
205.087,-2.9783,-3.0144,1.5074,-3,-3,1.5
205.097,-2.9783,-3.01439,1.50738,-3,-3,1.5
205.107,-2.97831,-3.01438,1.50737,-3,-3,1.5
205.117,-2.97831,-3.01437,1.50735,-3,-3,1.5
205.127,-2.97831,-3.01436,1.50733,-3,-3,1.5
205.137,-2.97831,-3.01434,1.5073,-3,-3,1.5
205.147,-2.97831,-3.01433,1.50729,-3,-3,1.5
205.157,-2.97832,-3.01432,1.50728,-3,-3,1.5
205.167,-2.97832,-3.0143,1.50727,-3,-3,1.5
205.177,-2.97833,-3.01429,1.50726,-3,-3,1.5
205.187,-2.97833,-3.01427,1.50725,-3,-3,1.5
205.197,-2.97834,-3.01425,1.50725,-3,-3,1.5
205.206,-2.97835,-3.01424,1.50724,-3,-3,1.5
205.216,-2.97836,-3.01422,1.50724,-3,-3,1.5
205.226,-2.97837,-3.0142,1.50724,-3,-3,1.5
205.236,-2.97839,-3.01418,1.50723,-3,-3,1.5
205.246,-2.9784,-3.01416,1.50721,-3,-3,1.5
205.256,-2.97842,-3.01414,1.50718,-3,-3,1.5
205.266,-2.97844,-3.01412,1.50715,-3,-3,1.5
205.276,-2.97846,-3.0141,1.50712,-3,-3,1.5
205.286,-2.97849,-3.01408,1.50709,-3,-3,1.5
205.296,-2.97852,-3.01406,1.50706,-3,-3,1.5
205.306,-2.97855,-3.01404,1.50705,-3,-3,1.5
205.316,-2.97858,-3.01402,1.50704,-3,-3,1.5
205.326,-2.97861,-3.014,1.50704,-3,-3,1.5
205.336,-2.97865,-3.01398,1.50703,-3,-3,1.5
205.346,-2.97869,-3.01396,1.50701,-3,-3,1.5
205.356,-2.97873,-3.01394,1.507,-3,-3,1.5
205.366,-2.97876,-3.01392,1.50698,-3,-3,1.5
205.376,-2.9788,-3.0139,1.50697,-3,-3,1.5
205.386,-2.97884,-3.01388,1.50695,-3,-3,1.5
205.396,-2.97887,-3.01386,1.50693,-3,-3,1.5
205.406,-2.97891,-3.01384,1.50691,-3,-3,1.5
205.416,-2.97894,-3.01382,1.50688,-3,-3,1.5
205.426,-2.97898,-3.0138,1.50685,-3,-3,1.5
205.436,-2.97901,-3.01378,1.50683,-3,-3,1.5
205.446,-2.97904,-3.01376,1.5068,-3,-3,1.5
205.456,-2.97907,-3.01374,1.50677,-3,-3,1.5
205.466,-2.9791,-3.01372,1.50674,-3,-3,1.5
205.476,-2.97913,-3.0137,1.50671,-3,-3,1.5
205.486,-2.97915,-3.01368,1.50669,-3,-3,1.5
205.496,-2.97918,-3.01366,1.50666,-3,-3,1.5
205.506,-2.97921,-3.01364,1.50664,-3,-3,1.5
205.516,-2.97924,-3.01362,1.50661,-3,-3,1.5
205.526,-2.97927,-3.0136,1.50658,-3,-3,1.5
205.536,-2.9793,-3.01358,1.50654,-3,-3,1.5
205.546,-2.97933,-3.01355,1.50651,-3,-3,1.5
205.556,-2.97936,-3.01353,1.50648,-3,-3,1.5
205.566,-2.9794,-3.01351,1.50646,-3,-3,1.5
205.576,-2.97943,-3.01349,1.50643,-3,-3,1.5
205.586,-2.97947,-3.01347,1.50641,-3,-3,1.5
205.596,-2.9795,-3.01344,1.50638,-3,-3,1.5
205.606,-2.97954,-3.01342,1.50635,-3,-3,1.5
205.616,-2.97958,-3.01339,1.50633,-3,-3,1.5
205.626,-2.97962,-3.01337,1.5063,-3,-3,1.5
205.636,-2.97966,-3.01335,1.50628,-3,-3,1.5
205.646,-2.9797,-3.01332,1.50626,-3,-3,1.5
205.656,-2.97974,-3.01329,1.50624,-3,-3,1.5
205.666,-2.97979,-3.01327,1.50622,-3,-3,1.5
205.676,-2.97984,-3.01324,1.5062,-3,-3,1.5
205.686,-2.97989,-3.01321,1.50619,-3,-3,1.5
205.696,-2.97994,-3.01319,1.50617,-3,-3,1.5
205.706,-2.97999,-3.01316,1.50615,-3,-3,1.5
205.716,-2.98004,-3.01313,1.50613,-3,-3,1.5
205.726,-2.9801,-3.0131,1.50611,-3,-3,1.5
205.736,-2.98016,-3.01307,1.50609,-3,-3,1.5
205.746,-2.98022,-3.01304,1.50606,-3,-3,1.5
205.756,-2.98028,-3.01301,1.50603,-3,-3,1.5
205.766,-2.98034,-3.01297,1.50599,-3,-3,1.5
205.776,-2.98041,-3.01294,1.50596,-3,-3,1.5
205.786,-2.98047,-3.01291,1.50592,-3,-3,1.5
205.796,-2.98054,-3.01288,1.50588,-3,-3,1.5
205.806,-2.98061,-3.01285,1.50584,-3,-3,1.5
205.816,-2.98068,-3.01282,1.5058,-3,-3,1.5
205.826,-2.98075,-3.01279,1.50576,-3,-3,1.5
205.836,-2.98083,-3.01276,1.50573,-3,-3,1.5
205.846,-2.9809,-3.01273,1.5057,-3,-3,1.5
205.856,-2.98097,-3.0127,1.50567,-3,-3,1.5
205.866,-2.98105,-3.01267,1.50564,-3,-3,1.5
205.876,-2.98112,-3.01263,1.50561,-3,-3,1.5
205.886,-2.9812,-3.0126,1.50558,-3,-3,1.5
205.896,-2.98127,-3.01257,1.50555,-3,-3,1.5
205.906,-2.98135,-3.01254,1.50551,-3,-3,1.5
205.916,-2.98142,-3.01251,1.50547,-3,-3,1.5
205.926,-2.98149,-3.01248,1.50543,-3,-3,1.5
205.936,-2.98156,-3.01245,1.5054,-3,-3,1.5
205.946,-2.98163,-3.01242,1.50536,-3,-3,1.5
205.956,-2.98169,-3.01238,1.50534,-3,-3,1.5
205.966,-2.98175,-3.01235,1.50534,-3,-3,1.5
205.976,-2.98182,-3.01232,1.50533,-3,-3,1.5
205.986,-2.98188,-3.01228,1.50531,-3,-3,1.5
205.996,-2.98194,-3.01225,1.50529,-3,-3,1.5
206.006,-2.982,-3.01222,1.50528,-3,-3,1.5
206.016,-2.98206,-3.01218,1.50526,-3,-3,1.5
206.026,-2.98212,-3.01215,1.50524,-3,-3,1.5
206.036,-2.98218,-3.01211,1.50523,-3,-3,1.5
206.046,-2.98224,-3.01207,1.50521,-3,-3,1.5
206.056,-2.9823,-3.01204,1.50519,-3,-3,1.5
206.066,-2.98236,-3.012,1.50517,-3,-3,1.5
206.076,-2.98242,-3.01197,1.50514,-3,-3,1.5
206.086,-2.98249,-3.01193,1.5051,-3,-3,1.5
206.096,-2.98255,-3.01189,1.50505,-3,-3,1.5
206.106,-2.98262,-3.01185,1.50502,-3,-3,1.5
206.116,-2.98269,-3.01182,1.50499,-3,-3,1.5
206.126,-2.98275,-3.01178,1.50497,-3,-3,1.5
206.136,-2.98282,-3.01174,1.50495,-3,-3,1.5
206.146,-2.98289,-3.0117,1.50492,-3,-3,1.5
206.156,-2.98295,-3.01167,1.50489,-3,-3,1.5
206.166,-2.98302,-3.01163,1.50486,-3,-3,1.5
206.176,-2.98309,-3.01159,1.50483,-3,-3,1.5
206.186,-2.98315,-3.01156,1.50479,-3,-3,1.5
206.196,-2.98321,-3.01152,1.50476,-3,-3,1.5
206.206,-2.98328,-3.01148,1.50473,-3,-3,1.5
206.216,-2.98334,-3.01145,1.50471,-3,-3,1.5
206.226,-2.9834,-3.01141,1.50469,-3,-3,1.5
206.236,-2.98346,-3.01137,1.50466,-3,-3,1.5
206.246,-2.98352,-3.01134,1.50464,-3,-3,1.5
206.256,-2.98358,-3.0113,1.50461,-3,-3,1.5
206.266,-2.98364,-3.01126,1.50459,-3,-3,1.5
206.276,-2.9837,-3.01122,1.50456,-3,-3,1.5
206.286,-2.98375,-3.01119,1.50454,-3,-3,1.5
206.296,-2.98381,-3.01115,1.50451,-3,-3,1.5
206.306,-2.98387,-3.01111,1.50449,-3,-3,1.5
206.316,-2.98392,-3.01108,1.50446,-3,-3,1.5
206.326,-2.98398,-3.01104,1.50443,-3,-3,1.5
206.336,-2.98404,-3.011,1.50441,-3,-3,1.5
206.346,-2.9841,-3.01096,1.50438,-3,-3,1.5
206.356,-2.98415,-3.01093,1.50436,-3,-3,1.5
206.366,-2.98421,-3.01089,1.50433,-3,-3,1.5
206.376,-2.98427,-3.01085,1.50431,-3,-3,1.5
206.386,-2.98433,-3.01081,1.50428,-3,-3,1.5
206.396,-2.98438,-3.01077,1.50425,-3,-3,1.5
206.406,-2.98444,-3.01073,1.50423,-3,-3,1.5
206.416,-2.9845,-3.01069,1.5042,-3,-3,1.5
206.426,-2.98456,-3.01065,1.50418,-3,-3,1.5
206.436,-2.98462,-3.01061,1.50415,-3,-3,1.5
206.446,-2.98468,-3.01057,1.50413,-3,-3,1.5
206.456,-2.98474,-3.01053,1.5041,-3,-3,1.5
206.466,-2.9848,-3.01049,1.50407,-3,-3,1.5
206.476,-2.98486,-3.01045,1.50404,-3,-3,1.5
206.486,-2.98493,-3.0104,1.50404,-3,-3,1.5
206.496,-2.98499,-3.01036,1.50409,-3,-3,1.5
206.506,-2.98506,-3.01032,1.50413,-3,-3,1.5
206.516,-2.98513,-3.01028,1.50415,-3,-3,1.5
206.526,-2.9852,-3.01024,1.5042,-3,-3,1.5
206.536,-2.98527,-3.0102,1.50427,-3,-3,1.5
206.546,-2.98534,-3.01017,1.50433,-3,-3,1.5
206.556,-2.98542,-3.01013,1.50437,-3,-3,1.5
206.566,-2.98549,-3.0101,1.50438,-3,-3,1.5
206.576,-2.98557,-3.01006,1.50439,-3,-3,1.5
206.586,-2.98564,-3.01003,1.5044,-3,-3,1.5
206.596,-2.98572,-3.01,1.50443,-3,-3,1.5
206.606,-2.98579,-3.00997,1.50448,-3,-3,1.5
206.616,-2.98586,-3.00995,1.50454,-3,-3,1.5
206.626,-2.98593,-3.00992,1.5046,-3,-3,1.5
206.636,-2.986,-3.0099,1.50463,-3,-3,1.5
206.646,-2.98607,-3.00988,1.50464,-3,-3,1.5
206.656,-2.98614,-3.00987,1.50463,-3,-3,1.5
206.666,-2.98621,-3.00985,1.50461,-3,-3,1.5
206.676,-2.98628,-3.00984,1.50459,-3,-3,1.5
206.686,-2.98635,-3.00983,1.50457,-3,-3,1.5
206.696,-2.98642,-3.00982,1.50455,-3,-3,1.5
206.706,-2.98649,-3.00981,1.50452,-3,-3,1.5
206.716,-2.98655,-3.0098,1.50449,-3,-3,1.5
206.726,-2.98662,-3.00979,1.50448,-3,-3,1.5
206.736,-2.98669,-3.00979,1.50452,-3,-3,1.5
206.746,-2.98676,-3.00978,1.50454,-3,-3,1.5
206.756,-2.98682,-3.00977,1.50455,-3,-3,1.5
206.766,-2.98689,-3.00977,1.50454,-3,-3,1.5
206.776,-2.98696,-3.00976,1.50452,-3,-3,1.5
206.786,-2.98702,-3.00976,1.50449,-3,-3,1.5
206.796,-2.98709,-3.00976,1.50446,-3,-3,1.5
206.806,-2.98715,-3.00975,1.50442,-3,-3,1.5
206.816,-2.98721,-3.00975,1.50441,-3,-3,1.5
206.826,-2.98727,-3.00975,1.50443,-3,-3,1.5
206.836,-2.98733,-3.00975,1.50445,-3,-3,1.5
206.846,-2.98738,-3.00975,1.50445,-3,-3,1.5
206.856,-2.98744,-3.00975,1.50443,-3,-3,1.5
206.866,-2.9875,-3.00975,1.50441,-3,-3,1.5
206.876,-2.98755,-3.00975,1.50439,-3,-3,1.5
206.886,-2.98761,-3.00975,1.50435,-3,-3,1.5
206.896,-2.98766,-3.00975,1.50431,-3,-3,1.5
206.906,-2.98772,-3.00975,1.50428,-3,-3,1.5
206.916,-2.98777,-3.00975,1.50425,-3,-3,1.5
206.926,-2.98783,-3.00975,1.50422,-3,-3,1.5
206.936,-2.98788,-3.00974,1.50417,-3,-3,1.5
206.946,-2.98794,-3.00974,1.50411,-3,-3,1.5
206.956,-2.98799,-3.00974,1.50405,-3,-3,1.5
206.966,-2.98805,-3.00973,1.504,-3,-3,1.5
206.976,-2.9881,-3.00973,1.50395,-3,-3,1.5
206.986,-2.98816,-3.00972,1.50389,-3,-3,1.5
206.996,-2.98821,-3.00971,1.50383,-3,-3,1.5
207.006,-2.98827,-3.0097,1.50377,-3,-3,1.5
207.016,-2.98832,-3.00969,1.50374,-3,-3,1.5
207.025,-2.98838,-3.00968,1.50373,-3,-3,1.5
207.035,-2.98843,-3.00966,1.50371,-3,-3,1.5
207.045,-2.98849,-3.00965,1.5037,-3,-3,1.5
207.055,-2.98854,-3.00964,1.50368,-3,-3,1.5
207.065,-2.98859,-3.00962,1.50367,-3,-3,1.5
207.075,-2.98864,-3.00961,1.50367,-3,-3,1.5
207.085,-2.98869,-3.00959,1.50367,-3,-3,1.5
207.095,-2.98874,-3.00958,1.50365,-3,-3,1.5
207.105,-2.98879,-3.00956,1.50363,-3,-3,1.5
207.115,-2.98884,-3.00954,1.5036,-3,-3,1.5
207.125,-2.98889,-3.00953,1.50358,-3,-3,1.5
207.135,-2.98893,-3.00951,1.50355,-3,-3,1.5
207.145,-2.98898,-3.00949,1.50354,-3,-3,1.5
207.155,-2.98902,-3.00947,1.50354,-3,-3,1.5
207.165,-2.98907,-3.00946,1.50352,-3,-3,1.5
207.175,-2.98911,-3.00944,1.5035,-3,-3,1.5
207.185,-2.98915,-3.00942,1.50349,-3,-3,1.5
207.195,-2.9892,-3.0094,1.50347,-3,-3,1.5
207.205,-2.98924,-3.00938,1.50346,-3,-3,1.5
207.215,-2.98928,-3.00936,1.50345,-3,-3,1.5
207.225,-2.98933,-3.00935,1.50343,-3,-3,1.5
207.235,-2.98937,-3.00933,1.50341,-3,-3,1.5
207.245,-2.98942,-3.00931,1.50339,-3,-3,1.5
207.255,-2.98946,-3.00929,1.50336,-3,-3,1.5
207.265,-2.98951,-3.00927,1.50334,-3,-3,1.5
207.275,-2.98956,-3.00925,1.50331,-3,-3,1.5
207.285,-2.98961,-3.00923,1.50327,-3,-3,1.5
207.295,-2.98966,-3.00921,1.50321,-3,-3,1.5
207.305,-2.98971,-3.00919,1.50315,-3,-3,1.5
207.315,-2.98976,-3.00916,1.50311,-3,-3,1.5
207.325,-2.98981,-3.00914,1.50307,-3,-3,1.5
207.335,-2.98987,-3.00912,1.50303,-3,-3,1.5
207.345,-2.98992,-3.00909,1.503,-3,-3,1.5
207.355,-2.98998,-3.00907,1.50298,-3,-3,1.5
207.365,-2.99003,-3.00905,1.50296,-3,-3,1.5
207.375,-2.99009,-3.00902,1.50294,-3,-3,1.5
207.385,-2.99015,-3.009,1.50296,-3,-3,1.5
207.395,-2.99021,-3.00898,1.503,-3,-3,1.5
207.405,-2.99028,-3.00896,1.50303,-3,-3,1.5
207.415,-2.99034,-3.00894,1.50305,-3,-3,1.5
207.425,-2.9904,-3.00891,1.50307,-3,-3,1.5
207.435,-2.99047,-3.00889,1.50307,-3,-3,1.5
207.445,-2.99053,-3.00887,1.50306,-3,-3,1.5
207.455,-2.99059,-3.00886,1.50305,-3,-3,1.5
207.465,-2.99065,-3.00884,1.50304,-3,-3,1.5
207.475,-2.99071,-3.00882,1.50303,-3,-3,1.5
207.485,-2.99077,-3.0088,1.503,-3,-3,1.5
207.495,-2.99082,-3.00878,1.50298,-3,-3,1.5
207.505,-2.99088,-3.00876,1.50296,-3,-3,1.5
207.515,-2.99093,-3.00874,1.50294,-3,-3,1.5
207.525,-2.99098,-3.00873,1.50292,-3,-3,1.5
207.535,-2.99103,-3.00871,1.5029,-3,-3,1.5
207.545,-2.99108,-3.00869,1.50287,-3,-3,1.5
207.555,-2.99112,-3.00867,1.50285,-3,-3,1.5
207.565,-2.99116,-3.00866,1.50283,-3,-3,1.5
207.575,-2.99121,-3.00864,1.5028,-3,-3,1.5
207.585,-2.99124,-3.00863,1.50277,-3,-3,1.5
207.595,-2.99128,-3.00861,1.50274,-3,-3,1.5
207.605,-2.99132,-3.0086,1.50271,-3,-3,1.5
207.615,-2.99135,-3.00858,1.50268,-3,-3,1.5
207.625,-2.99138,-3.00857,1.50266,-3,-3,1.5
207.635,-2.99142,-3.00855,1.50264,-3,-3,1.5
207.645,-2.99145,-3.00854,1.50262,-3,-3,1.5
207.655,-2.99148,-3.00853,1.5026,-3,-3,1.5
207.665,-2.99151,-3.00851,1.50259,-3,-3,1.5
207.675,-2.99154,-3.0085,1.50257,-3,-3,1.5
207.685,-2.99157,-3.00849,1.50255,-3,-3,1.5
207.695,-2.9916,-3.00848,1.50253,-3,-3,1.5
207.705,-2.99163,-3.00846,1.50252,-3,-3,1.5
207.715,-2.99166,-3.00845,1.50251,-3,-3,1.5
207.725,-2.9917,-3.00844,1.5025,-3,-3,1.5
207.735,-2.99173,-3.00843,1.50249,-3,-3,1.5
207.745,-2.99177,-3.00841,1.50249,-3,-3,1.5
207.755,-2.9918,-3.0084,1.50248,-3,-3,1.5
207.765,-2.99184,-3.00839,1.50248,-3,-3,1.5
207.775,-2.99188,-3.00837,1.50247,-3,-3,1.5
207.785,-2.99192,-3.00836,1.50247,-3,-3,1.5
207.795,-2.99196,-3.00834,1.50246,-3,-3,1.5
207.805,-2.992,-3.00833,1.50245,-3,-3,1.5
207.815,-2.99204,-3.00831,1.50245,-3,-3,1.5
207.825,-2.99209,-3.0083,1.50244,-3,-3,1.5
207.835,-2.99213,-3.00828,1.50243,-3,-3,1.5
207.845,-2.99218,-3.00826,1.50242,-3,-3,1.5
207.855,-2.99222,-3.00825,1.50241,-3,-3,1.5
207.865,-2.99227,-3.00823,1.5024,-3,-3,1.5
207.875,-2.99231,-3.00822,1.5024,-3,-3,1.5
207.885,-2.99236,-3.0082,1.50239,-3,-3,1.5
207.895,-2.9924,-3.00819,1.50238,-3,-3,1.5
207.905,-2.99245,-3.00817,1.50237,-3,-3,1.5
207.915,-2.99249,-3.00816,1.50236,-3,-3,1.5
207.925,-2.99254,-3.00814,1.50235,-3,-3,1.5
207.935,-2.99259,-3.00813,1.50234,-3,-3,1.5
207.945,-2.99263,-3.00811,1.50233,-3,-3,1.5
207.955,-2.99268,-3.0081,1.50232,-3,-3,1.5
207.965,-2.99272,-3.00808,1.50232,-3,-3,1.5
207.975,-2.99277,-3.00807,1.50232,-3,-3,1.5
207.985,-2.99281,-3.00806,1.50232,-3,-3,1.5
207.995,-2.99286,-3.00805,1.50232,-3,-3,1.5
208.005,-2.9929,-3.00804,1.50232,-3,-3,1.5
208.015,-2.99295,-3.00802,1.50231,-3,-3,1.5
208.025,-2.99299,-3.00801,1.50231,-3,-3,1.5
208.035,-2.99304,-3.00801,1.5023,-3,-3,1.5
208.045,-2.99308,-3.008,1.50229,-3,-3,1.5
208.055,-2.99312,-3.00799,1.50229,-3,-3,1.5
208.065,-2.99317,-3.00798,1.50228,-3,-3,1.5
208.075,-2.99321,-3.00797,1.50228,-3,-3,1.5
208.085,-2.99326,-3.00796,1.50227,-3,-3,1.5
208.095,-2.9933,-3.00796,1.50226,-3,-3,1.5
208.105,-2.99335,-3.00795,1.50226,-3,-3,1.5
208.115,-2.99339,-3.00794,1.50225,-3,-3,1.5
208.125,-2.99344,-3.00793,1.50225,-3,-3,1.5
208.135,-2.99349,-3.00792,1.50225,-3,-3,1.5
208.145,-2.99353,-3.00792,1.50225,-3,-3,1.5
208.155,-2.99358,-3.00791,1.50225,-3,-3,1.5
208.165,-2.99363,-3.0079,1.50225,-3,-3,1.5
208.175,-2.99368,-3.00789,1.50225,-3,-3,1.5
208.185,-2.99373,-3.00788,1.50224,-3,-3,1.5
208.195,-2.99378,-3.00787,1.50224,-3,-3,1.5
208.205,-2.99384,-3.00787,1.50224,-3,-3,1.5
208.215,-2.99389,-3.00786,1.50224,-3,-3,1.5
208.225,-2.99395,-3.00785,1.50224,-3,-3,1.5
208.235,-2.99401,-3.00784,1.50224,-3,-3,1.5
208.245,-2.99407,-3.00784,1.50225,-3,-3,1.5
208.255,-2.99413,-3.00783,1.50225,-3,-3,1.5
208.265,-2.99419,-3.00782,1.50225,-3,-3,1.5
208.275,-2.99426,-3.00782,1.50225,-3,-3,1.5
208.285,-2.99432,-3.00781,1.50225,-3,-3,1.5
208.295,-2.99439,-3.0078,1.50225,-3,-3,1.5
208.305,-2.99446,-3.0078,1.50225,-3,-3,1.5
208.315,-2.99453,-3.00779,1.50224,-3,-3,1.5
208.325,-2.99461,-3.00779,1.50224,-3,-3,1.5
208.335,-2.99468,-3.00779,1.50224,-3,-3,1.5
208.345,-2.99476,-3.00778,1.50224,-3,-3,1.5
208.355,-2.99484,-3.00778,1.50223,-3,-3,1.5
208.365,-2.99492,-3.00777,1.50223,-3,-3,1.5
208.375,-2.99501,-3.00777,1.50222,-3,-3,1.5
208.385,-2.99509,-3.00776,1.50221,-3,-3,1.5
208.395,-2.99518,-3.00776,1.5022,-3,-3,1.5
208.405,-2.99526,-3.00775,1.50219,-3,-3,1.5
208.415,-2.99535,-3.00775,1.50219,-3,-3,1.5
208.425,-2.99544,-3.00774,1.50219,-3,-3,1.5
208.435,-2.99553,-3.00774,1.50219,-3,-3,1.5
208.445,-2.99562,-3.00774,1.50219,-3,-3,1.5
208.455,-2.99571,-3.00774,1.50219,-3,-3,1.5
208.465,-2.9958,-3.00774,1.50219,-3,-3,1.5
208.475,-2.99589,-3.00774,1.5022,-3,-3,1.5
208.485,-2.99598,-3.00774,1.5022,-3,-3,1.5
208.495,-2.99607,-3.00775,1.5022,-3,-3,1.5
208.505,-2.99615,-3.00775,1.50221,-3,-3,1.5
208.515,-2.99624,-3.00776,1.50221,-3,-3,1.5
208.525,-2.99632,-3.00777,1.5022,-3,-3,1.5
208.535,-2.9964,-3.00778,1.5022,-3,-3,1.5
208.545,-2.99648,-3.00779,1.5022,-3,-3,1.5
208.555,-2.99656,-3.0078,1.5022,-3,-3,1.5
208.565,-2.99664,-3.00782,1.50219,-3,-3,1.5
208.575,-2.99671,-3.00783,1.50219,-3,-3,1.5
208.585,-2.99678,-3.00784,1.50218,-3,-3,1.5
208.595,-2.99685,-3.00786,1.50217,-3,-3,1.5
208.605,-2.99691,-3.00787,1.50217,-3,-3,1.5
208.615,-2.99698,-3.00789,1.50216,-3,-3,1.5
208.625,-2.99704,-3.0079,1.50215,-3,-3,1.5
208.635,-2.99709,-3.00792,1.50214,-3,-3,1.5
208.645,-2.99714,-3.00793,1.50213,-3,-3,1.5
208.655,-2.99719,-3.00795,1.50212,-3,-3,1.5
208.665,-2.99723,-3.00796,1.50212,-3,-3,1.5
208.675,-2.99727,-3.00798,1.50211,-3,-3,1.5
208.685,-2.9973,-3.00799,1.5021,-3,-3,1.5
208.695,-2.99733,-3.00801,1.50209,-3,-3,1.5
208.705,-2.99736,-3.00802,1.50209,-3,-3,1.5
208.715,-2.99738,-3.00804,1.50208,-3,-3,1.5
208.725,-2.9974,-3.00805,1.50207,-3,-3,1.5
208.735,-2.99741,-3.00807,1.50207,-3,-3,1.5
208.745,-2.99742,-3.00809,1.50206,-3,-3,1.5
208.755,-2.99742,-3.0081,1.50206,-3,-3,1.5
208.765,-2.99742,-3.00812,1.50206,-3,-3,1.5
208.775,-2.99742,-3.00814,1.50205,-3,-3,1.5
208.785,-2.99741,-3.00815,1.50205,-3,-3,1.5
208.795,-2.9974,-3.00817,1.50205,-3,-3,1.5
208.805,-2.99738,-3.00819,1.50204,-3,-3,1.5
208.815,-2.99736,-3.00821,1.50204,-3,-3,1.5
208.825,-2.99734,-3.00822,1.50204,-3,-3,1.5
208.835,-2.99731,-3.00824,1.50204,-3,-3,1.5
208.844,-2.99728,-3.00826,1.50204,-3,-3,1.5
208.854,-2.99724,-3.00828,1.50204,-3,-3,1.5
208.864,-2.99721,-3.0083,1.50205,-3,-3,1.5
208.874,-2.99717,-3.00831,1.50206,-3,-3,1.5
208.884,-2.99713,-3.00833,1.50207,-3,-3,1.5
208.894,-2.99708,-3.00835,1.50207,-3,-3,1.5
208.904,-2.99703,-3.00837,1.50208,-3,-3,1.5
208.914,-2.99698,-3.00839,1.50209,-3,-3,1.5
208.924,-2.99693,-3.0084,1.5021,-3,-3,1.5
208.934,-2.99688,-3.00842,1.50211,-3,-3,1.5
208.944,-2.99683,-3.00844,1.50213,-3,-3,1.5
208.954,-2.99677,-3.00845,1.50214,-3,-3,1.5
208.964,-2.99672,-3.00847,1.50216,-3,-3,1.5
208.974,-2.99666,-3.00848,1.50219,-3,-3,1.5
208.984,-2.99661,-3.0085,1.50221,-3,-3,1.5
208.994,-2.99655,-3.00851,1.50224,-3,-3,1.5
209.004,-2.9965,-3.00852,1.50228,-3,-3,1.5
209.014,-2.99644,-3.00854,1.50231,-3,-3,1.5
209.024,-2.99638,-3.00855,1.50234,-3,-3,1.5
209.034,-2.99633,-3.00856,1.50238,-3,-3,1.5
209.044,-2.99627,-3.00858,1.5024,-3,-3,1.5
209.054,-2.99622,-3.00859,1.50243,-3,-3,1.5
209.064,-2.99616,-3.0086,1.50245,-3,-3,1.5
209.074,-2.99611,-3.00861,1.50247,-3,-3,1.5
209.084,-2.99605,-3.00862,1.50249,-3,-3,1.5
209.094,-2.99599,-3.00863,1.50252,-3,-3,1.5
209.104,-2.99593,-3.00864,1.50255,-3,-3,1.5
209.114,-2.99587,-3.00865,1.50258,-3,-3,1.5
209.124,-2.99581,-3.00866,1.5026,-3,-3,1.5
209.134,-2.99575,-3.00867,1.50262,-3,-3,1.5
209.144,-2.99568,-3.00867,1.50264,-3,-3,1.5
209.154,-2.99562,-3.00868,1.50266,-3,-3,1.5
209.164,-2.99555,-3.00869,1.5027,-3,-3,1.5
209.174,-2.99548,-3.00869,1.50273,-3,-3,1.5
209.184,-2.99541,-3.0087,1.50277,-3,-3,1.5
209.194,-2.99534,-3.00871,1.5028,-3,-3,1.5
209.204,-2.99526,-3.00871,1.50283,-3,-3,1.5
209.214,-2.99519,-3.00872,1.50286,-3,-3,1.5
209.224,-2.99511,-3.00872,1.50288,-3,-3,1.5
209.234,-2.99504,-3.00873,1.5029,-3,-3,1.5
209.244,-2.99496,-3.00873,1.50291,-3,-3,1.5
209.254,-2.99489,-3.00873,1.50293,-3,-3,1.5
209.264,-2.99481,-3.00874,1.50295,-3,-3,1.5
209.274,-2.99474,-3.00874,1.50296,-3,-3,1.5
209.284,-2.99466,-3.00874,1.50298,-3,-3,1.5
209.294,-2.99458,-3.00875,1.503,-3,-3,1.5
209.304,-2.99451,-3.00875,1.50303,-3,-3,1.5
209.314,-2.99443,-3.00875,1.50306,-3,-3,1.5
209.324,-2.99436,-3.00876,1.50309,-3,-3,1.5
209.334,-2.99428,-3.00876,1.50311,-3,-3,1.5
209.344,-2.99421,-3.00876,1.50313,-3,-3,1.5
209.354,-2.99414,-3.00876,1.50316,-3,-3,1.5
209.364,-2.99406,-3.00877,1.50318,-3,-3,1.5
209.374,-2.99399,-3.00877,1.5032,-3,-3,1.5
209.384,-2.99391,-3.00877,1.50322,-3,-3,1.5
209.394,-2.99384,-3.00877,1.50325,-3,-3,1.5
209.404,-2.99377,-3.00877,1.50327,-3,-3,1.5
209.414,-2.99369,-3.00877,1.50329,-3,-3,1.5
209.424,-2.99362,-3.00876,1.5033,-3,-3,1.5
209.434,-2.99354,-3.00876,1.50331,-3,-3,1.5
209.444,-2.99346,-3.00876,1.50332,-3,-3,1.5
209.454,-2.99338,-3.00875,1.50333,-3,-3,1.5
209.464,-2.99331,-3.00875,1.50333,-3,-3,1.5
209.474,-2.99323,-3.00874,1.50333,-3,-3,1.5
209.484,-2.99315,-3.00874,1.50334,-3,-3,1.5
209.494,-2.99307,-3.00874,1.50333,-3,-3,1.5
209.504,-2.99299,-3.00873,1.50333,-3,-3,1.5
209.514,-2.99291,-3.00873,1.50333,-3,-3,1.5
209.524,-2.99283,-3.00872,1.50332,-3,-3,1.5
209.534,-2.99275,-3.00872,1.50332,-3,-3,1.5
209.544,-2.99266,-3.00871,1.50332,-3,-3,1.5
209.554,-2.99258,-3.00871,1.50331,-3,-3,1.5
209.564,-2.9925,-3.0087,1.5033,-3,-3,1.5
209.574,-2.99242,-3.0087,1.50329,-3,-3,1.5
209.584,-2.99234,-3.0087,1.50328,-3,-3,1.5
209.594,-2.99225,-3.0087,1.50326,-3,-3,1.5
209.604,-2.99217,-3.00869,1.50326,-3,-3,1.5
209.614,-2.99209,-3.00869,1.50326,-3,-3,1.5
209.624,-2.99201,-3.00869,1.50326,-3,-3,1.5
209.634,-2.99193,-3.00869,1.50327,-3,-3,1.5
209.644,-2.99184,-3.00869,1.50328,-3,-3,1.5
209.654,-2.99176,-3.00869,1.50329,-3,-3,1.5
209.664,-2.99168,-3.00869,1.5033,-3,-3,1.5
209.674,-2.99161,-3.00869,1.5033,-3,-3,1.5
209.684,-2.99153,-3.00869,1.5033,-3,-3,1.5
209.694,-2.99145,-3.00869,1.50331,-3,-3,1.5
209.704,-2.99137,-3.00869,1.50331,-3,-3,1.5
209.714,-2.99129,-3.00869,1.50331,-3,-3,1.5
209.724,-2.99122,-3.00869,1.50332,-3,-3,1.5
209.734,-2.99114,-3.00869,1.50332,-3,-3,1.5
209.744,-2.99106,-3.00869,1.50333,-3,-3,1.5
209.754,-2.99098,-3.0087,1.50333,-3,-3,1.5
209.764,-2.9909,